# ATMO pressure-temperature profile
# Effective temperature = 500.0K
# log(g) = 5.0cm/s^2
# M/H = 0.0
# Optical depth grid in band 17 (1.20-1.33microns)
# All parameters in cgs units
#
# Model Level      Optical Depth    Pressure         Temperature      Density          Number Density   Rad Flux         Conv Flux        Radial Extension Adiabatic Gradient
#                                   [Ba]             [K]              [g/cm^3]         [/cm^3]          [ergs/s/cm^2/sr] [ergs/s/cm^2/sr] [cm]             [K/Ba]          
  1                5.00000000E-07   1.00000000E-05   40.35321851      7.02490384E-09   1.79493060E+15   3.54355658E+06   0.00000000E+00   3.39491762E+06   0.34574461      
  2                6.19412983E-07   2.80441504E-05   56.91794754      1.39672729E-08   3.56877277E+15   3.54355658E+06   0.00000000E+00   3.37670131E+06   0.34574461      
  3                7.67344888E-07   5.03881784E-05   62.18105864      2.29714871E-08   5.86943621E+15   3.54355658E+06   0.00000000E+00   3.36422715E+06   0.34574461      
  4                9.50606773E-07   7.80549983E-05   66.09867721      3.34754569E-08   8.55330167E+15   3.54355658E+06   0.00000000E+00   3.35425012E+06   0.34574461      
  5                1.17763635E-06   1.12309065E-04   68.44336492      4.65159636E-08   1.18852767E+16   3.54355658E+06   0.00000000E+00   3.34556955E+06   0.3147937       
  6                1.45888650E-06   1.54715080E-04   71.16969490      6.16248827E-08   1.57457511E+16   3.54355658E+06   0.00000000E+00   3.33764913E+06   0.31480458      
  7                1.80730647E-06   2.07062969E-04   73.50261198      7.98579627E-08   2.04044787E+16   3.54355658E+06   0.00000000E+00   3.33018702E+06   0.31481481      
  8                2.23893819E-06   2.71261721E-04   76.86084748      1.00046502E-07   2.55628449E+16   3.54355658E+06   0.00000000E+00   3.32300467E+06   0.3148246       
  9                2.77365477E-06   3.49505098E-04   79.84990833      1.24078821E-07   3.17033338E+16   3.54355658E+06   0.00000000E+00   3.31598207E+06   0.31483408      
  10               3.43607555E-06   4.44486158E-04   83.64449091      1.50639707E-07   3.84898961E+16   3.54355658E+06   0.00000000E+00   3.30903473E+06   0.31484333      
  11               4.25669961E-06   5.59614571E-04   86.86640090      1.82623116E-07   4.66619652E+16   3.54355658E+06   0.00000000E+00   3.30209352E+06   0.31485242      
  12               5.27331001E-06   6.99384305E-04   90.92824185      2.18039738E-07   5.57112532E+16   3.54355658E+06   0.00000000E+00   3.29508918E+06   0.31486143      
  13               6.53271338E-06   8.69278991E-04   94.26951239      2.61400543E-07   6.67903566E+16   3.54355658E+06   0.00000000E+00   3.28797281E+06   0.31487043      
  14               8.09289496E-06   1.07599808E-03   98.53171664      3.09566537E-07   7.90972318E+16   3.54355658E+06   0.00000000E+00   3.28070589E+06   0.31487948      
  15               1.00256884E-05   1.32761255E-03   102.21797044     3.68181116E-07   9.40740702E+16   3.54355658E+06   0.00000000E+00   3.27325294E+06   0.31488863      
  16               1.24200832E-05   1.63387067E-03   107.09309357     4.32484942E-07   1.10505032E+17   3.54355658E+06   0.00000000E+00   3.26557807E+06   0.31489791      
  17               1.53863215E-05   2.00684510E-03   111.21894149     5.11493444E-07   1.30695590E+17   3.54355658E+06   0.00000000E+00   3.25764806E+06   0.31760079      
  18               1.90609746E-05   2.46129102E-03   116.55385538     5.98579114E-07   1.52954466E+17   3.54355658E+06   0.00000000E+00   3.24943507E+06   0.3189194       
  19               2.36132303E-05   3.01509950E-03   121.10956700     7.05735347E-07   1.80322133E+17   3.54355658E+06   0.00000000E+00   3.24091432E+06   0.3223909       
  20               2.92526829E-05   3.68999955E-03   126.99151455     8.23702984E-07   2.10463821E+17   3.54355658E+06   0.00000000E+00   3.23206249E+06   0.32325324      
  21               3.62389832E-05   4.51231302E-03   132.02731668     9.68845338E-07   2.47549049E+17   3.54355658E+06   0.00000000E+00   3.22285746E+06   0.32517898      
  22               4.48937934E-05   5.51429159E-03   138.48010379     1.12881138E-06   2.88421869E+17   3.54355658E+06   0.00000000E+00   3.21327625E+06   0.32556709      
  23               5.56155970E-05   6.73511016E-03   144.02155987     1.32567242E-06   3.38721710E+17   3.54355658E+06   0.00000000E+00   3.20329644E+06   0.32601153      
  24               6.88980457E-05   8.22266355E-03   150.98406365     1.54383339E-06   3.94463887E+17   3.54355658E+06   0.00000000E+00   3.19289833E+06   0.32594026      
  25               8.53526881E-05   1.00349716E-02   156.99555655     1.81195649E-06   4.62971895E+17   3.54355658E+06   0.00000000E+00   3.18206261E+06   0.32515209      
  26               1.05737126E-04   1.22428836E-02   164.54594028     2.10918845E-06   5.38917627E+17   3.54355658E+06   0.00000000E+00   3.17076855E+06   0.32453062      
  27               1.30989898E-04   1.49329878E-02   171.09491672     2.47416070E-06   6.32172273E+17   3.54355658E+06   0.00000000E+00   3.15899256E+06   0.32325411      
  28               1.62273687E-04   1.82102164E-02   179.16558248     2.88122570E-06   7.36183977E+17   3.54355658E+06   0.00000000E+00   3.14671805E+06   0.32246814      
  29               2.01028857E-04   2.22006079E-02   186.18763968     3.38007031E-06   8.63654139E+17   3.54355658E+06   0.00000000E+00   3.13393118E+06   0.32002852      
  30               2.49039768E-04   2.70555995E-02   194.78106945     3.93739703E-06   1.00608866E+18   3.54355658E+06   0.00000000E+00   3.12062293E+06   0.31901481      
  31               3.08516931E-04   3.29583035E-02   202.39935084     4.61550439E-06   1.17945554E+18   3.54355659E+06   0.00000000E+00   3.10677653E+06   0.31656611      
  32               3.82198786E-04   4.01292486E-02   211.39439674     5.37820524E-06   1.37497055E+18   3.54355659E+06   0.00000000E+00   3.09238364E+06   0.31556167      
  33               4.73477780E-04   4.88354656E-02   219.39369429     6.31004622E-06   1.61226724E+18   3.54355660E+06   0.00000000E+00   3.07743869E+06   0.31319568      
  34               5.86556569E-04   5.94033650E-02   228.68360695     7.36370143E-06   1.88148974E+18   3.54355660E+06   0.00000000E+00   3.06193538E+06   0.31216513      
  35               7.26641509E-04   7.22207690E-02   236.85539848     8.64372347E-06   2.20853690E+18   3.54355661E+06   0.00000000E+00   3.04586961E+06   0.31015365      
  36               9.00182369E-04   8.77648050E-02   246.20692056     1.01051369E-05   2.58193899E+18   3.54355661E+06   0.00000000E+00   3.02923770E+06   0.30931188      
  37               1.11516929E-03   1.06618664E-01   254.60143702     1.18711953E-05   3.03318029E+18   3.54355662E+06   0.00000000E+00   3.01202369E+06   0.30773502      
  38               1.38150068E-03   1.29479705E-01   264.35918549     1.38844718E-05   3.54758767E+18   3.54355662E+06   0.00000000E+00   2.99421696E+06   0.30702398      
  39               1.71143891E-03   1.57188597E-01   273.31710494     1.63033290E-05   4.16562400E+18   3.54355663E+06   0.00000000E+00   2.97580007E+06   0.30563719      
  40               2.12017497E-03   1.90766326E-01   283.68353075     1.90629302E-05   4.87072299E+18   3.54355665E+06   0.00000000E+00   2.95675343E+06   0.30496438      
  41               2.62652780E-03   2.31452650E-01   293.37841025     2.23643393E-05   5.71425801E+18   3.54355667E+06   0.00000000E+00   2.93704847E+06   0.30392233      
  42               3.25381085E-03   2.80753416E-01   304.56803784     2.61314067E-05   6.67677226E+18   3.54355669E+06   0.00000000E+00   2.91665486E+06   0.30345826      
  43               4.03090537E-03   3.40455701E-01   315.27592212     3.06120119E-05   7.82160079E+18   3.54355671E+06   0.00000000E+00   2.89554605E+06   0.30268709      
  44               4.99359024E-03   4.12663951E-01   327.83603026     3.56830459E-05   9.11728834E+18   3.54355670E+06   0.00000000E+00   2.87369814E+06   0.30223363      
  45               6.18618926E-03   4.99850922E-01   340.37345931     4.16300447E-05   1.06367916E+19   3.54355664E+06   0.00000000E+00   2.85107686E+06   0.30160067      
  46               7.66361189E-03   6.04957518E-01   355.00728770     4.83069580E-05   1.23427931E+19   3.54355650E+06   0.00000000E+00   2.82763880E+06   0.30128001      
  47               9.49388141E-03   7.31482397E-01   369.82753675     5.60694972E-05   1.43261823E+19   3.54355619E+06   0.00000000E+00   2.80332752E+06   0.30086051      
  48               1.17612668E-02   8.83484895E-01   387.23353859     6.46769426E-05   1.65254009E+19   3.54355565E+06   0.00000000E+00   2.77808614E+06   0.30060634      
  49               1.45701627E-02   1.06570301E+00   405.56655476     7.44898993E-05   1.90326780E+19   3.54355484E+06   0.00000000E+00   2.75183379E+06   0.30031923      
  50               1.80498959E-02   1.28344360E+00   427.04664477     8.51970981E-05   2.17684404E+19   3.54354193E+06   0.00000000E+00   2.72450136E+06   0.30014889      
  51               2.23606798E-02   1.54251230E+00   450.09173503     9.71518136E-05   2.48229525E+19   3.54034605E+06   3.19873405E+03   2.69602548E+06   0.29994715      
  52               2.77009907E-02   1.84932394E+00   476.49441886     1.10021358E-04   2.81113054E+19   3.52100638E+06   2.25369245E+04   2.66634931E+06   0.29979394      
  53               3.43167066E-02   2.21219280E+00   501.47254000     1.25065574E-04   3.19522656E+19   3.49830656E+06   4.52398468E+04   2.63541389E+06   0.29959131      
  54               4.25124273E-02   2.64063081E+00   530.15531559     1.41210461E-04   3.60769991E+19   3.48192379E+06   6.16254253E+04   2.60317458E+06   0.29944554      
  55               5.26654988E-02   3.14550879E+00   557.21512801     1.60040642E-04   4.08878095E+19   3.47142759E+06   7.21265152E+04   2.56959016E+06   0.29926027      
  56               6.52433875E-02   3.73845589E+00   588.28384483     1.80163808E-04   4.60289617E+19   3.46573500E+06   7.78246856E+04   2.53467074E+06   0.29907222      
  57               8.08252026E-02   4.43394895E+00   617.46821924     2.03581439E-04   5.20118041E+19   3.46615234E+06   7.74155751E+04   2.49835542E+06   0.29879365      
  58               1.00128360E-01   5.24792425E+00   651.02537188     2.28534373E-04   5.83869088E+19   3.46263286E+06   8.09434400E+04   2.46061850E+06   0.29855306      
  59               1.24041612E-01   6.19805270E+00   682.40717799     2.57497653E-04   6.57866116E+19   3.45058683E+06   9.29981186E+04   2.42145154E+06   0.29815413      
  60               1.53665970E-01   7.30233714E+00   718.41510399     2.88169189E-04   7.36227889E+19   3.41671822E+06   1.26870882E+05   2.38091277E+06   0.29774586      
  61               1.90365394E-01   8.58400070E+00   751.89154489     3.23664562E-04   8.26914073E+19   3.36538879E+06   1.78206011E+05   2.33894628E+06   0.29711367      
  62               2.35829593E-01   1.00723635E+01   790.44793064     3.61258586E-04   9.22962300E+19   3.29426854E+06   2.49328231E+05   2.29541993E+06   0.29654804      
  63               2.92151824E-01   1.18013741E+01   826.32509518     4.04894240E-04   1.03444517E+20   3.22101565E+06   3.22584837E+05   2.25021166E+06   0.29568863      
  64               3.61925265E-01   1.38040587E+01   867.65260115     4.51048156E-04   1.15235626E+20   3.15500467E+06   3.88598283E+05   2.20334859E+06   0.29491643      
  65               4.48362417E-01   1.61135949E+01   905.81895037     5.04330066E-04   1.28847762E+20   3.11894799E+06   4.24660460E+05   2.15492507E+06   0.29377352      
  66               5.55443005E-01   1.87744353E+01   949.69113754     5.60464123E-04   1.43189225E+20   3.12270881E+06   4.20903487E+05   2.10487698E+06   0.29280866      
  67               6.88097217E-01   2.18321941E+01   990.06656688     6.25167584E-04   1.59719826E+20   3.16968128E+06   3.73935806E+05   2.05321974E+06   0.29139169      
  68               8.52432700E-01   2.53306343E+01   1036.30226079    6.92986711E-04   1.77045731E+20   3.25335943E+06   2.90258973E+05   2.00006842E+06   0.2902194       
  69               1.05601576E+00   2.93086626E+01   1078.40801234    7.70534410E-04   1.96851503E+20   3.37294006E+06   1.70680615E+05   1.94562929E+06   0.28854209      
  70               1.30821975E+00   3.38198483E+01   1126.43436948    8.51224509E-04   2.17466118E+20   3.51341696E+06   3.01953287E+04   1.88992705E+06   0.28723121      
  71               1.62065660E+00   3.89574842E+01   1170.26287480    9.43811334E-04   2.41120044E+20   3.54412684E+06   0.00000000E+00   1.83260804E+06   0.28540138      
  72               2.00771148E+00   4.48182651E+01   1214.90248436    1.04590177E-03   2.67201850E+20   3.54356520E+06   0.00000000E+00   1.77361952E+06   0.28391634      
  73               2.48720511E+00   5.14868850E+01   1255.69424495    1.16249314E-03   2.96987762E+20   3.54356565E+06   0.00000000E+00   1.71314180E+06   0.28221819      
  74               3.08121427E+00   5.90337349E+01   1299.15634883    1.28830416E-03   3.29127886E+20   3.54356585E+06   0.00000000E+00   1.65147358E+06   0.28077658      
  75               3.81708825E+00   6.75435169E+01   1340.33860214    1.42873885E-03   3.65001782E+20   3.54356572E+06   0.00000000E+00   1.58874968E+06   0.27906844      
  76               4.72870805E+00   7.71581028E+01   1385.42186720    1.57902847E-03   4.03390199E+20   3.54356555E+06   0.00000000E+00   1.52473793E+06   0.27758865      
  77               5.85804632E+00   8.80248119E+01   1429.28241423    1.74616153E-03   4.46080147E+20   3.54356533E+06   0.00000000E+00   1.45929519E+06   0.2758072       
  78               7.25709989E+00   1.00283479E+02   1477.71853483    1.92415966E-03   4.91545258E+20   3.54356513E+06   0.00000000E+00   1.39241747E+06   0.27418478      
  79               8.99028379E+00   1.14021916E+02   1525.55078027    2.11916713E-03   5.41361675E+20   3.54356538E+06   0.00000000E+00   1.32438203E+06   0.27229451      
  80               1.11373970E+01   1.29274090E+02   1578.36555018    2.32222596E-03   5.93239055E+20   3.54356923E+06   0.00000000E+00   1.25562793E+06   0.27060115      
  81               1.37972966E+01   1.46114329E+02   1631.11181696    2.53983527E-03   6.48835961E+20   3.37340709E+06   1.70165331E+05   1.18628609E+06   0.26872851      
  82               1.70924493E+01   1.64588756E+02   1684.20199637    2.77074397E-03   7.07834659E+20   3.16340399E+06   3.80167354E+05   1.11664380E+06   0.26705766      
  83               2.11745701E+01   1.84687010E+02   1736.42143511    3.01702721E-03   7.70383642E+20   2.93850189E+06   6.05068551E+05   1.04712182E+06   0.26523805      
  84               2.62316072E+01   2.06477169E+02   1788.59774395    3.27456440E-03   8.36151932E+20   2.71863206E+06   8.24937506E+05   9.77795726E+05   0.26361154      
  85               3.24963962E+01   2.30081034E+02   1839.98980336    3.54698473E-03   9.05714340E+20   2.49524087E+06   1.04832772E+06   9.08536241E+05   0.26183135      
  86               4.02573794E+01   2.55517822E+02   1891.23268804    3.83253310E-03   9.78592922E+20   2.26186500E+06   1.28170251E+06   8.39545165E+05   0.26026853      
  87               4.98718870E+01   2.82632580E+02   1941.19063511    4.13089436E-03   1.05458084E+21   2.00853331E+06   1.53511170E+06   7.71397821E+05   0.25856367      
  88               6.17825886E+01   3.10939503E+02   1989.70526919    4.43550562E-03   1.13191285E+21   1.80449483E+06   1.73913287E+06   7.05266016E+05   0.25709272      
  89               7.65378750E+01   3.42386107E+02   2039.30629922    4.77074388E-03   1.21607263E+21   1.61383930E+06   1.92972434E+06   6.36899345E+05   0.25550942      
  90               9.48171070E+01   3.74917103E+02   2087.13862109    5.10454130E-03   1.30109737E+21   1.38875198E+06   2.15481011E+06   5.70977077E+05   0.25403641      
  91               1.17461894E+02   4.07410709E+02   2131.40689237    5.43153548E-03   1.38449666E+21   1.23456356E+06   2.30899757E+06   5.09266569E+05   0.2525035       
  92               1.45514845E+02   4.44510811E+02   2178.82927933    5.79688991E-03   1.47769555E+21   1.08782666E+06   2.45603998E+06   4.43148981E+05   0.2511552       
  93               1.80267568E+02   4.79797382E+02   2220.77615112    6.14017977E-03   1.56487239E+21   8.86462268E+05   2.65718587E+06   3.84001386E+05   0.24965476      
  94               2.23320145E+02   5.11305316E+02   2256.32532775    6.44005335E-03   1.64136221E+21   7.62664202E+05   2.78089459E+06   3.33895901E+05   0.24840383      
  95               2.76654794E+02   5.47886395E+02   2295.20226456    6.78366794E-03   1.72900159E+21   7.08993435E+05   2.84159423E+06   2.78550700E+05   0.24721263      
  96               3.42727143E+02   5.90459552E+02   2338.05622829    7.17691275E-03   1.82919936E+21   6.02817328E+05   2.94074112E+06   2.17533786E+05   0.24594558      
  97               4.24579284E+02   6.25023577E+02   2370.77591717    7.49886227E-03   1.90955307E+21   4.58712150E+05   3.08484539E+06   1.70412143E+05   0.24447876      
  98               5.25979842E+02   6.50983704E+02   2394.50616298    7.73257343E-03   1.96915543E+21   3.86453829E+05   3.15710339E+06   1.36320530E+05   0.24333547      
  99               6.51597486E+02   6.81950850E+02   2421.59986801    8.00948070E-03   2.03974807E+21   3.68516154E+05   3.17697319E+06   9.69712094E+04   0.24244566      
  100              8.07215886E+02   7.18973807E+02   2452.87708965    8.33625548E-03   2.12306417E+21   3.50111383E+05   3.19387071E+06   5.16622827E+04   0.24141421      
  101              1.00000000E+03   7.63023473E+02   2488.16822999    8.72103384E-03   2.22118124E+21   3.39378454E+05   3.20659525E+06   0.00000000E+00   0.24023199      
