# ATMO pressure-temperature profile
# Effective temperature = 1100.0K
# log(g) = 2.5cm/s^2
# M/H = 0.0
# Optical depth grid in band 17 (1.20-1.33microns)
# All parameters in cgs units
#
# Model Level      Optical Depth    Pressure         Temperature      Density          Number Density   Rad Flux         Conv Flux        Radial Extension Adiabatic Gradient
#                                   [Ba]             [K]              [g/cm^3]         [/cm^3]          [ergs/s/cm^2/sr] [ergs/s/cm^2/sr] [cm]             [K/Ba]          
  1                5.00000000E-04   1.00000000E-05   302.28970130     9.37893074E-10   2.39608648E+14   8.30127779E+07   0.00000000E+00   1.44925991E+09   0.30168368      
  2                5.78069831E-04   1.03964320E-04   377.09046316     7.81653576E-09   1.99693812E+15   8.30127779E+07   0.00000000E+00   1.33951633E+09   0.29824432      
  3                6.68329458E-04   2.01940882E-04   402.37596467     1.42287647E-08   3.63511418E+15   8.30127779E+07   0.00000000E+00   1.31013770E+09   0.29996286      
  4                7.72682194E-04   3.09726738E-04   432.91632688     2.02839594E-08   5.18203776E+15   8.30127779E+07   0.00000000E+00   1.29007437E+09   0.29965292      
  5                8.93328530E-04   4.29518193E-04   449.00303975     2.71212842E-08   6.92880154E+15   8.30127779E+07   0.00000000E+00   1.27392356E+09   0.29955375      
  6                1.03281254E-03   5.64723794E-04   463.46739986     3.45457662E-08   8.82556941E+15   8.30127779E+07   0.00000000E+00   1.25995530E+09   0.29945314      
  7                1.19407555E-03   7.18001279E-04   474.45497503     4.29050230E-08   1.09611483E+16   8.30127779E+07   0.00000000E+00   1.24736527E+09   0.29940226      
  8                1.38051810E-03   8.92173438E-04   486.17048849     5.20281763E-08   1.32918838E+16   8.30127779E+07   0.00000000E+00   1.23570777E+09   0.29932891      
  9                1.59607173E-03   1.09037432E-03   495.31756675     6.24122426E-08   1.59447503E+16   8.30127779E+07   0.00000000E+00   1.22470882E+09   0.29929173      
  10               1.84528182E-03   1.31614965E-03   505.72424587     7.37852218E-08   1.88502596E+16   8.30127779E+07   0.00000000E+00   1.21418782E+09   0.29922742      
  11               2.13340350E-03   1.57348357E-03   514.09221752     8.67758897E-08   2.21690470E+16   8.30127779E+07   0.00000000E+00   1.20401801E+09   0.29919413      
  12               2.46651240E-03   1.86695999E-03   524.15214366     1.00984687E-07   2.57990363E+16   8.30127779E+07   0.00000000E+00   1.19410408E+09   0.29913122      
  13               2.85163282E-03   2.20178827E-03   532.31931018     1.17268458E-07   2.99591282E+16   8.30127779E+07   0.00000000E+00   1.18437428E+09   0.29909713      
  14               3.29688580E-03   2.58388668E-03   542.33838421     1.35076871E-07   3.45087287E+16   8.30127779E+07   0.00000000E+00   1.17477378E+09   0.29903007      
  15               3.81166043E-03   3.01995594E-03   550.55780445     1.55516175E-07   3.97304536E+16   8.30127779E+07   0.00000000E+00   1.16525947E+09   0.29899372      
  16               4.40681180E-03   3.51758138E-03   560.84024821     1.77820920E-07   4.54287534E+16   8.30127779E+07   0.00000000E+00   1.15579659E+09   0.29891965      
  17               5.09488990E-03   4.08533066E-03   569.37444746     2.03426305E-07   5.19702828E+16   8.30127779E+07   0.00000000E+00   1.14635681E+09   0.29887696      
  18               5.89040429E-03   4.73287691E-03   580.11155878     2.31308480E-07   5.90934751E+16   8.30127779E+07   0.00000000E+00   1.13691683E+09   0.29879258      
  19               6.81013002E-03   5.47103614E-03   589.27614120     2.63225881E-07   6.72475653E+16   8.30127779E+07   0.00000000E+00   1.12745685E+09   0.29874123      
  20               7.87346142E-03   6.31189407E-03   600.89480002     2.97809894E-07   7.60829066E+16   8.30127779E+07   0.00000000E+00   1.11795980E+09   0.29863889      
  21               9.10282102E-03   7.26898633E-03   610.94995161     3.37323096E-07   8.61775329E+16   8.30127779E+07   0.00000000E+00   1.10841073E+09   0.29857347      
  22               1.05241324E-02   8.35751405E-03   623.45357448     3.80058897E-07   9.70954404E+16   8.30127779E+07   0.00000000E+00   1.09879702E+09   0.29845103      
  23               1.21673669E-02   9.59491324E-03   634.41117274     4.28793429E-07   1.09545885E+17   8.30127779E+07   0.00000000E+00   1.08910397E+09   0.29836821      
  24               1.40671754E-02   1.10011018E-02   647.96382953     4.81352831E-07   1.22973422E+17   8.30127779E+07   0.00000000E+00   1.07931611E+09   0.29820672      
  25               1.62636194E-02   1.25981009E-02   660.16794707     5.41039181E-07   1.38221782E+17   8.30127779E+07   0.00000000E+00   1.06942014E+09   0.29814572      
  26               1.88030155E-02   1.44103598E-02   675.15406828     6.05133135E-07   1.54595830E+17   8.30127779E+07   0.00000000E+00   1.05940445E+09   0.29797221      
  27               2.17389119E-02   1.64645923E-02   688.91473458     6.77585950E-07   1.73105692E+17   8.30127779E+07   0.00000000E+00   1.04925969E+09   0.29781374      
  28               2.51332183E-02   1.87898929E-02   705.63681128     7.54961261E-07   1.92871880E+17   8.30127779E+07   0.00000000E+00   1.03897870E+09   0.29755173      
  29               2.90575105E-02   2.14172856E-02   721.35127428     8.41780815E-07   2.15051989E+17   8.30127779E+07   0.00000000E+00   1.02855641E+09   0.29733809      
  30               3.35945403E-02   2.43796251E-02   740.29504488     9.33696069E-07   2.38532753E+17   8.30127779E+07   0.00000000E+00   1.01798987E+09   0.29700249      
  31               3.88399805E-02   2.77111303E-02   758.45209062     1.03587903E-06   2.64637830E+17   8.30127779E+07   0.00000000E+00   1.00727755E+09   0.29672798      
  32               4.49044419E-02   3.14512221E-02   779.86050185     1.14341178E-06   2.92110010E+17   8.30127779E+07   0.00000000E+00   9.96410135E+08   0.29632313      
  33               5.19158062E-02   3.56463754E-02   800.53071101     1.26246144E-06   3.22524877E+17   8.30127779E+07   0.00000000E+00   9.85368396E+08   0.29598626      
  34               6.00219227E-02   4.03447064E-02   824.64325749     1.38707023E-06   3.54361300E+17   8.30127779E+07   0.00000000E+00   9.74140835E+08   0.29547367      
  35               6.93937253E-02   4.55934269E-02   848.31094960     1.52377738E-06   3.89289780E+17   8.30127779E+07   0.00000000E+00   9.62724056E+08   0.29497595      
  36               8.02288381E-02   5.14375715E-02   875.71662748     1.66527490E-06   4.25444291E+17   8.30127779E+07   0.00000000E+00   9.51122463E+08   0.2942463       
  37               9.27557418E-02   5.79168837E-02   902.93737149     1.81851694E-06   4.64593787E+17   8.30127779E+07   0.00000000E+00   9.39348345E+08   0.29358454      
  38               1.07238592E-01   6.50624819E-02   934.65623883     1.97347889E-06   5.04201991E+17   8.29653421E+07   4.74363180E+04   9.27420448E+08   0.29272371      
  39               1.23982789E-01   7.29223817E-02   965.93290270     2.14019388E-06   5.46814125E+17   8.27693550E+07   2.43422919E+05   9.15326323E+08   0.29190573      
  40               1.43341420E-01   8.15737854E-02   998.44617429     2.31607026E-06   5.91768438E+17   8.24624596E+07   5.50318533E+05   9.03038232E+08   0.29091325      
  41               1.65722701E-01   9.10884912E-02   1030.51115455    2.50568696E-06   6.40230929E+17   8.20556830E+07   9.57278367E+05   8.90548408E+08   0.28993909      
  42               1.91598587E-01   1.01533527E-01   1063.87233175    2.70537901E-06   6.91266955E+17   8.15478801E+07   1.46492006E+06   8.77862176E+08   0.28872843      
  43               2.21514726E-01   1.12973865E-01   1096.62282644    2.92027552E-06   7.46185053E+17   8.09427350E+07   2.07004284E+06   8.64991155E+08   0.28775312      
  44               2.56101960E-01   1.25471922E-01   1130.70572575    3.14554787E-06   8.03753356E+17   8.02298041E+07   2.78297448E+06   8.51951006E+08   0.28654618      
  45               2.96089634E-01   1.39119208E-01   1164.04312819    3.38777904E-06   8.65653050E+17   7.94153291E+07   3.59744905E+06   8.38730726E+08   0.28559355      
  46               3.42320969E-01   1.54041479E-01   1198.94504679    3.64194788E-06   9.30602555E+17   7.84793404E+07   4.53343886E+06   8.25296563E+08   0.28430759      
  47               3.95770849E-01   1.70359939E-01   1233.07294542    3.91627300E-06   1.00070149E+18   7.74036076E+07   5.60917080E+06   8.11632625E+08   0.28318974      
  48               4.57566375E-01   1.88191406E-01   1268.91517614    4.20397967E-06   1.07421951E+18   7.61527998E+07   6.85998072E+06   7.97735646E+08   0.28164059      
  49               5.29010634E-01   2.07651212E-01   1303.78924213    4.51460947E-06   1.15359381E+18   7.47378279E+07   8.27495078E+06   7.83610328E+08   0.28029204      
  50               6.11610175E-01   2.28855721E-01   1340.45991589    4.83950987E-06   1.23661293E+18   7.31687530E+07   9.84402896E+06   7.69264761E+08   0.27873328      
  51               7.07106781E-01   2.51920916E-01   1375.96904865    5.18981704E-06   1.32611566E+18   7.14978564E+07   1.15149233E+07   7.54710802E+08   0.27780127      
  52               8.17514195E-01   2.76994662E-01   1413.49281415    5.55501452E-06   1.41939619E+18   6.97388464E+07   1.32739378E+07   7.39943447E+08   0.27651634      
  53               9.45160584E-01   3.04259362E-01   1449.72232107    5.94949845E-06   1.52014482E+18   6.79054189E+07   1.51073619E+07   7.24945867E+08   0.27526932      
  54               1.09273764E+00   3.33831754E-01   1488.03559988    6.36165251E-06   1.62495060E+18   6.59174512E+07   1.70953389E+07   7.09744222E+08   0.27351079      
  55               1.26335732E+00   3.65696867E-01   1524.54231097    6.80225751E-06   1.73743113E+18   6.37268817E+07   1.92859085E+07   6.94426066E+08   0.27213344      
  56               1.46061751E+00   3.99569585E-01   1562.66031361    7.25145989E-06   1.85205415E+18   6.12012793E+07   2.18119451E+07   6.79174512E+08   0.2703114       
  57               1.68867783E+00   4.34954143E-01   1597.74318183    7.72202720E-06   1.97179762E+18   5.83097719E+07   2.47033517E+07   6.64220917E+08   0.26892478      
  58               1.95234742E+00   4.70656177E-01   1633.03279175    8.17812275E-06   2.08753947E+18   5.49836603E+07   2.80294753E+07   6.50013544E+08   0.26731061      
  59               2.25718628E+00   5.04491640E-01   1662.38185542    8.61842861E-06   2.19810798E+18   5.15235488E+07   3.14897706E+07   6.37267803E+08   0.26619144      
  60               2.60962258E+00   5.33919073E-01   1688.80706688    8.97830263E-06   2.28992489E+18   4.83707603E+07   3.46426424E+07   6.26688879E+08   0.26475784      
  61               3.01708817E+00   5.66125879E-01   1713.91512993    9.37988793E-06   2.39248672E+18   4.53477012E+07   3.76659314E+07   6.15590696E+08   0.26370974      
  62               3.48817529E+00   5.92018352E-01   1735.45958360    9.69625594E-06   2.47085071E+18   4.25577759E+07   4.04558965E+07   6.07003723E+08   0.2623948       
  63               4.03281780E+00   6.10524824E-01   1748.22229919    9.92609261E-06   2.52948735E+18   4.05899699E+07   4.24241920E+07   6.01038417E+08   0.26192932      
  64               4.66250061E+00   6.30754114E-01   1764.52129977    1.01600300E-05   2.58916082E+18   3.87483425E+07   4.42657713E+07   5.94668346E+08   0.26077852      
  65               5.39050188E+00   6.53072403E-01   1779.21942463    1.04324200E-05   2.65862853E+18   3.69352053E+07   4.60794032E+07   5.87813133E+08   0.26016846      
  66               6.23217301E+00   6.77799561E-01   1797.86911791    1.07147688E-05   2.73066894E+18   3.51233903E+07   4.78911021E+07   5.80417241E+08   0.25879039      
  67               7.20526240E+00   7.05073032E-01   1814.86183373    1.10412421E-05   2.81395000E+18   3.32012746E+07   4.98142224E+07   5.72487844E+08   0.25803691      
  68               8.33028963E+00   7.35030428E-01   1835.88540800    1.13780629E-05   2.89991713E+18   3.12146682E+07   5.18014580E+07   5.64035809E+08   0.25638893      
  69               9.63097823E+00   7.67766451E-01   1854.95076525    1.17621884E-05   2.99793756E+18   2.91319802E+07   5.38861588E+07   5.55087356E+08   0.25542123      
  70               1.11347559E+01   8.03285022E-01   1878.01712194    1.21544685E-05   3.09810378E+18   2.71183009E+07   5.59267814E+07   5.45693499E+08   0.25335412      
  71               1.28733329E+01   8.41871172E-01   1898.77998697    1.25983209E-05   3.21141796E+18   2.53232860E+07   5.76897003E+07   5.35832805E+08   0.25164581      
  72               1.48833708E+01   8.84217695E-01   1923.95337721    1.30578321E-05   3.32882142E+18   2.38167823E+07   5.91961938E+07   5.25392180E+08   0.25005869      
  73               1.72072553E+01   9.30619661E-01   1946.98640203    1.35794525E-05   3.46206442E+18   2.23310166E+07   6.06818731E+07   5.14372723E+08   0.24804137      
  74               1.98939903E+01   9.81387846E-01   1974.37819923    1.41200067E-05   3.60027909E+18   2.09603783E+07   6.20525646E+07   5.02778706E+08   0.24612159      
  75               2.30002312E+01   1.03685025E+00   1999.49787356    1.47289970E-05   3.75595974E+18   1.95584931E+07   6.34543794E+07   4.90616977E+08   0.24364736      
  76               2.65914795E+01   1.09737010E+00   2028.87093562    1.53607049E-05   3.91764014E+18   1.82709163E+07   6.47420298E+07   4.77893469E+08   0.24137462      
  77               3.07434641E+01   1.16333109E+00   2055.84669071    1.60679865E-05   4.09862749E+18   1.69519408E+07   6.60609284E+07   4.64616412E+08   0.2385143       
  78               3.55437382E+01   1.23516000E+00   2086.94495969    1.68024758E-05   4.28684780E+18   1.57680411E+07   6.72449121E+07   4.50792419E+08   0.23594304      
  79               4.10935254E+01   1.31330668E+00   2115.53468660    1.76206336E-05   4.49647147E+18   1.45469029E+07   6.84659723E+07   4.36430437E+08   0.23269772      
  80               4.75098546E+01   1.39827495E+00   2148.07871803    1.84715125E-05   4.71485373E+18   1.34707878E+07   6.95421779E+07   4.21536936E+08   0.22988869      
  81               5.49280272E+01   1.49059395E+00   2178.04215968    1.94151250E-05   4.95699990E+18   1.23486389E+07   7.06642418E+07   4.06120946E+08   0.22633098      
  82               6.35044707E+01   1.59085808E+00   2211.75610691    2.03982282E-05   5.20978791E+18   1.13757785E+07   7.16371805E+07   3.90188525E+08   0.22328756      
  83               7.34200373E+01   1.69968744E+00   2242.84586044    2.14843435E-05   5.48902839E+18   1.03482794E+07   7.26646019E+07   3.73748938E+08   0.2193063       
  84               8.48838171E+01   1.81777388E+00   2277.40555729    2.26185753E-05   5.78129754E+18   9.45925849E+06   7.35537155E+07   3.56809096E+08   0.21596391      
  85               9.81375475E+01   1.94573834E+00   2309.31483596    2.38682306E-05   6.10277181E+18   8.51352794E+06   7.44994678E+07   3.39392568E+08   0.21165458      
  86               1.13460711E+02   2.08441257E+00   2344.36436748    2.51737589E-05   6.43997840E+18   7.74355836E+06   7.52695383E+07   3.21502372E+08   0.2082943       
  87               1.31176428E+02   2.23476700E+00   2376.92030480    2.66059299E-05   6.80994286E+18   6.95672327E+06   7.60564937E+07   3.03130392E+08   0.20396585      
  88               1.51658271E+02   2.39778258E+00   2412.31740523    2.81097712E-05   7.19948100E+18   6.30805151E+06   7.67052388E+07   2.84280225E+08   0.20062203      
  89               1.75338142E+02   2.57444557E+00   2445.37730751    2.97538022E-05   7.62541837E+18   5.63573875E+06   7.73780580E+07   2.64962804E+08   0.19623482      
  90               2.02715380E+02   2.76586235E+00   2480.89099585    3.14846442E-05   8.07511506E+18   5.07631781E+06   7.79375011E+07   2.45185655E+08   0.19302037      
  91               2.34367291E+02   2.97318967E+00   2514.31459031    3.33695049E-05   8.56502902E+18   4.50393279E+06   7.85111438E+07   2.24958437E+08   0.18880232      
  92               2.70961321E+02   3.19771628E+00   2549.80118739    3.53590556E-05   9.08363026E+18   4.03942867E+06   7.89755358E+07   2.04288115E+08   0.18567253      
  93               3.13269130E+02   3.44076883E+00   2583.44693096    3.75181000E-05   9.64676702E+18   3.58075161E+06   7.94371282E+07   1.83185626E+08   0.18152868      
  94               3.62182865E+02   3.70384572E+00   2618.73926433    3.98029991E-05   1.02443986E+19   3.20851032E+06   7.98091352E+07   1.61657351E+08   0.17855231      
  95               4.18733975E+02   3.98848244E+00   2652.50370645    4.22738534E-05   1.08912449E+19   2.84765225E+06   8.01753986E+07   1.39714066E+08   0.17473259      
  96               4.84114957E+02   4.29636744E+00   2687.54245595    4.48939735E-05   1.15790232E+19   2.54959557E+06   8.04732078E+07   1.17364784E+08   0.17187959      
  97               5.59704502E+02   4.62922849E+00   2721.31283283    4.77185712E-05   1.23212846E+19   2.26265798E+06   8.07711275E+07   9.46227162E+07   0.16822268      
  98               6.47096573E+02   4.98894665E+00   2755.97853252    5.07186382E-05   1.31116959E+19   2.02375018E+06   8.10108956E+07   7.14999451E+07   0.16552053      
  99               7.48134013E+02   5.37744906E+00   2789.65178891    5.39424745E-05   1.39621451E+19   1.79866054E+06   8.12554896E+07   4.80117701E+07   0.16233508      
  100              8.64947405E+02   5.79679766E+00   2823.95718120    5.73679816E-05   1.48681137E+19   1.60827715E+06   8.14486514E+07   2.41732103E+07   0.15990595      
  101              1.00000000E+03   6.24914012E+00   2857.48655445    6.10388032E-05   1.58402455E+19   1.50104773E+06   8.16732004E+07   0.00000000E+00   0.15706854      
