# ATMO pressure-temperature profile
# Effective temperature = 1700.0K
# log(g) = 2.5cm/s^2
# M/H = 0.0
# Optical depth grid in band 17 (1.20-1.33microns)
# All parameters in cgs units
#
# Model Level      Optical Depth    Pressure         Temperature      Density          Number Density   Rad Flux         Conv Flux        Radial Extension Adiabatic Gradient
#                                   [Ba]             [K]              [g/cm^3]         [/cm^3]          [ergs/s/cm^2/sr] [ergs/s/cm^2/sr] [cm]             [K/Ba]          
  1                1.00000000E-04   1.00000000E-05   487.07775119     5.82077764E-10   1.48705677E+14   4.73554879E+08   0.00000000E+00   2.18930702E+09   0.29797958      
  2                1.17489755E-04   2.51197017E-05   588.06461414     1.21100196E-09   3.09396410E+14   4.73554879E+08   0.00000000E+00   2.13235865E+09   0.29717361      
  3                1.38038426E-04   4.11037881E-05   634.10850688     1.83753325E-09   4.69509201E+14   4.73554880E+08   0.00000000E+00   2.09847429E+09   0.29670842      
  4                1.62181010E-04   5.89319647E-05   662.16501811     2.52283135E-09   6.44630020E+14   4.73554880E+08   0.00000000E+00   2.07228973E+09   0.29602014      
  5                1.90546072E-04   7.91415317E-05   687.30282616     3.26400633E-09   8.34030939E+14   4.73554881E+08   0.00000000E+00   2.05001884E+09   0.29572284      
  6                2.23872114E-04   1.02186762E-04   706.14224503     4.10198703E-09   1.04816170E+15   4.73554881E+08   0.00000000E+00   2.03010255E+09   0.295943        
  7                2.63026799E-04   1.28549896E-04   725.76299345     5.02072378E-09   1.28292937E+15   4.73554881E+08   0.00000000E+00   2.01173222E+09   0.29579558      
  8                3.09029543E-04   1.58758206E-04   741.15906084     6.07175045E-09   1.55149578E+15   4.73554881E+08   0.00000000E+00   1.99443061E+09   0.29537684      
  9                3.63078055E-04   1.93408120E-04   758.38662151     7.22893896E-09   1.84718282E+15   4.73554881E+08   0.00000000E+00   1.97789165E+09   0.29524649      
  10               4.26579519E-04   2.33194408E-04   772.18056595     8.56036781E-09   2.18738437E+15   4.73554882E+08   0.00000000E+00   1.96189791E+09   0.2948126       
  11               5.01187234E-04   2.78944313E-04   788.26245007     1.00310783E-08   2.56314108E+15   4.73554882E+08   0.00000000E+00   1.94628547E+09   0.2946871       
  12               5.88843655E-04   3.31597630E-04   801.33795572     1.17299475E-08   2.99724016E+15   4.73554882E+08   0.00000000E+00   1.93093563E+09   0.29423017      
  13               6.91830971E-04   3.92231077E-04   816.95653100     1.36095102E-08   3.47751404E+15   4.73554882E+08   0.00000000E+00   1.91576013E+09   0.29410155      
  14               8.12830516E-04   4.62055776E-04   829.82941073     1.57835454E-08   4.03302970E+15   4.73554882E+08   0.00000000E+00   1.90069456E+09   0.29361273      
  15               9.54992586E-04   5.42450106E-04   845.43785730     1.81876408E-08   4.64733465E+15   4.73554882E+08   0.00000000E+00   1.88568959E+09   0.2934732       
  16               1.12201845E-03   6.34968872E-04   858.47175994     2.09664215E-08   5.35737765E+15   4.73554882E+08   0.00000000E+00   1.87070725E+09   0.2929459       
  17               1.31825674E-03   7.41374622E-04   874.37915870     2.40345078E-08   6.14134872E+15   4.73554882E+08   0.00000000E+00   1.85571782E+09   0.29279007      
  18               1.54881662E-03   8.63647605E-04   887.82134666     2.75745225E-08   7.04590575E+15   4.73554882E+08   0.00000000E+00   1.84069820E+09   0.29222034      
  19               1.81970086E-03   1.00402404E-03   904.22101066     3.14750243E-08   8.04257943E+15   4.73554881E+08   0.00000000E+00   1.82563014E+09   0.29204366      
  20               2.13796209E-03   1.16500087E-03   918.25131837     3.59634209E-08   9.18947138E+15   4.73554881E+08   0.00000000E+00   1.81049976E+09   0.29142494      
  21               2.51188643E-03   1.34945318E-03   935.31291262     4.08975072E-08   1.04502512E+16   4.73554881E+08   0.00000000E+00   1.79529060E+09   0.29121928      
  22               2.95120923E-03   1.56081222E-03   950.03635715     4.65699931E-08   1.18997071E+16   4.73554880E+08   0.00000000E+00   1.77997552E+09   0.29054425      
  23               3.46736850E-03   1.80297288E-03   967.88530823     5.28032620E-08   1.34924599E+16   4.73554879E+08   0.00000000E+00   1.76453293E+09   0.29030169      
  24               4.07380278E-03   2.08029577E-03   983.46207192     5.99601562E-08   1.53212186E+16   4.73554878E+08   0.00000000E+00   1.74894731E+09   0.2895637       
  25               4.78630092E-03   2.39767452E-03   1002.26551467    6.78113664E-08   1.73273952E+16   4.73554877E+08   0.00000000E+00   1.73320766E+09   0.28927497      
  26               5.62341325E-03   2.76053342E-03   1018.88293200    7.68004263E-08   1.96243175E+16   4.73554875E+08   0.00000000E+00   1.71730738E+09   0.28846306      
  27               6.60693448E-03   3.17488302E-03   1038.89427001    8.66265640E-08   2.21351371E+16   4.73554873E+08   0.00000000E+00   1.70124316E+09   0.28811825      
  28               7.76247117E-03   3.64728712E-03   1056.85552148    9.78247855E-08   2.49965558E+16   4.73554870E+08   0.00000000E+00   1.68501521E+09   0.28722258      
  29               9.12010839E-03   4.18493433E-03   1078.33890087    1.10008885E-07   2.81098944E+16   4.73554867E+08   0.00000000E+00   1.66862596E+09   0.28680494      
  30               1.07151931E-02   4.79554056E-03   1097.92754834    1.23810683E-07   3.16365944E+16   4.73554864E+08   0.00000000E+00   1.65208090E+09   0.28581074      
  31               1.25892541E-02   5.48738193E-03   1121.24776311    1.38725929E-07   3.54478124E+16   4.73554860E+08   0.00000000E+00   1.63538735E+09   0.28530658      
  32               1.47910839E-02   6.26962787E-03   1142.86088322    1.55504242E-07   3.97350931E+16   4.73554856E+08   0.00000000E+00   1.61854536E+09   0.28419692      
  33               1.73780083E-02   7.15355950E-03   1168.35438197    1.73556657E-07   4.43479390E+16   4.73554852E+08   0.00000000E+00   1.60153056E+09   0.28370737      
  34               2.04173794E-02   8.15132825E-03   1192.27892992    1.93795595E-07   4.95195116E+16   4.73554849E+08   0.00000000E+00   1.58432625E+09   0.28129193      
  35               2.39883292E-02   9.27591402E-03   1220.27879752    2.15472262E-07   5.50583876E+16   4.73554845E+08   0.00000000E+00   1.56692320E+09   0.28117598      
  36               2.81838293E-02   1.05406767E-02   1246.99345621    2.39605910E-07   6.12251922E+16   4.73554842E+08   0.00000000E+00   1.54932110E+09   0.28136412      
  37               3.31131121E-02   1.19592329E-02   1278.12986746    2.65232627E-07   6.77726053E+16   4.73554841E+08   0.00000000E+00   1.53152659E+09   0.28101566      
  38               3.89045145E-02   1.35445191E-02   1308.50156600    2.93419055E-07   7.49747769E+16   4.73554841E+08   0.00000000E+00   1.51355650E+09   0.27874629      
  39               4.57088190E-02   1.53080912E-02   1343.83330541    3.22918615E-07   8.25090300E+16   4.73554843E+08   0.00000000E+00   1.49543867E+09   0.27617313      
  40               5.37031796E-02   1.72571533E-02   1379.40880265    3.54666902E-07   9.06153984E+16   4.73554835E+08   0.00000000E+00   1.47722599E+09   0.27399636      
  41               6.30957344E-02   1.93891805E-02   1423.97634897    3.86141100E-07   9.86239785E+16   4.73109324E+08   4.40663510E+05   1.45900657E+09   0.27177416      
  42               7.41310241E-02   2.16847126E-02   1467.75766467    4.19011246E-07   1.07010195E+17   4.71506054E+08   2.04073100E+06   1.44095961E+09   0.26957214      
  43               8.70963590E-02   2.41094239E-02   1510.16729166    4.53067509E-07   1.15634549E+17   4.68999207E+08   4.54069976E+06   1.42335987E+09   0.2675864       
  44               1.02329299E-01   2.65227521E-02   1549.09527180    4.86209613E-07   1.24012738E+17   4.65946059E+08   7.58724533E+06   1.40709877E+09   0.26584432      
  45               1.20226443E-01   2.88005592E-02   1583.34060212    5.17032510E-07   1.31750542E+17   4.62720848E+08   1.08091595E+07   1.39273020E+09   0.26435359      
  46               1.41253754E-01   3.09203507E-02   1613.29507180    5.44759751E-07   1.38821408E+17   4.59330565E+08   1.41982061E+07   1.38009936E+09   0.26278366      
  47               1.65958691E-01   3.32535688E-02   1644.39526911    5.74756664E-07   1.46473103E+17   4.55136076E+08   1.83915818E+07   1.36691341E+09   0.26094714      
  48               1.94984460E-01   3.58136811E-02   1676.45302442    6.07127721E-07   1.54733167E+17   4.49940377E+08   2.35861574E+07   1.35320844E+09   0.25862978      
  49               2.29086765E-01   3.86103036E-02   1709.28271596    6.41909066E-07   1.63612000E+17   4.43600950E+08   2.99239867E+07   1.33904208E+09   0.25598422      
  50               2.69153480E-01   4.16394887E-02   1742.53890199    6.78982008E-07   1.73080741E+17   4.36030229E+08   3.74906358E+07   1.32453228E+09   0.2530004       
  51               3.16227766E-01   4.48403018E-02   1775.36823814    7.17555101E-07   1.82938840E+17   4.27478022E+08   4.60403593E+07   1.31003103E+09   0.24971071      
  52               3.71535229E-01   4.82090737E-02   1807.63367690    7.57563660E-07   1.93172012E+17   4.18595316E+08   5.49471589E+07   1.29558207E+09   0.24616056      
  53               4.36515832E-01   5.19147265E-02   1840.73986479    8.00954614E-07   2.04279126E+17   4.09105520E+08   6.44541135E+07   1.28053841E+09   0.24230398      
  54               5.12861384E-01   5.59897982E-02   1874.56608768    8.48018669E-07   2.16338585E+17   3.98598813E+08   7.49665737E+07   1.26490220E+09   0.23802063      
  55               6.02559586E-01   6.04689868E-02   1909.00492419    8.99052775E-07   2.29430675E+17   3.86875883E+08   8.66924071E+07   1.24868009E+09   0.23324525      
  56               7.07945784E-01   6.53908171E-02   1943.89497022    9.54414176E-07   2.43651903E+17   3.73812520E+08   9.97566526E+07   1.23187775E+09   0.22807455      
  57               8.31763771E-01   7.07980881E-02   1979.14926557    1.01446315E-06   2.59100839E+17   3.59339140E+08   1.14229179E+08   1.21449990E+09   0.22260053      
  58               9.77237221E-01   7.67383546E-02   2014.62656433    1.07963005E-06   2.75894960E+17   3.43438531E+08   1.30127650E+08   1.19655026E+09   0.21683249      
  59               1.14815362E+00   8.32646940E-02   2050.23973575    1.15036754E-06   2.94158962E+17   3.26163221E+08   1.47399922E+08   1.17803117E+09   0.2106832       
  60               1.34896288E+00   9.04380796E-02   2085.82170825    1.22725557E-06   3.14050861E+17   3.07714204E+08   1.65844904E+08   1.15893945E+09   0.2043738       
  61               1.58489319E+00   9.83266849E-02   2121.36360657    1.31084490E-06   3.35723794E+17   2.88366507E+08   1.85187761E+08   1.13927127E+09   0.19819288      
  62               1.86208714E+00   1.07005668E-01   2156.79178238    1.40177781E-06   3.59355588E+17   2.68388674E+08   2.05160189E+08   1.11902424E+09   0.19216121      
  63               2.18776162E+00   1.16557688E-01   2192.10347783    1.50070328E-06   3.85128549E+17   2.48015058E+08   2.25527543E+08   1.09819773E+09   0.18615133      
  64               2.57039578E+00   1.27073768E-01   2227.17399870    1.60842175E-06   4.13264024E+17   2.27505958E+08   2.46029587E+08   1.07679274E+09   0.18030619      
  65               3.01995172E+00   1.38653636E-01   2262.05325113    1.72566503E-06   4.43970668E+17   2.07108801E+08   2.66418993E+08   1.05481239E+09   0.17474052      
  66               3.54813389E+00   1.51405882E-01   2296.65784381    1.85332332E-06   4.77498805E+17   1.86992566E+08   2.86527741E+08   1.03226261E+09   0.16919946      
  67               4.16869383E+00   1.65445924E-01   2330.93081497    1.99242679E-06   5.14105828E+17   1.67410201E+08   3.06103077E+08   1.00915668E+09   0.16381322      
  68               4.89778819E+00   1.80904360E-01   2364.84564100    2.14377940E-06   5.54079491E+17   1.48678649E+08   3.24828165E+08   9.85503246E+08   0.15878704      
  69               5.75439937E+00   1.97925620E-01   2398.45130371    2.30852351E-06   5.97718846E+17   1.31079426E+08   3.42420671E+08   9.61307189E+08   0.15429837      
  70               6.76082975E+00   2.16662619E-01   2431.80188646    2.48770822E-06   6.45329677E+17   1.14749516E+08   3.58744342E+08   9.36581787E+08   0.15014457      
  71               7.94328235E+00   2.37279835E-01   2464.86053538    2.68254484E-06   6.97259306E+17   9.97554657E+07   3.73733084E+08   9.11343082E+08   0.14622678      
  72               9.33254301E+00   2.59938505E-01   2497.62251541    2.89410457E-06   7.53823471E+17   8.61951215E+07   3.87289194E+08   8.85626451E+08   0.14261325      
  73               1.09647820E+01   2.84824134E-01   2530.08839194    3.12365597E-06   8.15392911E+17   7.42658576E+07   3.99213935E+08   8.59452449E+08   0.13933208      
  74               1.28824955E+01   3.12148424E-01   2562.31239303    3.37258998E-06   8.82378482E+17   6.40071054E+07   4.09468829E+08   8.32830144E+08   0.13631895      
  75               1.51356125E+01   3.42137097E-01   2594.28378077    3.64245231E-06   9.55231259E+17   5.52822709E+07   4.18190995E+08   8.05772585E+08   0.13352517      
  76               1.77827941E+01   3.75030521E-01   2626.03416363    3.93477775E-06   1.03440850E+18   4.78866157E+07   4.25585112E+08   7.78296049E+08   0.13092181      
  77               2.08929613E+01   4.11084501E-01   2657.53937922    4.25127060E-06   1.12041067E+18   4.16213251E+07   4.31849850E+08   7.50419210E+08   0.12856506      
  78               2.45470892E+01   4.50570958E-01   2688.86187730    4.59352293E-06   1.21372568E+18   3.62995621E+07   4.37170439E+08   7.22162246E+08   0.12646939      
  79               2.88403150E+01   4.93777748E-01   2719.98792182    4.96333752E-06   1.31489289E+18   3.17345549E+07   4.41735515E+08   6.93546728E+08   0.12456044      
  80               3.38844156E+01   5.41010117E-01   2750.94893253    5.36247877E-06   1.42445488E+18   2.77871966E+07   4.45684431E+08   6.64594676E+08   0.12278537      
  81               3.98107171E+01   5.92592910E-01   2781.71003505    5.79297072E-06   1.54301601E+18   2.43566965E+07   4.49118182E+08   6.35327523E+08   0.12113467      
  82               4.67735141E+01   6.48872717E-01   2812.30538106    6.25675506E-06   1.67117864E+18   2.13740533E+07   4.52106038E+08   6.05765358E+08   0.11961627      
  83               5.49540874E+01   7.10219970E-01   2842.71078875    6.75606255E-06   1.80961439E+18   1.87814195E+07   4.54704833E+08   5.75926489E+08   0.11825642      
  84               6.45654229E+01   7.77030812E-01   2872.98211573    7.29298004E-06   1.95898521E+18   1.65295967E+07   4.56965145E+08   5.45827213E+08   0.11705766      
  85               7.58577575E+01   8.49729616E-01   2903.10324922    7.86996810E-06   2.12004028E+18   1.45700935E+07   4.58936089E+08   5.15481561E+08   0.11599025      
  86               8.91250938E+01   9.28774302E-01   2933.12370483    8.48940326E-06   2.29353647E+18   1.28665249E+07   4.60654591E+08   4.84900282E+08   0.11504002      
  87               1.04712855E+02   1.01465776E+00   2963.02702377    9.15409433E-06   2.48033196E+18   1.13803614E+07   4.62159769E+08   4.54091746E+08   0.11419096      
  88               1.23026877E+02   1.10791127E+00   2992.86127633    9.86674472E-06   2.68129274E+18   1.00815070E+07   4.63482242E+08   4.23062003E+08   0.11342972      
  89               1.44543977E+02   1.20910771E+00   3022.60781775    1.06305715E-05   2.89740381E+18   8.94000425E+06   4.64652931E+08   3.91815070E+08   0.11274601      
  90               1.69824365E+02   1.31884282E+00   3052.30881793    1.14484921E-05   3.12961134E+18   7.93313281E+06   4.65696040E+08   3.60359291E+08   0.11213678      
  91               1.99526231E+02   1.43775545E+00   3081.94202657    1.23239722E-05   3.37898604E+18   7.04224176E+06   4.66630753E+08   3.28701139E+08   0.11159307      
  92               2.34422882E+02   1.56654314E+00   3111.55251924    1.32603812E-05   3.64662466E+18   6.25439966E+06   4.67470576E+08   2.96842448E+08   0.11111401      
  93               2.75422870E+02   1.70596713E+00   3141.12539277    1.42617969E-05   3.93379047E+18   5.55717936E+06   4.68228404E+08   2.64781298E+08   0.11069067      
  94               3.23593657E+02   1.85686031E+00   3170.70870507    1.53322172E-05   4.24178574E+18   4.94168632E+06   4.68913591E+08   2.32512214E+08   0.11032904      
  95               3.80189396E+02   2.02013099E+00   3200.29582362    1.64764018E-05   4.57209500E+18   4.39754787E+06   4.69537445E+08   2.00027355E+08   0.11003674      
  96               4.46683592E+02   2.19676676E+00   3229.94306583    1.76989423E-05   4.92623269E+18   3.91618653E+06   4.70108429E+08   1.67317382E+08   0.10982109      
  97               5.24807460E+02   2.38783965E+00   3259.64950611    1.90052688E-05   5.30591261E+18   3.48853302E+06   4.70635398E+08   1.34371993E+08   0.10966184      
  98               6.16595002E+02   2.59451459E+00   3289.46283211    2.04007408E-05   5.71290463E+18   3.10806743E+06   4.71124493E+08   1.01179947E+08   0.10954742      
  99               7.24435960E+02   2.81805798E+00   3319.37697065    2.18916768E-05   6.14920806E+18   2.76851884E+06   4.71581190E+08   6.77292301E+07   0.10946071      
  100              8.51138038E+02   3.05984816E+00   3349.43213902    2.34843699E-05   6.61689941E+18   2.46532064E+06   4.72008876E+08   3.40070451E+07   0.10939773      
  101              1.00000000E+03   3.32138539E+00   3379.62085588    2.51861740E-05   7.11831379E+18   2.32171209E+06   4.72255915E+08   0.00000000E+00   0.10935158      
