# ATMO pressure-temperature profile
# Effective temperature = 450.0K
# log(g) = 2.5cm/s^2
# M/H = 0.0
# Optical depth grid in band 17 (1.20-1.33microns)
# All parameters in cgs units
#
# Model Level      Optical Depth    Pressure         Temperature      Density          Number Density   Rad Flux         Conv Flux        Radial Extension Adiabatic Gradient
#                                   [Ba]             [K]              [g/cm^3]         [/cm^3]          [ergs/s/cm^2/sr] [ergs/s/cm^2/sr] [cm]             [K/Ba]          
  1                5.00000000E-04   1.00000000E-05   77.53272324      3.65460663E-09   9.34202018E+14   2.32490286E+06   0.00000000E+00   8.95199311E+08   0.34572885      
  2                5.78069831E-04   1.67979006E-04   107.94335814     4.40945342E-08   1.12715832E+16   2.32490286E+06   0.00000000E+00   8.55845511E+08   0.3147943       
  3                6.68329458E-04   3.27337558E-04   128.55183071     7.21511470E-08   1.84435030E+16   2.32490286E+06   0.00000000E+00   8.46911194E+08   0.31846938      
  4                7.72682194E-04   4.98686327E-04   143.75326155     9.82958815E-08   2.51267081E+16   2.32490286E+06   0.00000000E+00   8.40477036E+08   0.32429425      
  5                8.93328530E-04   6.87664293E-04   154.88920351     1.25799716E-07   3.21574177E+16   2.32490286E+06   0.00000000E+00   8.35102961E+08   0.32547978      
  6                1.03281254E-03   8.98471480E-04   166.01555205     1.53347197E-07   3.91995753E+16   2.32490286E+06   0.00000000E+00   8.30303332E+08   0.32584412      
  7                1.19407555E-03   1.13510514E-03   174.91043949     1.83870628E-07   4.70052320E+16   2.32490286E+06   0.00000000E+00   8.25846950E+08   0.32553315      
  8                1.38051810E-03   1.40152459E-03   184.77451024     2.14776986E-07   5.49394745E+16   2.32490286E+06   0.00000000E+00   8.21607438E+08   0.3241796       
  9                1.59607173E-03   1.70197010E-03   192.98085405     2.49898797E-07   6.38797993E+16   2.32490286E+06   0.00000000E+00   8.17506438E+08   0.32345493      
  10               1.84528182E-03   2.04120209E-03   202.55424479     2.85544115E-07   7.29911987E+16   2.32490286E+06   0.00000000E+00   8.13490582E+08   0.32144584      
  11               2.13340350E-03   2.42464620E-03   210.25033250     3.26768544E-07   8.35290466E+16   2.32490286E+06   0.00000000E+00   8.09520995E+08   0.32063974      
  12               2.46651240E-03   2.85869600E-03   219.18687885     3.69557465E-07   9.44668124E+16   2.32490286E+06   0.00000000E+00   8.05571165E+08   0.31846053      
  13               2.85163282E-03   3.35046303E-03   226.21726259     4.19669730E-07   1.07276582E+17   2.32490286E+06   0.00000000E+00   8.01622370E+08   0.31765934      
  14               3.29688580E-03   3.90820326E-03   234.37415100     4.72493663E-07   1.20779512E+17   2.32490286E+06   0.00000000E+00   7.97661595E+08   0.31551631      
  15               3.81166043E-03   4.54130593E-03   240.73726735     5.34522500E-07   1.36635413E+17   2.32490286E+06   0.00000000E+00   7.93677835E+08   0.31475288      
  16               4.40681180E-03   5.26052956E-03   248.40313231     6.00068674E-07   1.53390420E+17   2.32490286E+06   0.00000000E+00   7.89661957E+08   0.31277878      
  17               5.09488990E-03   6.07792459E-03   254.49618223     6.76709998E-07   1.72981586E+17   2.32490286E+06   0.00000000E+00   7.85605656E+08   0.31209269      
  18               5.89040429E-03   7.00734243E-03   261.96788400     7.57938289E-07   1.93745279E+17   2.32490286E+06   0.00000000E+00   7.81501794E+08   0.31038303      
  19               6.81013002E-03   8.06437515E-03   267.98846983     8.52674296E-07   2.17961834E+17   2.32490286E+06   0.00000000E+00   7.77343837E+08   0.3098118       
  20               7.87346142E-03   9.26668844E-03   275.52559845     9.52996191E-07   2.43606261E+17   2.32490286E+06   0.00000000E+00   7.73126091E+08   0.30838326      
  21               9.10282102E-03   1.06339381E-02   281.82968400     1.06914338E-06   2.73295974E+17   2.32490286E+06   0.00000000E+00   7.68842734E+08   0.30790227      
  22               1.05241324E-02   1.21883873E-02   289.74166019     1.19196598E-06   3.04692064E+17   2.32490286E+06   0.00000000E+00   7.64488351E+08   0.3067081       
  23               1.21673669E-02   1.39553605E-02   296.40753888     1.33407539E-06   3.41018276E+17   2.32490286E+06   0.00000000E+00   7.60057289E+08   0.30629138      
  24               1.40671754E-02   1.59638116E-02   304.63560098     1.48485654E-06   3.79561171E+17   2.32490286E+06   0.00000000E+00   7.55544668E+08   0.30523262      
  25               1.62636194E-02   1.82462441E-02   311.67456239     1.65882542E-06   4.24031345E+17   2.32490286E+06   0.00000000E+00   7.50945753E+08   0.30493627      
  26               1.88030155E-02   2.08393751E-02   320.35169945     1.84325838E-06   4.71176366E+17   2.32490286E+06   0.00000000E+00   7.46256205E+08   0.3041115       
  27               2.17389119E-02   2.37839843E-02   328.00974412     2.05459596E-06   5.25198774E+17   2.32490286E+06   0.00000000E+00   7.41471322E+08   0.30376775      
  28               2.51332183E-02   2.71261394E-02   337.43687807     2.27784416E-06   5.82265803E+17   2.32490286E+06   0.00000000E+00   7.36585908E+08   0.30304209      
  29               2.90575105E-02   3.09172190E-02   345.99317811     2.53198700E-06   6.47230130E+17   2.32490286E+06   0.00000000E+00   7.31593958E+08   0.30273844      
  30               3.35945403E-02   3.52153785E-02   356.44222795     2.79944403E-06   7.15597890E+17   2.32490286E+06   0.00000000E+00   7.26488722E+08   0.30217874      
  31               3.88399805E-02   4.00849430E-02   366.23961925     3.10130635E-06   7.92760104E+17   2.32490286E+06   0.00000000E+00   7.21262571E+08   0.30194758      
  32               4.49044419E-02   4.55966227E-02   378.18277158     3.41632871E-06   8.73286558E+17   2.32490286E+06   0.00000000E+00   7.15907912E+08   0.30151624      
  33               5.19158062E-02   5.18260129E-02   389.94347824     3.76595087E-06   9.62657895E+17   2.32490286E+06   0.00000000E+00   7.10415939E+08   0.30130216      
  34               6.00219227E-02   5.88510601E-02   404.97067797     4.11778693E-06   1.05258348E+18   2.32201476E+06   2.88810282E+03   7.04774608E+08   0.3009305       
  35               6.93937253E-02   6.67479516E-02   420.79552922     4.49469180E-06   1.14892761E+18   2.30569071E+06   1.92121563E+04   6.98969982E+08   0.30073158      
  36               8.02288381E-02   7.56212508E-02   436.68735598     4.90688863E-06   1.25429323E+18   2.27594005E+06   4.89628126E+04   6.92995062E+08   0.30043645      
  37               9.27557418E-02   8.55907548E-02   453.43576717     5.34864481E-06   1.36721534E+18   2.23074456E+06   9.41582993E+04   6.86841188E+08   0.30025713      
  38               1.07238592E-01   9.67841854E-02   470.27026847     5.83164034E-06   1.49067413E+18   2.16867129E+06   1.56231572E+05   6.80503266E+08   0.30000666      
  39               1.23982789E-01   1.09338223E-01   488.00192310     6.34918160E-06   1.62284229E+18   2.09285991E+06   2.32042954E+05   6.73978916E+08   0.29989781      
  40               1.43341420E-01   1.23412595E-01   505.83052228     6.91386466E-06   1.76717799E+18   2.01108275E+06   3.13820116E+05   6.67261384E+08   0.29975306      
  41               1.65722701E-01   1.39176569E-01   524.60913290     7.51788478E-06   1.92156960E+18   1.92178540E+06   4.03117462E+05   6.60346938E+08   0.2997022       
  42               1.91598587E-01   1.56830162E-01   543.49701540     8.17705201E-06   2.09005765E+18   1.82626199E+06   4.98640873E+05   6.53226825E+08   0.29957499      
  43               2.21514726E-01   1.76589312E-01   563.39575870     8.88206879E-06   2.27026567E+18   1.72571753E+06   5.99185337E+05   6.45894987E+08   0.29949089      
  44               2.56101960E-01   1.98682759E-01   583.39980306     9.65064381E-06   2.46671936E+18   1.62289706E+06   7.02005807E+05   6.38348788E+08   0.29933373      
  45               2.96089634E-01   2.23358602E-01   604.44852906     1.04714045E-05   2.67651201E+18   1.52205823E+06   8.02844636E+05   6.30586471E+08   0.29926152      
  46               3.42320969E-01   2.50886697E-01   625.58875092     1.13644818E-05   2.90478867E+18   1.42813623E+06   8.96766631E+05   6.22606545E+08   0.29911117      
  47               3.95770849E-01   2.81581622E-01   647.81735991     1.23172032E-05   3.14831055E+18   1.34563673E+06   9.79266136E+05   6.14402355E+08   0.29900664      
  48               4.57566375E-01   3.15811526E-01   670.15745867     1.33539910E-05   3.41331965E+18   1.27643108E+06   1.04847178E+06   6.05962323E+08   0.29876324      
  49               5.29010634E-01   3.53956565E-01   693.64206409     1.44601964E-05   3.69607171E+18   1.22005943E+06   1.10484343E+06   5.97281809E+08   0.29863295      
  50               6.11610175E-01   3.96405707E-01   717.22823673     1.56618127E-05   4.00320988E+18   1.17450179E+06   1.15040107E+06   5.88361891E+08   0.29834976      
  51               7.07106781E-01   4.43567560E-01   741.95640966     1.69410794E-05   4.33019272E+18   1.13949909E+06   1.18540378E+06   5.79206026E+08   0.29818554      
  52               8.17514195E-01   4.95886848E-01   766.75282245     1.83269106E-05   4.68439001E+18   1.11414968E+06   1.21075318E+06   5.69816425E+08   0.29776832      
  53               9.45160584E-01   5.53932078E-01   792.70861155     1.98019359E-05   5.06137807E+18   1.09952136E+06   1.22538150E+06   5.60181048E+08   0.29750122      
  54               1.09273764E+00   6.18346869E-01   818.78926352     2.14005339E-05   5.46998161E+18   1.09411739E+06   1.23078547E+06   5.50285964E+08   0.29690333      
  55               1.26335732E+00   6.89771305E-01   846.04697612     2.31033585E-05   5.90522549E+18   1.09856641E+06   1.22633645E+06   5.40128227E+08   0.29656997      
  56               1.46061751E+00   7.68830582E-01   873.43052747     2.49440390E-05   6.37570366E+18   1.11122163E+06   1.21368124E+06   5.29713883E+08   0.29584291      
  57               1.68867783E+00   8.56137328E-01   901.89696358     2.68999463E-05   6.87562763E+18   1.13373097E+06   1.19117190E+06   5.19055562E+08   0.29545675      
  58               1.95234742E+00   9.52349376E-01   930.45771002     2.90045407E-05   7.41353773E+18   1.16536236E+06   1.15954050E+06   5.08163228E+08   0.29454935      
  59               2.25718628E+00   1.05829494E+00   960.00821675     3.12393631E-05   7.98468169E+18   1.20772903E+06   1.11717384E+06   4.97033127E+08   0.29407781      
  60               2.60962258E+00   1.17494632E+00   989.74581640     3.36413510E-05   8.59845040E+18   1.25873686E+06   1.06616600E+06   4.85654162E+08   0.29297767      
  61               3.01708817E+00   1.30329870E+00   1020.40295608    3.61950641E-05   9.25120050E+18   1.31892372E+06   1.00597914E+06   4.74022479E+08   0.29219636      
  62               3.48817529E+00   1.44435733E+00   1051.28773620    3.89338371E-05   9.95127873E+18   1.38481547E+06   9.40087393E+05   4.62139880E+08   0.29098596      
  63               4.03281780E+00   1.59913004E+00   1082.98728958    4.18437253E-05   1.06951348E+19   1.45588994E+06   8.69012929E+05   4.50013932E+08   0.29017989      
  64               4.66250061E+00   1.76865670E+00   1114.93319344    4.49530354E-05   1.14900135E+19   1.52920583E+06   7.95697029E+05   4.37653222E+08   0.2888691       
  65               5.39050188E+00   1.95425578E+00   1147.58153841    4.82564262E-05   1.23345608E+19   1.60479656E+06   7.20106308E+05   4.25051822E+08   0.28767697      
  66               6.23217301E+00   2.15762784E+00   1180.55217679    5.17893674E-05   1.32378419E+19   1.68026196E+06   6.44640909E+05   4.12187304E+08   0.28638874      
  67               7.20526240E+00   2.38054724E+00   1214.30009607    5.55509239E-05   1.41996165E+19   1.75124715E+06   5.73655710E+05   3.99044682E+08   0.28505695      
  68               8.33028963E+00   2.62480075E+00   1248.38751194    5.95770125E-05   1.52290483E+19   1.81447216E+06   5.10443300E+05   3.85618395E+08   0.2837667       
  69               9.63097823E+00   2.89219121E+00   1283.27212923    6.38604097E-05   1.63242817E+19   1.86505026E+06   4.59857395E+05   3.71909867E+08   0.2824309       
  70               1.11347559E+01   3.18457244E+00   1318.44195953    6.84393968E-05   1.74950809E+19   1.90077117E+06   4.24134545E+05   3.57924282E+08   0.28098023      
  71               1.28733329E+01   3.50395122E+00   1354.35741696    7.33050939E-05   1.87391808E+19   1.92334507E+06   4.01561844E+05   3.43665382E+08   0.27969145      
  72               1.48833708E+01   3.85310172E+00   1390.61922961    7.85064431E-05   2.00691086E+19   1.93752215E+06   3.87383584E+05   3.29111023E+08   0.27816573      
  73               1.72072553E+01   4.23640510E+00   1427.79295674    8.40674843E-05   2.14910724E+19   1.94824276E+06   3.76663669E+05   3.14190768E+08   0.27667347      
  74               1.98939903E+01   4.65927213E+00   1465.66934666    9.00674865E-05   2.30254386E+19   1.95572382E+06   3.69182572E+05   2.98823158E+08   0.2750496       
  75               2.30002312E+01   5.12770041E+00   1504.78297568    9.65435943E-05   2.46816741E+19   1.95592443E+06   3.68980912E+05   2.82937733E+08   0.273435        
  76               2.65914795E+01   5.64704262E+00   1544.78747303    1.03575768E-04   2.64775725E+19   1.93700505E+06   3.87900592E+05   2.66513872E+08   0.27174438      
  77               3.07434641E+01   6.21891275E+00   1585.78357890    1.11113654E-04   2.84051042E+19   1.88651552E+06   4.38391480E+05   2.49656631E+08   0.27016814      
  78               3.55437382E+01   6.83837229E+00   1626.77825943    1.19136154E-04   3.04474005E+19   1.79695093E+06   5.27958184E+05   2.32630112E+08   0.26861103      
  79               4.10935254E+01   7.49409323E+00   1667.25775087    1.27394685E-04   3.25568356E+19   1.66748553E+06   6.57432424E+05   2.15798590E+08   0.26723989      
  80               4.75098546E+01   8.16456718E+00   1705.69232438    1.35682158E-04   3.46703568E+19   1.50333666E+06   8.21595442E+05   1.99671731E+08   0.2658634       
  81               5.49280272E+01   8.81546721E+00   1740.81726818    1.43571881E-04   3.66790423E+19   1.37139464E+06   9.53575301E+05   1.84924084E+08   0.26483629      
  82               6.35044707E+01   9.50335920E+00   1775.68180522    1.51781500E-04   3.87648261E+19   1.22668746E+06   1.09833845E+06   1.70188022E+08   0.26388205      
  83               7.34200373E+01   1.01220194E+01   1805.47697967    1.59067951E-04   4.06070134E+19   1.02522019E+06   1.29987754E+06   1.57596935E+08   0.26302719      
  84               8.48838171E+01   1.06338719E+01   1828.96208342    1.65087341E-04   4.21126492E+19   8.99920207E+05   1.42527619E+06   1.47608181E+08   0.26213756      
  85               9.81375475E+01   1.11880956E+01   1853.49801327    1.71397294E-04   4.37209795E+19   8.59812823E+05   1.46564257E+06   1.37189174E+08   0.26144051      
  86               1.13460711E+02   1.17989298E+01   1879.35628857    1.78267992E-04   4.54735997E+19   8.28598897E+05   1.49655396E+06   1.26138604E+08   0.26081913      
  87               1.31176428E+02   1.24736028E+01   1906.83089586    1.85744888E-04   4.73811472E+19   7.97730553E+05   1.52743437E+06   1.14413997E+08   0.26014424      
  88               1.51658271E+02   1.32166750E+01   1935.65963871    1.93874652E-04   4.94560077E+19   7.22688209E+05   1.60221481E+06   1.02031390E+08   0.25938122      
  89               1.75338142E+02   1.38308392E+01   1958.60657480    2.00565419E-04   5.11478241E+19   6.08366963E+05   1.71653592E+06   9.21818821E+07   0.25857398      
  90               2.02715380E+02   1.43005386E+01   1975.51384904    2.05599344E-04   5.24322091E+19   5.43736809E+05   1.78175379E+06   8.48674394E+07   0.25788281      
  91               2.34367291E+02   1.48203474E+01   1993.82150410    2.11112983E-04   5.38391193E+19   5.23830465E+05   1.80173364E+06   7.69774693E+07   0.25744981      
  92               2.70961321E+02   1.53932040E+01   2013.31857337    2.17145801E-04   5.53786498E+19   5.02986132E+05   1.82191673E+06   6.85166415E+07   0.25700332      
  93               3.13269130E+02   1.60261878E+01   2034.31030293    2.23739825E-04   5.70609330E+19   4.83629896E+05   1.84127332E+06   5.94353978E+07   0.25651468      
  94               3.62182865E+02   1.67310155E+01   2056.82174464    2.31021005E-04   5.89184735E+19   4.64519087E+05   1.86038490E+06   4.96317967E+07   0.25574435      
  95               4.18733975E+02   1.75169451E+01   2081.11546809    2.39037982E-04   6.09660461E+19   4.14826934E+05   1.91007669E+06   3.90557229E+07   0.25512956      
  96               4.84114957E+02   1.80967242E+01   2098.41275755    2.45126100E-04   6.24647332E+19   3.41494438E+05   1.98340843E+06   3.14806760E+07   0.25414607      
  97               5.59704502E+02   1.85060258E+01   2110.37099720    2.49245929E-04   6.35155690E+19   3.03695005E+05   2.02193433E+06   2.62442532E+07   0.25339597      
  98               6.47096573E+02   1.89630657E+01   2123.42563728    2.53827064E-04   6.46840693E+19   2.92586567E+05   2.03747525E+06   2.04981783E+07   0.25218225      
  99               7.48134013E+02   1.94718077E+01   2137.61912615    2.58900731E-04   6.59784007E+19   2.81559725E+05   2.04957357E+06   1.42224805E+07   0.2512762       
  100              8.64947405E+02   2.00368472E+01   2153.01880029    2.64502012E-04   6.74073732E+19   2.69765810E+05   2.06103264E+06   7.39441220E+06   0.24975772      
  101              1.00000000E+03   2.06625131E+01   2169.54333658    2.70675497E-04   6.89827735E+19   2.63336544E+05   2.06225318E+06   0.00000000E+00   0.24865605      
