# ATMO pressure-temperature profile
# Effective temperature = 300.0K
# log(g) = 5.0cm/s^2
# M/H = 0.0
# Optical depth grid in band 17 (1.20-1.33microns)
# All parameters in cgs units
#
# Model Level      Optical Depth    Pressure         Temperature      Density          Number Density   Rad Flux         Conv Flux        Radial Extension Adiabatic Gradient
#                                   [Ba]             [K]              [g/cm^3]         [/cm^3]          [ergs/s/cm^2/sr] [ergs/s/cm^2/sr] [cm]             [K/Ba]          
  1                5.00000000E-07   1.00000000E-05   23.31860805      1.21585204E-08   3.10615567E+15   4.59188922E+05   0.00000000E+00   2.54993073E+06   0.34574494      
  2                6.19412983E-07   1.93549050E-05   28.63863052      1.91611754E-08   4.89513459E+15   4.59188922E+05   0.00000000E+00   2.54380176E+06   0.34574494      
  3                7.67344888E-07   3.09412217E-05   29.55052660      2.96862665E-08   7.58399560E+15   4.59188922E+05   0.00000000E+00   2.53894377E+06   0.34574494      
  4                9.50606773E-07   4.52903085E-05   31.24007803      4.11032837E-08   1.05007183E+16   4.59188922E+05   0.00000000E+00   2.53483598E+06   0.34574494      
  5                1.17763635E-06   6.30599541E-05   31.96659120      5.59294660E-08   1.42883856E+16   4.59188922E+05   0.00000000E+00   2.53112985E+06   0.34574494      
  6                1.45888650E-06   8.50635409E-05   33.57688566      7.18267796E-08   1.83496965E+16   4.59188922E+05   0.00000000E+00   2.52765825E+06   0.34574494      
  7                1.80730647E-06   1.12307699E-04   34.29210924      9.28535862E-08   2.37214467E+16   4.59188922E+05   0.00000000E+00   2.52432221E+06   0.31479382      
  8                2.23893819E-06   1.46037346E-04   35.96226270      1.15133120E-07   2.94132330E+16   4.59188922E+05   0.00000000E+00   2.52106000E+06   0.31480271      
  9                2.77365477E-06   1.87789950E-04   36.85369425      1.44469001E-07   3.69077150E+16   4.59188922E+05   0.00000000E+00   2.51782260E+06   0.31481145      
  10               3.43607555E-06   2.39468607E-04   38.66883824      1.75578289E-07   4.48552523E+16   4.59188922E+05   0.00000000E+00   2.51457780E+06   0.31482012      
  11               4.25669961E-06   3.03422216E-04   39.64443574      2.16994379E-07   5.54358836E+16   4.59188922E+05   0.00000000E+00   2.51130133E+06   0.31482877      
  12               5.27331001E-06   3.82548397E-04   41.43090583      2.61785331E-07   6.68786961E+16   4.59188922E+05   0.00000000E+00   2.50798145E+06   0.31483745      
  13               6.53271338E-06   4.80431683E-04   42.21549311      3.22658510E-07   8.24300595E+16   4.59188922E+05   0.00000000E+00   2.50461351E+06   0.3148462       
  14               8.09289496E-06   6.01487162E-04   43.92547884      3.88233679E-07   9.91826476E+16   4.59188922E+05   0.00000000E+00   2.50119319E+06   0.31485505      
  15               1.00256884E-05   7.51146091E-04   44.63603458      4.77113995E-07   1.21889037E+17   4.59188922E+05   0.00000000E+00   2.49771587E+06   0.31486403      
  16               1.24200832E-05   9.36121294E-04   46.49837707      5.70791739E-07   1.45821032E+17   4.59188922E+05   0.00000000E+00   2.49417130E+06   0.31487316      
  17               1.53863215E-05   1.16466141E-03   47.30541104      6.98026990E-07   1.78326015E+17   4.59188922E+05   0.00000000E+00   2.49055064E+06   0.31488247      
  18               1.90609746E-05   1.44686699E-03   49.31903634      8.31758748E-07   2.12490671E+17   4.59188922E+05   0.00000000E+00   2.48684698E+06   0.31489198      
  19               2.36132303E-05   1.79519136E-03   50.18594720      1.01417284E-06   2.59092275E+17   4.59188922E+05   0.00000000E+00   2.48305445E+06   0.31490171      
  20               2.92526829E-05   2.22490841E-03   52.35228527      1.20492452E-06   3.07823898E+17   4.59188922E+05   0.00000000E+00   2.47916716E+06   0.31491169      
  21               3.62389832E-05   2.75459456E-03   53.35161233      1.46383958E-06   3.73969322E+17   4.59188922E+05   0.00000000E+00   2.47517882E+06   0.31492195      
  22               4.48937934E-05   3.40694967E-03   55.74291930      1.73284357E-06   4.42692177E+17   4.59188922E+05   0.00000000E+00   2.47108285E+06   0.3149325       
  23               5.56155970E-05   4.20985897E-03   56.84686051      2.09963794E-06   5.36397694E+17   4.59188922E+05   0.00000000E+00   2.46687350E+06   0.31494339      
  24               6.88980457E-05   5.19691633E-03   59.42524814      2.47946550E-06   6.33432818E+17   4.59188922E+05   0.00000000E+00   2.46254745E+06   0.31495466      
  25               8.53526881E-05   6.40846387E-03   60.62819457      2.99683377E-06   7.65605675E+17   4.59188922E+05   0.00000000E+00   2.45810288E+06   0.31496635      
  26               1.05737126E-04   7.89391350E-03   63.42910579      3.52847565E-06   9.01425032E+17   4.59188922E+05   0.00000000E+00   2.45353481E+06   0.3149785       
  27               1.30989898E-04   9.71264150E-03   64.79652578      4.24980485E-06   1.08570410E+18   4.59188922E+05   0.00000000E+00   2.44883814E+06   0.31499118      
  28               1.62273687E-04   1.19352630E-02   67.97396988      4.97820422E-06   1.27178939E+18   4.59188922E+05   0.00000000E+00   2.44400594E+06   0.31500446      
  29               2.01028857E-04   1.46461629E-02   69.62364543      5.96417602E-06   1.52367711E+18   4.59188922E+05   0.00000000E+00   2.43903084E+06   0.31501842      
  30               2.49039768E-04   1.79460086E-02   73.23179485      6.94786775E-06   1.77498233E+18   4.59188922E+05   0.00000000E+00   2.43390468E+06   0.31503315      
  31               3.08516931E-04   2.19484511E-02   75.26347138      8.26804784E-06   2.11225074E+18   4.59188922E+05   0.00000000E+00   2.42862390E+06   0.31504877      
  32               3.82198786E-04   2.67903632E-02   79.52106747      9.55167969E-06   2.44018212E+18   4.59188922E+05   0.00000000E+00   2.42317542E+06   0.3150654       
  33               4.73477780E-04   3.26381047E-02   82.14962830      1.12642603E-05   2.87769769E+18   4.59188922E+05   0.00000000E+00   2.41753778E+06   0.31508318      
  34               5.86556569E-04   3.97002818E-02   87.28876122      1.28949187E-05   3.29428447E+18   4.59188922E+05   0.00000000E+00   2.41167805E+06   0.31510234      
  35               7.26641509E-04   4.82347196E-02   91.03078456      1.50229362E-05   3.83793232E+18   4.59187645E+05   0.00000000E+00   2.40554624E+06   0.31512316      
  36               9.00182369E-04   5.85575683E-02   97.37944459      1.70490067E-05   4.35553572E+18   4.59185754E+05   3.17361691E+00   2.39909605E+06   0.31514597      
  37               1.11516929E-03   7.10460387E-02   102.84651347     1.95854501E-05   5.00352569E+18   4.59173751E+05   1.51751172E+01   2.39226177E+06   0.31517117      
  38               1.38150068E-03   8.61686010E-02   109.98724215     2.22121004E-05   5.67456492E+18   4.59153614E+05   3.53116364E+01   2.38501134E+06   0.31554802      
  39               1.71143891E-03   1.04498380E-01   116.16247964     2.55049077E-05   6.51582669E+18   4.59130261E+05   5.86637068E+01   2.37731028E+06   0.319758        
  40               2.12017497E-03   1.26721487E-01   124.42343477     2.88747149E-05   7.37690030E+18   4.59109167E+05   7.97575628E+01   2.36912122E+06   0.32292278      
  41               2.62652780E-03   1.53672329E-01   131.56821344     3.31125776E-05   8.46000338E+18   4.59104529E+05   8.43959036E+01   2.36040522E+06   0.32519056      
  42               3.25381085E-03   1.86375083E-01   141.05349324     3.74617300E-05   9.57039455E+18   4.59120523E+05   6.84015337E+01   2.35111997E+06   0.32598593      
  43               4.03090537E-03   2.26085970E-01   149.21471052     4.29581728E-05   1.09745776E+19   4.59160535E+05   2.84897716E+01   2.34122093E+06   0.32519895      
  44               4.99359024E-03   2.74310789E-01   159.94480413     4.86246599E-05   1.24222022E+19   4.59188643E+05   0.00000000E+00   2.33066931E+06   0.32487129      
  45               6.18618926E-03   3.32899241E-01   168.54664657     5.59985099E-05   1.43060101E+19   4.59188920E+05   0.00000000E+00   2.31944149E+06   0.32403999      
  46               7.66361189E-03   4.04163549E-01   179.39486965     6.38749790E-05   1.63182267E+19   4.59188921E+05   0.00000000E+00   2.30752582E+06   0.32251523      
  47               9.49388141E-03   4.90951054E-01   188.44948016     7.38628309E-05   1.88698780E+19   4.59188921E+05   0.00000000E+00   2.29489071E+06   0.32022536      
  48               1.17612668E-02   5.96529576E-01   200.42821917     8.43826683E-05   2.15575277E+19   4.59188921E+05   0.00000000E+00   2.28151749E+06   0.31799423      
  49               1.45701627E-02   7.24508224E-01   210.73608375     9.74702536E-05   2.49017721E+19   4.59188922E+05   0.00000000E+00   2.26740594E+06   0.31553343      
  50               1.80498959E-02   8.79335683E-01   223.25940305     1.11656766E-04   2.85279640E+19   4.59188922E+05   0.00000000E+00   2.25256472E+06   0.31337896      
  51               2.23606798E-02   1.06657451E+00   234.43122237     1.28910457E-04   3.29535030E+19   4.59188321E+05   0.00000000E+00   2.23695809E+06   0.31113456      
  52               2.77009907E-02   1.29348108E+00   248.93072955     1.47321530E-04   3.76363421E+19   4.58730327E+05   4.58606162E+02   2.22049278E+06   0.30918916      
  53               3.43167066E-02   1.56855378E+00   264.12358711     1.68375594E-04   4.30148158E+19   4.54822427E+05   4.36650181E+03   2.20302753E+06   0.30726008      
  54               4.25124273E-02   1.90169861E+00   280.22587914     1.92406776E-04   4.91540480E+19   4.47433141E+05   1.17557851E+04   2.18451851E+06   0.30560468      
  55               5.26654988E-02   2.30429247E+00   297.06733968     2.19922471E-04   5.61834667E+19   4.37134114E+05   2.20548101E+04   2.16494710E+06   0.30416764      
  56               6.52433875E-02   2.78962167E+00   314.86394064     2.51194019E-04   6.41723911E+19   4.24974331E+05   3.42145928E+04   2.14429820E+06   0.3030465       
  57               8.08252026E-02   3.37269825E+00   333.41949484     2.86796213E-04   7.32676628E+19   4.12359490E+05   4.68294331E+04   2.12257448E+06   0.30214906      
  58               1.00128360E-01   4.07091149E+00   352.95529448     3.27008373E-04   8.35406401E+19   4.01954632E+05   5.72342906E+04   2.09977515E+06   0.3014454       
  59               1.24041612E-01   4.90668556E+00   373.31001838     3.72653767E-04   9.52016382E+19   3.96513125E+05   6.26757993E+04   2.07583336E+06   0.30091339      
  60               1.53665970E-01   5.90423121E+00   394.73787041     4.24073708E-04   1.08337897E+20   3.96621010E+05   6.25679141E+04   2.05073997E+06   0.30057251      
  61               1.90365394E-01   7.08764968E+00   416.94173691     4.81966953E-04   1.23126834E+20   4.01588312E+05   5.76029137E+04   2.02456353E+06   0.3002999       
  62               2.35829593E-01   8.48294190E+00   440.11989694     5.46469438E-04   1.39605115E+20   4.10318857E+05   4.88700669E+04   1.99737576E+06   0.30005676      
  63               2.92151824E-01   1.01227213E+01   464.00506522     6.18535937E-04   1.58015758E+20   4.19687518E+05   3.95020483E+04   1.96917115E+06   0.29985223      
  64               3.61925265E-01   1.20391289E+01   488.83595857     6.98268424E-04   1.78384765E+20   4.23933080E+05   3.52563726E+04   1.94001070E+06   0.29969004      
  65               4.48362417E-01   1.42645737E+01   514.23902867     7.86478988E-04   2.00918349E+20   4.18290675E+05   4.08982966E+04   1.90998018E+06   0.29952279      
  66               5.55443005E-01   1.68417222E+01   540.54397654     8.83379634E-04   2.25673886E+20   4.05212343E+05   5.39778080E+04   1.87906141E+06   0.29933861      
  67               6.88097217E-01   1.98330614E+01   567.55726603     9.90848468E-04   2.53108020E+20   3.90310646E+05   6.88785635E+04   1.84708736E+06   0.29912479      
  68               8.52432700E-01   2.32961449E+01   595.63062121     1.10900681E-03   2.83291068E+20   3.71887391E+05   8.73041059E+04   1.81405100E+06   0.29890972      
  69               1.05601576E+00   2.72803750E+01   624.30517248     1.23902643E-03   3.16504029E+20   3.51488837E+05   1.07702134E+05   1.78006211E+06   0.29864806      
  70               1.30821975E+00   3.18323251E+01   653.83631383     1.38046845E-03   3.52634796E+20   3.31860582E+05   1.27334201E+05   1.74525692E+06   0.29833463      
  71               1.62065660E+00   3.70462063E+01   683.98041842     1.53577369E-03   3.92306869E+20   3.14027067E+05   1.45167315E+05   1.70944857E+06   0.29789685      
  72               2.00771148E+00   4.30214816E+01   715.21899394     1.70558539E-03   4.35684554E+20   2.96190808E+05   1.63009508E+05   1.67252892E+06   0.29740467      
  73               2.48720511E+00   4.98484608E+01   747.10482459     1.89189633E-03   4.83276916E+20   2.76795648E+05   1.82404704E+05   1.63452371E+06   0.29681584      
  74               3.08121427E+00   5.76162550E+01   779.99716328     2.09449394E-03   5.35029641E+20   2.56480774E+05   2.02732894E+05   1.59550171E+06   0.2962004       
  75               3.81708825E+00   6.64522776E+01   813.51317464     2.31618049E-03   5.91658516E+20   2.38146130E+05   2.21061753E+05   1.55538447E+06   0.29544254      
  76               4.72870805E+00   7.65802023E+01   848.40128870     2.55942527E-03   6.53794148E+20   2.24955795E+05   2.34277256E+05   1.51378737E+06   0.29462964      
  77               5.85804632E+00   8.81931987E+01   884.26416582     2.82800935E-03   7.22401947E+20   2.17335502E+05   2.41867739E+05   1.47062227E+06   0.29363649      
  78               7.25709989E+00   1.01424063E+02   921.36600270     3.12132568E-03   7.97323673E+20   2.15311075E+05   2.43910942E+05   1.42608960E+06   0.29258977      
  79               8.99028379E+00   1.16343856E+02   958.92146189     3.44027498E-03   8.78792326E+20   2.17535926E+05   2.41655656E+05   1.38055965E+06   0.29136447      
  80               1.11373970E+01   1.33046766E+02   997.17959378     3.78323828E-03   9.66399685E+20   2.22477812E+05   2.36771007E+05   1.33426149E+06   0.29014485      
  81               1.37972966E+01   1.51829491E+02   1035.92300083    4.15586765E-03   1.06158433E+21   2.27716543E+05   2.31689256E+05   1.28689231E+06   0.28874082      
  82               1.70924493E+01   1.72972464E+02   1075.67716813    4.55962486E-03   1.16471820E+21   2.30148592E+05   2.29340465E+05   1.23832201E+06   0.28723043      
  83               2.11745701E+01   1.96703559E+02   1115.90775535    4.99828001E-03   1.27676145E+21   2.28282686E+05   2.30997059E+05   1.18861207E+06   0.28570927      
  84               2.62316072E+01   2.23199275E+02   1156.94973787    5.47051241E-03   1.39734655E+21   2.25262743E+05   2.34147479E+05   1.13794186E+06   0.28418034      
  85               3.24963962E+01   2.52627782E+02   1198.14634280    5.97889016E-03   1.52720410E+21   2.26487678E+05   2.32758333E+05   1.08648492E+06   0.28256155      
  86               4.02573794E+01   2.85460649E+02   1240.24413143    6.52661543E-03   1.66711250E+21   2.31357307E+05   2.27973918E+05   1.03392502E+06   0.28096088      
  87               4.98718870E+01   3.22317250E+02   1283.02825326    7.12354113E-03   1.81958844E+21   2.36560448E+05   2.22647565E+05   9.79871578E+05   0.27923948      
  88               6.17825886E+01   3.63694943E+02   1327.02978297    7.77150066E-03   1.98510020E+21   2.40848020E+05   2.18410689E+05   9.24259912E+05   0.27745272      
  89               7.65378750E+01   4.09986428E+02   1371.59574923    8.47600877E-03   2.16505627E+21   2.43659629E+05   2.15536530E+05   8.67223391E+05   0.27571465      
  90               9.48171070E+01   4.61580397E+02   1417.16338691    9.23581661E-03   2.35913760E+21   2.45089776E+05   2.14149236E+05   8.08910354E+05   0.27388218      
  91               1.17461894E+02   5.18986294E+02   1463.07957316    1.00585568E-02   2.56929387E+21   2.42648849E+05   2.16547866E+05   7.49350845E+05   0.27208547      
  92               1.45514845E+02   5.81262586E+02   1508.90705397    1.09233905E-02   2.79020248E+21   2.37386687E+05   2.21906351E+05   6.89938557E+05   0.27023827      
  93               1.80267568E+02   6.50305003E+02   1555.03732212    1.18583341E-02   3.02901984E+21   2.33608223E+05   2.25601644E+05   6.29275327E+05   0.2684879       
  94               2.23320145E+02   7.28106157E+02   1602.97446662    1.28799886E-02   3.28998516E+21   2.30718362E+05   2.28665723E+05   5.66322300E+05   0.26662771      
  95               2.76654794E+02   8.16924745E+02   1652.54876008    1.40173834E-02   3.58058187E+21   2.24802248E+05   2.34433724E+05   5.00220565E+05   0.26481109      
  96               3.42727143E+02   9.19403190E+02   1705.12006089    1.52974297E-02   3.90550216E+21   2.17760410E+05   2.41947108E+05   4.30226067E+05   0.26281967      
  97               4.24579284E+02   1.03924120E+03   1760.46727578    1.67476891E-02   4.27576904E+21   2.14308023E+05   2.44966073E+05   3.55356023E+05   0.26083067      
  98               5.25979842E+02   1.18087297E+03   1820.14724802    1.84061906E-02   4.69918453E+21   2.11449214E+05   2.48662584E+05   2.74687912E+05   0.25861329      
  99               6.51597486E+02   1.34746357E+03   1882.78059161    2.03042169E-02   5.18373938E+21   2.06986562E+05   2.52249308E+05   1.88513971E+05   0.25640448      
  100              8.07215886E+02   1.54299868E+03   1949.35563815    2.24573228E-02   5.73324256E+21   2.00641448E+05   2.59168822E+05   9.69436423E+04   0.2539977       
  101              1.00000000E+03   1.77229130E+03   2018.50594209    2.49109239E-02   6.35961628E+21   1.95985309E+05   2.63583256E+05   0.00000000E+00   0.25160488      
