# ATMO pressure-temperature profile
# Effective temperature = 200.0K
# log(g) = 3.5cm/s^2
# M/H = 0.0
# Optical depth grid in band 17 (1.20-1.33microns)
# All parameters in cgs units
#
# Model Level      Optical Depth    Pressure         Temperature      Density          Number Density   Rad Flux         Conv Flux        Radial Extension Adiabatic Gradient
#                                   [Ba]             [K]              [g/cm^3]         [/cm^3]          [ergs/s/cm^2/sr] [ergs/s/cm^2/sr] [cm]             [K/Ba]          
  1                5.00000000E-05   1.00000000E-05   23.11392218      1.22661204E-08   3.13366230E+15   9.06709171E+04   0.00000000E+00   5.19962180E+07   0.3457444       
  2                5.91534807E-05   3.53253337E-05   27.89172387      3.59080471E-08   9.17353570E+15   9.06709171E+04   0.00000000E+00   5.16146203E+07   0.3457444       
  3                6.99826855E-05   6.52672795E-05   29.82958455      6.20339129E-08   1.58479884E+16   9.06709171E+04   0.00000000E+00   5.14140025E+07   0.3457444       
  4                8.27943887E-05   1.00664711E-04   31.80029390      8.97484560E-08   2.29283052E+16   9.06709171E+04   0.00000000E+00   5.12639844E+07   0.3457444       
  5                9.79515255E-05   1.42509129E-04   32.87504817      1.22901493E-07   3.13980102E+16   9.06709171E+04   0.00000000E+00   5.11379917E+07   0.31479398      
  6                1.15883473E-04   1.91967932E-04   34.45327730      1.57971600E-07   4.03574749E+16   9.06709171E+04   0.00000000E+00   5.10257445E+07   0.31480392      
  7                1.37098216E-04   2.50422683E-04   35.27457114      2.01276371E-07   5.14206737E+16   9.06709171E+04   0.00000000E+00   5.09220790E+07   0.31481308      
  8                1.62196734E-04   3.19499696E-04   36.71704787      2.46708188E-07   6.30272753E+16   9.06709171E+04   0.00000000E+00   5.08240521E+07   0.31482172      
  9                1.91890027E-04   4.01115801E-04   37.45418954      3.03633885E-07   7.75702526E+16   9.06709171E+04   0.00000000E+00   5.07297527E+07   0.31483001      
  10               2.27019260E-04   4.97537849E-04   38.85623048      3.63033187E-07   9.27451691E+16   9.06709171E+04   0.00000000E+00   5.06379135E+07   0.31483805      
  11               2.68579588E-04   6.11428936E-04   39.55865542      4.38213080E-07   1.11951600E+17   9.06709171E+04   0.00000000E+00   5.05476164E+07   0.31484594      
  12               3.17748350E-04   7.45918708E-04   40.99561032      5.15863753E-07   1.31789249E+17   9.06709171E+04   0.00000000E+00   5.04581667E+07   0.31485373      
  13               3.75918418E-04   9.04710068E-04   41.70424926      6.15049381E-07   1.57128497E+17   9.06709171E+04   0.00000000E+00   5.03690201E+07   0.31486147      
  14               4.44737657E-04   1.09215099E-03   43.18505668      7.17018002E-07   1.83178724E+17   9.06709171E+04   0.00000000E+00   5.02797627E+07   0.31486919      
  15               5.26155608E-04   1.31333243E-03   43.93547586      8.47500967E-07   2.16513595E+17   9.06709171E+04   0.00000000E+00   5.01900377E+07   0.31487694      
  16               6.22478712E-04   1.57423332E-03   45.52444177      9.80404600E-07   2.50466882E+17   9.06709171E+04   0.00000000E+00   5.00995264E+07   0.31488473      
  17               7.36435649E-04   1.88192015E-03   46.35310539      1.15107395E-06   2.94068290E+17   9.06709171E+04   0.00000000E+00   5.00079350E+07   0.31489259      
  18               8.71254639E-04   2.24464146E-03   48.06945477      1.32391058E-06   3.38223378E+17   9.06709171E+04   0.00000000E+00   4.99150187E+07   0.31490054      
  19               1.03075489E-03   2.67199804E-03   49.01944157      1.54542753E-06   3.94814974E+17   9.06709171E+04   0.00000000E+00   4.98205393E+07   0.3149086       
  20               1.21945479E-03   3.17521326E-03   50.91437649      1.76812652E-06   4.51708548E+17   9.06709171E+04   0.00000000E+00   4.97242734E+07   0.3149168       
  21               1.44269991E-03   3.76755148E-03   51.99078120      2.05453584E-06   5.24878389E+17   9.06709171E+04   0.00000000E+00   4.96259954E+07   0.31492514      
  22               1.70681442E-03   4.46438332E-03   54.04411973      2.34203779E-06   5.98327369E+17   9.06709171E+04   0.00000000E+00   4.95255398E+07   0.31493366      
  23               2.01928028E-03   5.28343480E-03   55.25468959      2.71099102E-06   6.92584948E+17   9.06709171E+04   0.00000000E+00   4.94227499E+07   0.31494236      
  24               2.38894914E-03   6.24516558E-03   57.52178485      3.07816910E-06   7.86389026E+17   9.06709172E+04   0.00000000E+00   4.93174706E+07   0.31495128      
  25               2.82629313E-03   7.37370106E-03   58.91415190      3.54851599E-06   9.06549945E+17   9.06709171E+04   0.00000000E+00   4.92094900E+07   0.31496044      
  26               3.34370152E-03   8.69690895E-03   61.48377188      4.01037783E-06   1.02454317E+18   9.06709172E+04   0.00000000E+00   4.90985695E+07   0.31496986      
  27               3.95583167E-03   1.02467421E-02   63.22333633      4.59503966E-06   1.17390847E+18   9.06709173E+04   0.00000000E+00   4.89844006E+07   0.31497956      
  28               4.68002425E-03   1.20597165E-02   66.34922592      5.15326064E-06   1.31651884E+18   9.06709170E+04   0.00000000E+00   4.88665841E+07   0.31498959      
  29               5.53679448E-03   1.41779959E-02   68.86624369      5.83699501E-06   1.49119450E+18   9.06688206E+04   0.00000000E+00   4.87444471E+07   0.31499998      
  30               6.55041330E-03   1.66503213E-02   72.44929827      6.51582340E-06   1.66461681E+18   9.06654702E+04   5.73156763E+00   4.86176742E+07   0.31501076      
  31               7.74959494E-03   1.95238651E-02   76.16885966      7.26723515E-06   1.85658221E+18   9.06523359E+04   1.86448469E+01   4.84856211E+07   0.31502199      
  32               9.16831029E-03   2.28520447E-02   80.04800333      8.09385518E-06   2.06776129E+18   9.06293331E+04   4.15969225E+01   4.83483926E+07   0.31503372      
  33               1.08467493E-02   2.67019705E-02   84.06495677      9.00552810E-06   2.30066908E+18   9.05964372E+04   7.44940464E+01   4.82057924E+07   0.31504597      
  34               1.28324595E-02   3.11564547E-02   88.25980772      1.00084293E-05   2.55688324E+18   9.05547449E+04   1.16183952E+02   4.80574177E+07   0.31505877      
  35               1.51816929E-02   3.63156002E-02   92.61708884      1.11168813E-05   2.84006278E+18   9.05063979E+04   1.64534909E+02   4.79027487E+07   0.31507222      
  36               1.79609996E-02   4.22977156E-02   97.18401305      1.23396532E-05   3.15244795E+18   9.04536336E+04   2.17299486E+02   4.77412341E+07   0.3150864       
  37               2.12491128E-02   4.92410977E-02   101.94278378     1.36946863E-05   3.49862244E+18   9.04003911E+04   2.70548557E+02   4.75723286E+07   0.31510145      
  38               2.51391797E-02   5.73047444E-02   106.94204481     1.51922773E-05   3.88121709E+18   9.03527603E+04   3.18175180E+02   4.73955442E+07   0.3151175       
  39               2.97413996E-02   6.66729258E-02   112.15868002     1.68537724E-05   4.30568708E+18   9.03157242E+04   3.55207495E+02   4.72104063E+07   0.31513473      
  40               3.51861462E-02   7.75613125E-02   117.64526534     1.86917546E-05   4.77525465E+18   9.02941182E+04   3.76813296E+02   4.70164116E+07   0.31687767      
  41               4.16276604E-02   9.02217242E-02   123.44073945     2.07218133E-05   5.29393308E+18   9.02906372E+04   3.80292793E+02   4.68129845E+07   0.31996195      
  42               4.92484201E-02   1.04947288E-01   129.59667430     2.29569211E-05   5.86547520E+18   9.03035483E+04   3.67380312E+02   4.65994828E+07   0.32251312      
  43               5.82643093E-02   1.22074998E-01   136.08478456     2.54330474E-05   6.49745073E+18   9.03213795E+04   3.49547542E+02   4.63753305E+07   0.32434235      
  44               6.89307339E-02   1.41999669E-01   142.95036772     2.81632688E-05   7.19495188E+18   9.03157855E+04   3.55140932E+02   4.61399066E+07   0.32590031      
  45               8.15498567E-02   1.65181300E-01   150.17977531     3.11839247E-05   7.96664140E+18   9.02375959E+04   4.33331452E+02   4.58925423E+07   0.32575147      
  46               9.64791575E-02   1.92158769E-01   157.75394327     3.45351486E-05   8.82278757E+18   9.00379730E+04   6.32960339E+02   4.56325831E+07   0.32521318      
  47               1.14141560E-01   2.23561010E-01   165.71275968     3.82491202E-05   9.77160612E+18   8.96942178E+04   9.76717877E+02   4.53593589E+07   0.3249183       
  48               1.35037411E-01   2.60110085E-01   174.06283569     4.23674602E-05   1.08237307E+19   8.91804185E+04   1.49054622E+03   4.50722481E+07   0.32446428      
  49               1.59758657E-01   3.02656439E-01   182.82708699     4.69343159E-05   1.19904427E+19   8.83348590E+04   2.33626871E+03   4.47705304E+07   0.32347654      
  50               1.89005613E-01   3.52203490E-01   191.99390294     5.20099734E-05   1.32871567E+19   8.67570887E+04   3.91383531E+03   4.44534063E+07   0.32189414      
  51               2.23606798E-01   4.09810728E-01   201.56385475     5.76432719E-05   1.47263971E+19   8.36391100E+04   7.03181092E+03   4.41207012E+07   0.31985495      
  52               2.64542408E-01   4.76681521E-01   211.50838441     6.38955601E-05   1.63239993E+19   7.78826389E+04   1.27891642E+04   4.37722621E+07   0.31768014      
  53               3.12972084E-01   5.54233493E-01   221.85217183     7.08231012E-05   1.80948473E+19   6.97765757E+04   2.08950810E+04   4.34077013E+07   0.3156224       
  54               3.70267763E-01   6.44160566E-01   232.59501775     7.84677259E-05   2.00594752E+19   6.14932433E+04   2.91796022E+04   4.30262339E+07   0.3136046       
  55               4.38052539E-01   7.48565444E-01   243.78159323     8.70588051E-05   2.22410201E+19   5.51604633E+04   3.55125850E+04   4.26267779E+07   0.31173238      
  56               5.18246648E-01   8.69925233E-01   255.43352750     9.65575485E-05   2.46677687E+19   5.10533259E+04   3.96202550E+04   4.22082009E+07   0.30989398      
  57               6.13121862E-01   1.01103202E+00   267.57970858     1.07126307E-04   2.73676542E+19   4.84159939E+04   4.22572108E+04   4.17694614E+07   0.30829133      
  58               7.25365844E-01   1.17503174E+00   280.24055133     1.18878425E-04   3.03699767E+19   4.63631345E+04   4.43098722E+04   4.13099001E+07   0.30678438      
  59               8.58158289E-01   1.36539888E+00   293.41821562     1.31934050E-04   3.37053087E+19   4.46229078E+04   4.60508584E+04   4.08292135E+07   0.30551395      
  60               1.01526100E+00   1.58606894E+00   307.13633493     1.46411532E-04   3.74038840E+19   4.33922070E+04   4.72810592E+04   4.03271284E+07   0.3043632       
  61               1.20112443E+00   1.84146932E+00   321.38492765     1.62451380E-04   4.15015983E+19   4.28527426E+04   4.78213678E+04   3.98034409E+07   0.30341342      
  62               1.42101382E+00   2.13687871E+00   336.20995419     1.80199560E-04   4.60357416E+19   4.30006883E+04   4.76725068E+04   3.92574496E+07   0.30259763      
  63               1.68115827E+00   2.47826832E+00   351.60563500     1.99837471E-04   5.10526558E+19   4.36104881E+04   4.70633858E+04   3.86885508E+07   0.30197063      
  64               1.98892727E+00   2.87236805E+00   367.62232987     2.21524940E-04   5.65931730E+19   4.43036961E+04   4.63688592E+04   3.80962309E+07   0.30144055      
  65               2.35303941E+00   3.32648113E+00   384.22984434     2.45458711E-04   6.27075465E+19   4.46171323E+04   4.60559668E+04   3.74803971E+07   0.30101591      
  66               2.78380943E+00   3.84855895E+00   401.46571278     2.71790431E-04   6.94345336E+19   4.41553893E+04   4.65167415E+04   3.68412086E+07   0.3006652       
  67               3.29344035E+00   4.44808212E+00   419.30633740     3.00763887E-04   7.68364356E+19   4.27459664E+04   4.79270901E+04   3.61781132E+07   0.3004196       
  68               3.89636920E+00   5.13475553E+00   437.79173362     3.32537349E-04   8.49528696E+19   4.05998354E+04   5.00738996E+04   3.54914897E+07   0.30020817      
  69               4.60967600E+00   5.91854989E+00   456.84624855     3.67310631E-04   9.38363463E+19   3.81416637E+04   5.25319367E+04   3.47822955E+07   0.30003824      
  70               5.45356761E+00   6.80955156E+00   476.48794955     4.05186371E-04   1.03512412E+20   3.54130522E+04   5.52605066E+04   3.40519399E+07   0.29987771      
  71               6.45195012E+00   7.81907132E+00   496.63495215     4.46381894E-04   1.14036462E+20   3.15764716E+04   5.91004655E+04   3.33012954E+07   0.29974364      
  72               7.63310614E+00   8.96308785E+00   517.39605943     4.91163097E-04   1.25475916E+20   2.73718459E+04   6.33070607E+04   3.25286742E+07   0.29961537      
  73               9.03049593E+00   1.02589041E+01   538.73562781     5.39902167E-04   1.37927579E+20   2.49721354E+04   6.57083511E+04   3.17329308E+07   0.29949885      
  74               1.06837053E+01   1.17238216E+01   560.72275411     5.92850751E-04   1.51442182E+20   2.37581774E+04   6.69213340E+04   3.09141044E+07   0.29935692      
  75               1.26395671E+01   1.33744228E+01   583.24884773     6.50198286E-04   1.66091344E+20   2.25680033E+04   6.81217710E+04   3.00733937E+07   0.29919391      
  76               1.49534878E+01   1.52269326E+01   606.34479424     7.12061372E-04   1.81894100E+20   2.14210344E+04   6.92778826E+04   2.92124418E+07   0.29898417      
  77               1.76910170E+01   1.73064615E+01   629.97045648     7.78955664E-04   1.98982067E+20   2.03802962E+04   7.03181947E+04   2.83294638E+07   0.29876084      
  78               2.09297047E+01   1.96404464E+01   654.25098176     8.51199958E-04   2.17436682E+20   1.94804358E+04   7.12180754E+04   2.74230513E+07   0.29850248      
  79               2.47612977E+01   2.22553140E+01   679.08521017     9.29253162E-04   2.37375172E+20   1.86747432E+04   7.20235772E+04   2.64932998E+07   0.29823689      
  80               2.92943389E+01   2.51759696E+01   704.53850763     1.01322531E-03   2.58825648E+20   1.78982001E+04   7.28001043E+04   2.55414678E+07   0.29789173      
  81               3.46572422E+01   2.84265935E+01   730.44501411     1.10347321E-03   2.81879265E+20   1.71160824E+04   7.35817780E+04   2.45693189E+07   0.2975015       
  82               4.10019301E+01   3.20378157E+01   756.91345582     1.20016543E-03   3.06579077E+20   1.63424702E+04   7.43547191E+04   2.35769966E+07   0.29701176      
  83               4.85081376E+01   3.60661403E+01   783.95492105     1.30446655E-03   3.33222575E+20   1.56259459E+04   7.50685005E+04   2.25589036E+07   0.29650027      
  84               5.73885036E+01   4.05720772E+01   811.81411075     1.41708301E-03   3.61989928E+20   1.50207265E+04   7.56524430E+04   2.15108799E+07   0.29589689      
  85               6.78945948E+01   4.56100394E+01   840.35150408     1.53894792E-03   3.93120151E+20   1.45792916E+04   7.62569148E+04   2.04320691E+07   0.29526933      
  86               8.03240320E+01   5.12263329E+01   869.67574646     1.67018080E-03   4.26640175E+20   1.43132404E+04   7.65964670E+04   1.93242806E+07   0.29450476      
  87               9.50289215E+01   5.74573070E+01   899.48794973     1.81124496E-03   4.62674705E+20   1.42656825E+04   7.65797810E+04   1.81913962E+07   0.29370306      
  88               1.12425830E+02   6.43368797E+01   929.87420089     1.96184758E-03   5.01142961E+20   1.44672920E+04   7.63172549E+04   1.70373037E+07   0.29278992      
  89               1.33007583E+02   7.19414600E+01   960.68631333     2.12337630E-03   5.42404749E+20   1.48013651E+04   7.59349075E+04   1.58590762E+07   0.29183664      
  90               1.57357229E+02   8.03463420E+01   992.17487909     2.29618689E-03   5.86548221E+20   1.51322101E+04   7.55742903E+04   1.46553864E+07   0.29081151      
  91               1.86164557E+02   8.96145052E+01   1024.05847661    2.48132338E-03   6.33839636E+20   1.53928384E+04   7.52968503E+04   1.34275276E+07   0.28973491      
  92               2.20245630E+02   9.97983354E+01   1056.49843529    2.67846314E-03   6.84195603E+20   1.55159106E+04   7.51671878E+04   1.21783426E+07   0.28858644      
  93               2.60565913E+02   1.10941646E+02   1089.13428064    2.88833550E-03   7.37800621E+20   1.54949882E+04   7.51868873E+04   1.09114265E+07   0.28737056      
  94               3.08267614E+02   1.23081351E+02   1122.12025091    3.11027166E-03   7.94472179E+20   1.54862843E+04   7.51955283E+04   9.63061258E+06   0.28610517      
  95               3.64702046E+02   1.36328525E+02   1155.27558215    3.34615584E-03   8.54726129E+20   1.57061497E+04   7.49710710E+04   8.33208549E+06   0.28481929      
  96               4.31467909E+02   1.50864983E+02   1189.09443312    3.59763174E-03   9.18962824E+20   1.60482780E+04   7.46246582E+04   7.00720347E+06   0.28349528      
  97               5.10456573E+02   1.66825787E+02   1223.32389010    3.86692713E-03   9.87751198E+20   1.63461738E+04   7.43251107E+04   5.65399895E+06   0.28215595      
  98               6.03905660E+02   1.84321365E+02   1258.23080429    4.15393227E-03   1.06106308E+21   1.65684838E+04   7.41026146E+04   4.27356501E+06   0.28077939      
  99               7.14462436E+02   2.03442847E+02   1293.41774821    4.46013095E-03   1.13927731E+21   1.67088829E+04   7.39625256E+04   2.86875334E+06   0.27939518      
  100              8.45258798E+02   2.24268990E+02   1329.11629875    4.78465231E-03   1.22217131E+21   1.67623141E+04   7.39108014E+04   1.44311322E+06   0.27799861      
  101              1.00000000E+03   2.46874340E+02   1364.89744987    5.12827645E-03   1.31009192E+21   1.67285474E+04   7.39424041E+04   0.00000000E+00   0.27662296      
