# ATMO pressure-temperature profile
# Effective temperature = 900.0K
# log(g) = 4.0cm/s^2
# M/H = 0.0
# Optical depth grid in band 17 (1.20-1.33microns)
# All parameters in cgs units
#
# Model Level      Optical Depth    Pressure         Temperature      Density          Number Density   Rad Flux         Conv Flux        Radial Extension Adiabatic Gradient
#                                   [Ba]             [K]              [g/cm^3]         [/cm^3]          [ergs/s/cm^2/sr] [ergs/s/cm^2/sr] [cm]             [K/Ba]          
  1                5.00000000E-05   1.00000000E-05   274.78121776     1.03118163E-09   2.63595988E+14   3.72000041E+07   0.00000000E+00   4.72970417E+07   0.30362244      
  2                5.91534807E-05   3.27743783E-04   314.48114774     2.95300305E-08   7.54858738E+15   3.72000041E+07   0.00000000E+00   4.15389638E+07   0.30201008      
  3                6.99826855E-05   6.79008513E-04   338.65594994     5.68119694E-08   1.45225322E+16   3.72000041E+07   0.00000000E+00   4.06813680E+07   0.30118741      
  4                8.27943887E-05   1.08118298E-03   347.09572880     8.82619806E-08   2.25619053E+16   3.72000041E+07   0.00000000E+00   4.01134209E+07   0.30089988      
  5                9.79515255E-05   1.54662095E-03   361.75518297     1.21141310E-07   3.09667028E+16   3.72000041E+07   0.00000000E+00   3.96633004E+07   0.30060516      
  6                1.15883473E-04   2.08705928E-03   367.07845769     1.61101316E-07   4.11814586E+16   3.72000041E+07   0.00000000E+00   3.92764434E+07   0.30046984      
  7                1.37098216E-04   2.71599329E-03   379.86141396     2.02593753E-07   5.17880253E+16   3.72000041E+07   0.00000000E+00   3.89283125E+07   0.30028594      
  8                1.62196734E-04   3.44842003E-03   384.44731280     2.54159937E-07   6.49694468E+16   3.72000041E+07   0.00000000E+00   3.86055391E+07   0.30019756      
  9                1.91890027E-04   4.30219223E-03   396.49840556     3.07447881E-07   7.85912517E+16   3.72000041E+07   0.00000000E+00   3.83001154E+07   0.30006701      
  10               2.27019260E-04   5.29769290E-03   400.67444286     3.74643618E-07   9.57681234E+16   3.72000041E+07   0.00000000E+00   3.80067921E+07   0.30000341      
  11               2.68579588E-04   6.45905262E-03   412.28192708     4.43912122E-07   1.13475045E+17   3.72000041E+07   0.00000000E+00   3.77220123E+07   0.29990488      
  12               3.17748350E-04   7.81400555E-03   416.28258634     5.31876766E-07   1.35960048E+17   3.72000041E+07   0.00000000E+00   3.74431624E+07   0.29985566      
  13               3.75918418E-04   9.39530982E-03   427.78376280     6.22317211E-07   1.59078926E+17   3.72000041E+07   0.00000000E+00   3.71683071E+07   0.29979595      
  14               4.44737657E-04   1.12407822E-02   431.83216183     7.37575836E-07   1.88541687E+17   3.72000041E+07   0.00000000E+00   3.68959126E+07   0.29981973      
  15               5.26155608E-04   1.33942251E-02   443.79702163     8.55180659E-07   2.18604477E+17   3.72000041E+07   0.00000000E+00   3.66247679E+07   0.29971612      
  16               6.22478712E-04   1.59055751E-02   448.58106314     1.00471119E-06   2.56823217E+17   3.72000041E+07   0.00000000E+00   3.63538368E+07   0.29959198      
  17               7.36435649E-04   1.88329223E-02   461.24456372     1.15696795E-06   2.95741515E+17   3.72000041E+07   0.00000000E+00   3.60823221E+07   0.29950164      
  18               8.71254639E-04   2.22415787E-02   466.85441200     1.34995413E-06   3.45072208E+17   3.72000041E+07   0.00000000E+00   3.58095731E+07   0.29950097      
  19               1.03075489E-03   2.62137558E-02   478.85591410     1.55116392E-06   3.96506429E+17   3.72000041E+07   0.00000000E+00   3.55350744E+07   0.29948874      
  20               1.21945479E-03   3.08402216E-02   484.91837785     1.80222072E-06   4.60653830E+17   3.72000041E+07   0.00000000E+00   3.52583676E+07   0.29947304      
  21               1.44269991E-03   3.62256077E-02   497.58406791     2.06304100E-06   5.27320983E+17   3.72000041E+07   0.00000000E+00   3.49790753E+07   0.29940657      
  22               1.70681442E-03   4.24881083E-02   504.42313710     2.38688217E-06   6.10096083E+17   3.72000041E+07   0.00000000E+00   3.46968614E+07   0.29936332      
  23               2.01928028E-03   4.97636322E-02   518.01246132     2.72226238E-06   6.95821276E+17   3.72000041E+07   0.00000000E+00   3.44114418E+07   0.29929427      
  24               2.38894914E-03   5.82101839E-02   525.87920619     3.13668562E-06   8.01749711E+17   3.72000041E+07   0.00000000E+00   3.41223878E+07   0.2992461       
  25               2.82629313E-03   6.80106431E-02   540.59878190     3.56499888E-06   9.11229264E+17   3.72000041E+07   0.00000000E+00   3.38293112E+07   0.29915607      
  26               3.34370152E-03   7.93701266E-02   549.64264474     4.09198572E-06   1.04592969E+18   3.72000041E+07   0.00000000E+00   3.35318969E+07   0.29908742      
  27               3.95583167E-03   9.25216222E-02   565.64320728     4.63508511E-06   1.18474941E+18   3.72000041E+07   0.00000000E+00   3.32299162E+07   0.29897903      
  28               4.68002425E-03   1.07723315E-01   576.19222324     5.29784469E-06   1.35415431E+18   3.72000041E+07   0.00000000E+00   3.29231457E+07   0.29890585      
  29               5.53679448E-03   1.25272167E-01   593.90999377     5.97709956E-06   1.52777640E+18   3.72000041E+07   0.00000000E+00   3.26112899E+07   0.29878388      
  30               6.55041330E-03   1.45492479E-01   606.36906836     6.79923237E-06   1.73791826E+18   3.72000041E+07   0.00000000E+00   3.22941049E+07   0.29866288      
  31               7.74959494E-03   1.68743997E-01   626.09895232     7.63732738E-06   1.95214105E+18   3.72000041E+07   0.00000000E+00   3.19714408E+07   0.29845577      
  32               9.16831029E-03   1.95426618E-01   640.92163633     8.64041622E-06   2.20853671E+18   3.72000041E+07   0.00000000E+00   3.16429748E+07   0.29828727      
  33               1.08467493E-02   2.26008301E-01   663.18764879     9.65703061E-06   2.46839013E+18   3.72000042E+07   0.00000000E+00   3.13081849E+07   0.29806973      
  34               1.28324595E-02   2.60999601E-01   680.95766912     1.08611345E-05   2.77616687E+18   3.72000041E+07   0.00000000E+00   3.09665198E+07   0.2978787       
  35               1.51816929E-02   3.00954345E-01   706.20935383     1.20759929E-05   3.08668984E+18   3.72000042E+07   0.00000000E+00   3.06176451E+07   0.2975577       
  36               1.79609996E-02   3.46435154E-01   727.26048726     1.34985592E-05   3.45030750E+18   3.72000041E+07   0.00000000E+00   3.02614212E+07   0.29721358      
  37               2.12491128E-02   3.98030348E-01   755.77560015     1.49238673E-05   3.81460136E+18   3.72000044E+07   0.00000000E+00   2.98979036E+07   0.29671756      
  38               2.51391797E-02   4.56370503E-01   780.38046877     1.65717996E-05   4.23581530E+18   3.72000042E+07   0.00000000E+00   2.95269307E+07   0.29623111      
  39               2.97413996E-02   5.22329950E-01   812.29027843     1.82219271E-05   4.65757131E+18   3.72000043E+07   0.00000000E+00   2.91473577E+07   0.29559209      
  40               3.51861462E-02   5.96777173E-01   840.44462776     2.01216515E-05   5.14314700E+18   3.72000087E+07   0.00000000E+00   2.87585637E+07   0.29495429      
  41               4.16276604E-02   6.80568729E-01   875.74245310     2.20219698E-05   5.62887269E+18   3.71958244E+07   5.51399184E+03   2.83605111E+07   0.29410518      
  42               4.92484201E-02   7.74457558E-01   907.39746649     2.41858466E-05   6.18195586E+18   3.71366779E+07   6.33288940E+04   2.79536882E+07   0.29330387      
  43               5.82643093E-02   8.79294295E-01   944.08311132     2.63929712E-05   6.74605483E+18   3.70696460E+07   1.30350934E+05   2.75387446E+07   0.29229083      
  44               6.89307339E-02   9.96366184E-01   976.74381304     2.89076940E-05   7.38863394E+18   3.70509960E+07   1.49011223E+05   2.71149036E+07   0.2913663       
  45               8.15498567E-02   1.12711993E+00   1014.91626010    3.14711243E-05   8.04388328E+18   3.70718337E+07   1.28163457E+05   2.66814014E+07   0.2902129       
  46               9.64791575E-02   1.27301918E+00   1048.73111035    3.43984773E-05   8.79218130E+18   3.71473028E+07   5.27090961E+04   2.62379690E+07   0.28917239      
  47               1.14141560E-01   1.43551355E+00   1088.43915465    3.73735874E-05   9.55276245E+18   3.72000005E+07   0.00000000E+00   2.57847726E+07   0.28786312      
  48               1.35037411E-01   1.61614722E+00   1122.73985942    4.07902222E-05   1.04262376E+19   3.72000053E+07   0.00000000E+00   2.53221377E+07   0.28669727      
  49               1.59758657E-01   1.81692276E+00   1161.97240236    4.43082744E-05   1.13257375E+19   3.72000050E+07   0.00000000E+00   2.48498676E+07   0.28528459      
  50               1.89005613E-01   2.04060887E+00   1196.02564867    4.83453392E-05   1.23579125E+19   3.72000053E+07   0.00000000E+00   2.43665647E+07   0.28409244      
  51               2.23606798E-01   2.29015834E+00   1235.23995558    5.25338398E-05   1.34288870E+19   3.72000050E+07   0.00000000E+00   2.38713883E+07   0.28268373      
  52               2.64542408E-01   2.56860598E+00   1269.21884966    5.73427062E-05   1.46584084E+19   3.72000053E+07   0.00000000E+00   2.33640648E+07   0.2815148       
  53               3.12972084E-01   2.87916320E+00   1308.47656121    6.23460892E-05   1.59377194E+19   3.72000048E+07   0.00000000E+00   2.28446694E+07   0.28012961      
  54               3.70267763E-01   3.22522137E+00   1342.37297751    6.80752699E-05   1.74025211E+19   3.72000055E+07   0.00000000E+00   2.23134794E+07   0.2789847       
  55               4.38052539E-01   3.61061284E+00   1381.71263159    7.40388416E-05   1.89273160E+19   3.72000042E+07   0.00000000E+00   2.17706320E+07   0.27761439      
  56               5.18246648E-01   4.04123155E+00   1415.58220649    8.08851935E-05   2.06778071E+19   3.72000056E+07   0.00000000E+00   2.12141787E+07   0.27644822      
  57               6.13121862E-01   4.52482070E+00   1455.21158489    8.80967893E-05   2.25216949E+19   3.72000042E+07   0.00000000E+00   2.06412991E+07   0.27498887      
  58               7.25365844E-01   5.06987695E+00   1489.44596313    9.64374132E-05   2.46546310E+19   3.72000049E+07   0.00000000E+00   2.00499567E+07   0.27376211      
  59               8.58158289E-01   5.68510106E+00   1530.03836678    1.05275014E-04   2.69129750E+19   3.72000049E+07   0.00000000E+00   1.94393580E+07   0.27226244      
  60               1.01526100E+00   6.37574698E+00   1565.60229371    1.15380226E-04   2.94968381E+19   3.72000031E+07   0.00000000E+00   1.88127027E+07   0.27100477      
  61               1.20112443E+00   7.14028348E+00   1608.33843224    1.25822497E-04   3.21561358E+19   3.72000043E+07   0.00000000E+00   1.81781315E+07   0.26947483      
  62               1.42101382E+00   7.97013013E+00   1646.84868440    1.37164972E-04   3.50539978E+19   3.72027291E+07   0.00000000E+00   1.75464497E+07   0.268177        
  63               1.68115827E+00   8.84503061E+00   1693.73720409    1.48024272E-04   3.78250188E+19   3.68185634E+07   3.81183037E+05   1.69324387E+07   0.26652101      
  64               1.98892727E+00   9.71922647E+00   1736.27650775    1.58711676E-04   4.05451258E+19   3.41633299E+07   3.03662075E+06   1.63620827E+07   0.26505982      
  65               2.35303941E+00   1.05089512E+01   1772.91790398    1.68166136E-04   4.29335293E+19   3.04918536E+07   6.71008684E+06   1.58786646E+07   0.26370713      
  66               2.78380943E+00   1.11490604E+01   1800.27078250    1.75846164E-04   4.48565921E+19   2.73000571E+07   9.90009501E+06   1.55064127E+07   0.26272903      
  67               3.29344035E+00   1.18373914E+01   1829.24180386    1.83747876E-04   4.68717026E+19   2.49512896E+07   1.22470271E+07   1.51234823E+07   0.26165638      
  68               3.89636920E+00   1.26029018E+01   1858.94578339    1.92500007E-04   4.91054471E+19   2.24734873E+07   1.47269104E+07   1.47164539E+07   0.26056009      
  69               4.60967600E+00   1.32402655E+01   1883.41167351    1.99659819E-04   5.09186962E+19   1.97688061E+07   1.74419582E+07   1.43913339E+07   0.25963098      
  70               5.45356761E+00   1.37313894E+01   1900.80105184    2.05168336E-04   5.23243279E+19   1.79166661E+07   1.92895042E+07   1.41486781E+07   0.25900981      
  71               6.45195012E+00   1.42851987E+01   1920.83529526    2.11213811E-04   5.38669020E+19   1.67295895E+07   2.04672044E+07   1.38826399E+07   0.25825476      
  72               7.63310614E+00   1.49105685E+01   1941.67800120    2.18090210E-04   5.56215173E+19   1.55870704E+07   2.16098474E+07   1.35912612E+07   0.25749317      
  73               9.03049593E+00   1.56137133E+01   1965.32680052    2.25613518E-04   5.75436313E+19   1.37856876E+07   2.34320078E+07   1.32742721E+07   0.25657706      
  74               1.06837053E+01   1.61138456E+01   1980.73051268    2.31235014E-04   5.89250074E+19   1.17431867E+07   2.55671384E+07   1.30552781E+07   0.25563695      
  75               1.26395671E+01   1.64549992E+01   1991.87162450    2.34805681E-04   5.98359734E+19   1.04903010E+07   2.67895362E+07   1.29088687E+07   0.25487814      
  76               1.49534878E+01   1.68454339E+01   2003.27402451    2.39005773E-04   6.09070664E+19   9.88523572E+06   2.73119747E+07   1.27440563E+07   0.25440389      
  77               1.76910170E+01   1.72932904E+01   2017.21175557    2.43660438E-04   6.20943354E+19   9.46694089E+06   2.77302550E+07   1.25584716E+07   0.2537826       
  78               2.09297047E+01   1.78052156E+01   2031.64504007    2.49086806E-04   6.34782935E+19   9.05306801E+06   2.81441639E+07   1.23506748E+07   0.25317086      
  79               2.47612977E+01   1.83881722E+01   2048.80895581    2.55080790E-04   6.50074213E+19   8.71150359E+06   2.84855837E+07   1.21194033E+07   0.25239359      
  80               2.92943389E+01   1.90517742E+01   2066.64291288    2.61998583E-04   6.67722211E+19   8.35195189E+06   2.88449603E+07   1.18627071E+07   0.25161479      
  81               3.46572422E+01   1.98046470E+01   2087.42498895    2.69631257E-04   6.87198286E+19   8.01716956E+06   2.91797419E+07   1.15794458E+07   0.25064578      
  82               4.10019301E+01   2.06559337E+01   2108.94725619    2.78340557E-04   7.09422490E+19   7.63226137E+06   2.95646450E+07   1.12687019E+07   0.2496555       
  83               4.85081376E+01   2.16153551E+01   2133.52074771    2.87900133E-04   7.33823040E+19   7.26849738E+06   2.99284055E+07   1.09297793E+07   0.24847727      
  84               5.73885036E+01   2.26932601E+01   2158.82183952    2.98698410E-04   7.61387823E+19   6.86315622E+06   3.03337390E+07   1.05622064E+07   0.24729169      
  85               6.78945948E+01   2.39007060E+01   2187.21276965    3.10486730E-04   7.91490191E+19   6.48058341E+06   3.07163050E+07   1.01657183E+07   0.24588665      
  86               8.03240320E+01   2.52495608E+01   2216.23418098    3.23689370E-04   8.25209119E+19   6.06680578E+06   3.11300731E+07   9.74023757E+06   0.24443411      
  87               9.50289215E+01   2.67526387E+01   2248.31844195    3.38032139E-04   8.61855865E+19   5.67623344E+06   3.15206388E+07   9.28583691E+06   0.24271173      
  88               1.12425830E+02   2.84238577E+01   2280.85889709    3.53986562E-04   9.02631408E+19   5.26045092E+06   3.19364387E+07   8.80270948E+06   0.2409623       
  89               1.33007583E+02   3.02778248E+01   2316.39056865    3.71280547E-04   9.46757432E+19   4.86992468E+06   3.23269796E+07   8.29129651E+06   0.23896544      
  90               1.57357229E+02   3.23312342E+01   2352.15680733    3.90375217E-04   9.95593042E+19   4.48411613E+06   3.27127623E+07   7.75192951E+06   0.23694978      
  91               1.86164557E+02   3.46029054E+01   2390.84986001    4.10969477E-04   1.04830124E+20   4.13616977E+06   3.30607007E+07   7.18477568E+06   0.23468969      
  92               2.20245630E+02   3.71131049E+01   2429.54893163    4.33676455E-04   1.10643901E+20   3.79027143E+06   3.34066191E+07   6.59017977E+06   0.23244623      
  93               2.60565913E+02   3.98843210E+01   2471.11020037    4.58111751E-04   1.16905765E+20   3.47162290E+06   3.37252997E+07   5.96844738E+06   0.22997354      
  94               3.08267614E+02   4.29416609E+01   2512.43657649    4.84989458E-04   1.23796843E+20   3.15673340E+06   3.40402364E+07   5.31982242E+06   0.22750341      
  95               3.64702046E+02   4.63141631E+01   2556.58358517    5.13886549E-04   1.31213846E+20   2.86989100E+06   3.43271498E+07   4.64427679E+06   0.22462085      
  96               4.31467909E+02   5.00352462E+01   2600.21681377    5.45674273E-04   1.39377387E+20   2.59740507E+06   3.45997174E+07   3.94157466E+06   0.22215025      
  97               5.10456573E+02   5.41430315E+01   2646.84443885    5.79837449E-04   1.48163078E+20   2.34912529E+06   3.48480968E+07   3.21129252E+06   0.21901679      
  98               6.03905660E+02   5.86815352E+01   2692.59683246    6.17498077E-04   1.57854140E+20   2.08788168E+06   3.51094746E+07   2.45281181E+06   0.21341671      
  99               7.14462436E+02   6.37026833E+01   2740.30623925    6.58339115E-04   1.68377659E+20   1.88168873E+06   3.53157868E+07   1.66528813E+06   0.2103806       
  100              8.45258798E+02   6.92632590E+01   2788.17004163    7.03139066E-04   1.79932455E+20   1.66790355E+06   3.55297303E+07   8.47995335E+05   0.20420583      
  101              1.00000000E+03   7.54305215E+01   2836.51996676    7.52252781E-04   1.92613670E+20   1.57029880E+06   3.56273415E+07   0.00000000E+00   0.20155637      
