# ATMO pressure-temperature profile
# Effective temperature = 900.0K
# log(g) = 2.5cm/s^2
# M/H = 0.0
# Optical depth grid in band 17 (1.20-1.33microns)
# All parameters in cgs units
#
# Model Level      Optical Depth    Pressure         Temperature      Density          Number Density   Rad Flux         Conv Flux        Radial Extension Adiabatic Gradient
#                                   [Ba]             [K]              [g/cm^3]         [/cm^3]          [ergs/s/cm^2/sr] [ergs/s/cm^2/sr] [cm]             [K/Ba]          
  1                5.00000000E-04   1.00000000E-05   248.96180056     1.13869687E-09   2.90933093E+14   3.72000089E+07   0.00000000E+00   1.25616769E+09   0.30661457      
  2                5.78069831E-04   1.19259707E-04   304.10365957     1.11176097E-08   2.84052052E+15   3.72000089E+07   0.00000000E+00   1.15906075E+09   0.30275974      
  3                6.68329458E-04   2.33607626E-04   325.20508654     2.03642306E-08   5.20302036E+15   3.72000089E+07   0.00000000E+00   1.13502883E+09   0.30172873      
  4                7.72682194E-04   3.59850809E-04   344.46225057     2.96153929E-08   7.56670301E+15   3.72000089E+07   0.00000000E+00   1.11877277E+09   0.30107276      
  5                8.93328530E-04   5.00985364E-04   356.54934024     3.98328741E-08   1.01772687E+16   3.72000089E+07   0.00000000E+00   1.10577844E+09   0.30075139      
  6                1.03281254E-03   6.59947617E-04   370.36131191     5.05147971E-08   1.29065358E+16   3.72000089E+07   0.00000000E+00   1.09457210E+09   0.30046446      
  7                1.19407555E-03   8.39771640E-04   378.88409557     6.28336825E-08   1.60539043E+16   3.72000089E+07   0.00000000E+00   1.08447857E+09   0.30031308      
  8                1.38051810E-03   1.04377895E-03   390.46489379     7.57815241E-08   1.93620965E+16   3.72000089E+07   0.00000000E+00   1.07512952E+09   0.30014417      
  9                1.59607173E-03   1.27553478E-03   397.91292356     9.08742815E-08   2.32182829E+16   3.72000089E+07   0.00000000E+00   1.06629814E+09   0.30004798      
  10               1.84528182E-03   1.53903361E-03   409.05602659     1.06659839E-07   2.72515462E+16   3.72000089E+07   0.00000000E+00   1.05783449E+09   0.29992511      
  11               2.13340350E-03   1.83868806E-03   416.51054927     1.25149106E-07   3.19748039E+16   3.72000089E+07   0.00000000E+00   1.04963271E+09   0.29985238      
  12               2.46651240E-03   2.17956866E-03   427.79042002     1.44439151E-07   3.69033116E+16   3.72000089E+07   0.00000000E+00   1.04161508E+09   0.29975479      
  13               2.85163282E-03   2.56737852E-03   435.65676703     1.67067140E-07   4.26846062E+16   3.72000089E+07   0.00000000E+00   1.03372047E+09   0.29969408      
  14               3.29688580E-03   3.00863804E-03   447.19823659     1.90728988E-07   4.87299201E+16   3.72000089E+07   0.00000000E+00   1.02590346E+09   0.29961373      
  15               3.81166043E-03   3.51067223E-03   455.37950904     2.18569018E-07   5.58396438E+16   3.72000089E+07   0.00000000E+00   1.01812786E+09   0.29956077      
  16               4.40681180E-03   4.08286852E-03   465.46597933     2.48684687E-07   6.35335746E+16   3.72000089E+07   0.00000000E+00   1.01036671E+09   0.29950191      
  17               5.09488990E-03   4.73520150E-03   473.38934316     2.83590430E-07   7.24512407E+16   3.72000089E+07   0.00000000E+00   1.00259889E+09   0.29945647      
  18               5.89040429E-03   5.47893241E-03   483.53013234     3.21250501E-07   8.20726090E+16   3.72000089E+07   0.00000000E+00   9.94806902E+08   0.29940164      
  19               6.81013002E-03   6.32671254E-03   491.68755012     3.64804589E-07   9.31997463E+16   3.72000089E+07   0.00000000E+00   9.86975650E+08   0.2993583       
  20               7.87346142E-03   7.29285510E-03   502.22971650     4.11686321E-07   1.05177058E+17   3.72000089E+07   0.00000000E+00   9.79091991E+08   0.299303        
  21               9.10282102E-03   8.39346655E-03   510.80487808     4.65862309E-07   1.19017868E+17   3.72000089E+07   0.00000000E+00   9.71144647E+08   0.29925715      
  22               1.05241324E-02   9.64703895E-03   521.86248132     5.24093874E-07   1.33894826E+17   3.72000089E+07   0.00000000E+00   9.63122029E+08   0.29919713      
  23               1.21673669E-02   1.10745463E-02   531.07099787     5.91213676E-07   1.51042512E+17   3.72000089E+07   0.00000000E+00   9.55012389E+08   0.29918794      
  24               1.40671754E-02   1.26995166E-02   543.00582197     6.63061351E-07   1.69398104E+17   3.72000089E+07   0.00000000E+00   9.46805164E+08   0.2991242       
  25               1.62636194E-02   1.45482375E-02   553.24325444     7.45530204E-07   1.90467154E+17   3.72000089E+07   0.00000000E+00   9.38490172E+08   0.29904683      
  26               1.88030155E-02   1.66502463E-02   566.22397631     8.33687539E-07   2.12989525E+17   3.72000089E+07   0.00000000E+00   9.30058761E+08   0.29893267      
  27               2.17389119E-02   1.90382085E-02   577.61006976     9.34463221E-07   2.38735587E+17   3.72000089E+07   0.00000000E+00   9.21503275E+08   0.29883862      
  28               2.51332183E-02   2.17481629E-02   591.95645032     1.04160640E-06   2.66108447E+17   3.72000089E+07   0.00000000E+00   9.12817090E+08   0.29873752      
  29               2.90575105E-02   2.48191991E-02   604.95445755     1.16315040E-06   2.97160391E+17   3.72000089E+07   0.00000000E+00   9.03994113E+08   0.29864684      
  30               3.35945403E-02   2.82941666E-02   621.13839613     1.29145504E-06   3.29939544E+17   3.72000089E+07   0.00000000E+00   8.95028227E+08   0.29852343      
  31               3.88399805E-02   3.22208994E-02   636.01167909     1.43629384E-06   3.66942832E+17   3.72000089E+07   0.00000000E+00   8.85910847E+08   0.29838948      
  32               4.49044419E-02   3.66553422E-02   654.13162381     1.58870406E-06   4.05880299E+17   3.72000089E+07   0.00000000E+00   8.76627685E+08   0.29821292      
  33               5.19158062E-02   4.16571762E-02   671.21358532     1.75954310E-06   4.49526117E+17   3.72000089E+07   0.00000000E+00   8.67167321E+08   0.29802637      
  34               6.00219227E-02   4.72892081E-02   691.91654919     1.93766955E-06   4.95033014E+17   3.72000089E+07   0.00000000E+00   8.57521807E+08   0.29778959      
  35               6.93937253E-02   5.36158174E-02   711.92010859     2.13518440E-06   5.45490902E+17   3.72000089E+07   0.00000000E+00   8.47685910E+08   0.29752557      
  36               8.02288381E-02   6.07031874E-02   735.71144653     2.33925878E-06   5.97626466E+17   3.72000089E+07   0.00000000E+00   8.37657586E+08   0.29715603      
  37               9.27557418E-02   6.86148265E-02   759.03236076     2.56291434E-06   6.54762076E+17   3.72000089E+07   0.00000000E+00   8.27439710E+08   0.29672781      
  38               1.07238592E-01   7.74194796E-02   786.88295032     2.78943447E-06   7.12633037E+17   3.71775837E+07   2.24252667E+04   8.17026440E+08   0.29619443      
  39               1.23982789E-01   8.71987878E-02   814.87746223     3.03384664E-06   7.75075449E+17   3.70507817E+07   1.49227207E+05   8.06395950E+08   0.29563174      
  40               1.43341420E-01   9.80527867E-02   843.81274860     3.29448984E-06   8.41665834E+17   3.68500605E+07   3.49948419E+05   7.95539221E+08   0.29503239      
  41               1.65722701E-01   1.10078156E-01   872.86854928     3.57540622E-06   9.13436036E+17   3.65905044E+07   6.09504557E+05   7.84459167E+08   0.29436156      
  42               1.91598587E-01   1.23367152E-01   902.83461066     3.87404409E-06   9.89731010E+17   3.62830431E+07   9.16965819E+05   7.73167765E+08   0.29361015      
  43               2.21514726E-01   1.38007382E-01   932.79196411     4.19459988E-06   1.07162630E+18   3.59426019E+07   1.25740699E+06   7.61683033E+08   0.29277148      
  44               2.56101960E-01   1.54130304E-01   963.64988680     4.53449212E-06   1.15849616E+18   3.55816267E+07   1.61838223E+06   7.49992501E+08   0.29186968      
  45               2.96089634E-01   1.71895925E-01   994.53969957     4.89994553E-06   1.25189902E+18   3.52067328E+07   1.99327617E+06   7.38074028E+08   0.29091721      
  46               3.42320969E-01   1.91453984E-01   1026.40944224    5.28782605E-06   1.35104436E+18   3.48177381E+07   2.38227087E+06   7.25923594E+08   0.28995837      
  47               3.95770849E-01   2.12946890E-01   1058.26353117    5.70427192E-06   1.45748238E+18   3.44174255E+07   2.78258343E+06   7.13548269E+08   0.28896614      
  48               4.57566375E-01   2.36514444E-01   1091.06275049    6.14497397E-06   1.57012337E+18   3.40062018E+07   3.19380715E+06   7.00960331E+08   0.28795251      
  49               5.29010634E-01   2.62291771E-01   1123.72827116    6.61650422E-06   1.69063244E+18   3.35891137E+07   3.61089529E+06   6.88176422E+08   0.28687728      
  50               6.11610175E-01   2.90449048E-01   1157.30166704    7.11413981E-06   1.81781306E+18   3.31819735E+07   4.01803546E+06   6.75198197E+08   0.28577862      
  51               7.07106781E-01   3.21245422E-01   1190.77182359    7.64722109E-06   1.95404354E+18   3.27924942E+07   4.40751478E+06   6.61994771E+08   0.28459595      
  52               8.17514195E-01   3.54934457E-01   1225.27156830    8.21122209E-06   2.09817470E+18   3.24117975E+07   4.78821156E+06   6.48550634E+08   0.28335144      
  53               9.45160584E-01   3.91761413E-01   1259.65802669    8.81574607E-06   2.25265581E+18   3.20322330E+07   5.16777600E+06   6.34862871E+08   0.28202323      
  54               1.09273764E+00   4.31969294E-01   1295.07130321    9.45469790E-06   2.41593384E+18   3.16471431E+07   5.55286601E+06   6.20935860E+08   0.28063382      
  55               1.26335732E+00   4.75807827E-01   1330.28352294    1.01385339E-05   2.59067664E+18   3.12558127E+07   5.94419636E+06   6.06776464E+08   0.27925693      
  56               1.46061751E+00   5.23523081E-01   1366.50117697    1.08596007E-05   2.77492764E+18   3.08521408E+07   6.34786840E+06   5.92396326E+08   0.27809859      
  57               1.68867783E+00   5.75397329E-01   1402.49212214    1.16294139E-05   2.97161985E+18   3.04253414E+07   6.77466770E+06   5.77799220E+08   0.27691476      
  58               1.95234742E+00   6.31824192E-01   1439.54703738    1.24419286E-05   3.17904174E+18   2.99392133E+07   7.26079586E+06   5.62964801E+08   0.27557469      
  59               2.25718628E+00   6.93157440E-01   1476.34303959    1.33094869E-05   3.40071665E+18   2.93271107E+07   7.87289838E+06   5.47892741E+08   0.27410768      
  60               2.60962258E+00   7.59592164E-01   1514.09397111    1.42257997E-05   3.63373695E+18   2.85011467E+07   8.69886248E+06   5.32623981E+08   0.27267192      
  61               3.01708817E+00   8.31006787E-01   1551.20429490    1.51913832E-05   3.88026523E+18   2.73646149E+07   9.83539411E+06   5.17261827E+08   0.27117947      
  62               3.48817529E+00   9.06703367E-01   1588.56495299    1.61861573E-05   4.13414868E+18   2.58283177E+07   1.13716917E+07   5.01996421E+08   0.26974396      
  63               4.03281780E+00   9.83922277E-01   1623.52479065    1.71902848E-05   4.38962791E+18   2.38865482E+07   1.33134611E+07   4.87357046E+08   0.26834617      
  64               4.66250061E+00   1.05748398E+00   1655.52290562    1.81237160E-05   4.62662652E+18   2.18144921E+07   1.53855181E+07   4.74177600E+08   0.26712803      
  65               5.39050188E+00   1.13579281E+00   1686.99407822    1.91154452E-05   4.87653558E+18   1.95999648E+07   1.76000452E+07   4.60872466E+08   0.2657431       
  66               6.23217301E+00   1.20365833E+00   1713.48354059    1.99506908E-05   5.08802373E+18   1.74901598E+07   1.97098533E+07   4.49882375E+08   0.26464994      
  67               7.20526240E+00   1.25844391E+00   1733.41055195    2.06187486E-05   5.25845625E+18   1.61170842E+07   2.10829276E+07   4.41340440E+08   0.26369116      
  68               8.33028963E+00   1.31859772E+00   1755.19787534    2.13358491E-05   5.44141784E+18   1.50397158E+07   2.21602980E+07   4.32271068E+08   0.26276389      
  69               9.63097823E+00   1.38477241E+00   1777.54043835    2.21237602E-05   5.64267131E+18   1.37725728E+07   2.34274389E+07   4.22639264E+08   0.26161074      
  70               1.11347559E+01   1.43616719E+00   1794.86337529    2.27430194E-05   5.79561390E+18   1.24504447E+07   2.47495736E+07   4.15392941E+08   0.26085344      
  71               1.28733329E+01   1.47328841E+00   1806.50830751    2.31798308E-05   5.90709085E+18   1.15438599E+07   2.56561576E+07   4.10280323E+08   0.26018225      
  72               1.48833708E+01   1.51401777E+00   1819.68930465    2.36477036E-05   6.02642242E+18   1.09095436E+07   2.62904763E+07   4.04779114E+08   0.25962405      
  73               1.72072553E+01   1.55917387E+00   1833.28274390    2.41719656E-05   6.16014504E+18   1.03519245E+07   2.68480984E+07   3.98806478E+08   0.25882932      
  74               1.98939903E+01   1.60938456E+00   1848.69272215    2.47418459E-05   6.30552045E+18   9.84215501E+06   2.73578683E+07   3.92313794E+08   0.25812547      
  75               2.30002312E+01   1.66501578E+00   1864.63261915    2.53775846E-05   6.46771561E+18   9.33758596E+06   2.78624400E+07   3.85293141E+08   0.25714822      
  76               2.65914795E+01   1.72659324E+00   1882.42067746    2.60666154E-05   6.64353443E+18   8.82623714E+06   2.83737896E+07   3.77722119E+08   0.25624674      
  77               3.07434641E+01   1.79413198E+00   1900.66738136    2.68252556E-05   6.83713424E+18   8.27972693E+06   2.89203046E+07   3.69645325E+08   0.25506278      
  78               3.55437382E+01   1.86819325E+00   1920.65425188    2.76406793E-05   7.04528304E+18   7.84423745E+06   2.93557946E+07   3.61044402E+08   0.25399257      
  79               4.10935254E+01   1.94992867E+00   1941.30106470    2.85416871E-05   7.27531281E+18   7.46068335E+06   2.97393526E+07   3.51842101E+08   0.25260711      
  80               4.75098546E+01   2.03998203E+00   1963.81813966    2.95156696E-05   7.52403687E+18   7.09730678E+06   3.01027289E+07   3.42030628E+08   0.25129483      
  81               5.49280272E+01   2.13902235E+00   1986.98895968    3.05856078E-05   7.79732630E+18   6.71664333E+06   3.04833975E+07   3.31606792E+08   0.2495979       
  82               6.35044707E+01   2.24775499E+00   2011.94623438    3.17390681E-05   8.09204779E+18   6.34961965E+06   3.08504207E+07   3.20570967E+08   0.24796831      
  83               7.34200373E+01   2.36693342E+00   2037.51209291    3.29994157E-05   8.41417784E+18   5.97072611E+06   3.12293220E+07   3.08925737E+08   0.24596414      
  84               8.48838171E+01   2.49737405E+00   2064.74702702    3.43549338E-05   8.76077619E+18   5.61304848E+06   3.15869982E+07   2.96674895E+08   0.24405977      
  85               9.81375475E+01   2.63995484E+00   2092.53425833    3.58295189E-05   9.13797069E+18   5.24903827E+06   3.19510192E+07   2.83823603E+08   0.24174729      
  86               1.13460711E+02   2.79563481E+00   2121.84223887    3.74128197E-05   9.54318159E+18   4.90542098E+06   3.22946338E+07   2.70377297E+08   0.23953086      
  87               1.31176428E+02   2.96545165E+00   2151.63648855    3.91292581E-05   9.98269464E+18   4.56127651E+06   3.26387940E+07   2.56342024E+08   0.2369465       
  88               1.51658271E+02   3.15054373E+00   2182.79606378    4.09701840E-05   1.04543778E+19   4.23979492E+06   3.29602691E+07   2.41723473E+08   0.23447011      
  89               1.75338142E+02   3.35215001E+00   2214.37755585    4.29606994E-05   1.09647217E+19   3.92109467E+06   3.32789902E+07   2.26527242E+08   0.2315636       
  90               2.02715380E+02   3.57164045E+00   2247.14214437    4.50949607E-05   1.15123246E+19   3.62234996E+06   3.35777237E+07   2.10757756E+08   0.22867293      
  91               2.34367291E+02   3.81051799E+00   2280.24222264    4.73991316E-05   1.21039988E+19   3.32327743E+06   3.38768297E+07   1.94418663E+08   0.22536605      
  92               2.70961321E+02   4.07023073E+00   2314.31017844    4.98733459E-05   1.27386470E+19   3.04040182E+06   3.41596892E+07   1.77526379E+08   0.22212765      
  93               3.13269130E+02   4.35260121E+00   2348.62304242    5.25353872E-05   1.34233650E+19   2.77610254E+06   3.44240393E+07   1.60081768E+08   0.21864157      
  94               3.62182865E+02   4.65984735E+00   2383.79253626    5.53919716E-05   1.41588856E+19   2.53857648E+06   3.46615363E+07   1.42070700E+08   0.21519252      
  95               4.18733975E+02   4.99419133E+00   2419.16164524    5.84725465E-05   1.49529241E+19   2.31417723E+06   3.48860087E+07   1.23492796E+08   0.21159296      
  96               4.84114957E+02   5.35805395E+00   2455.27137783    6.17798632E-05   1.58064165E+19   2.10476388E+06   3.50953794E+07   1.04348438E+08   0.2079472       
  97               5.59704502E+02   5.75413944E+00   2491.48214412    6.53475278E-05   1.67281704E+19   1.90704192E+06   3.52932150E+07   8.46353834E+07   0.2044052       
  98               6.47096573E+02   6.18547654E+00   2528.41513992    6.91790561E-05   1.77194657E+19   1.72463779E+06   3.54755547E+07   6.43483662E+07   0.20064967      
  99               7.48134013E+02   6.65537458E+00   2565.29987440    7.33174425E-05   1.87914461E+19   1.56006403E+06   3.56402997E+07   4.34834776E+07   0.1971731       
  100              8.64947405E+02   7.16746625E+00   2602.95594409    7.77618406E-05   1.99445701E+19   1.40981445E+06   3.57904619E+07   2.20365788E+07   0.1933074       
  101              1.00000000E+03   7.72585794E+00   2640.34250829    8.25715683E-05   2.11939688E+19   1.32847828E+06   3.59761164E+07   0.00000000E+00   0.19008211      
