# ATMO pressure-temperature profile
# Effective temperature = 1800.0K
# log(g) = 4.0cm/s^2
# M/H = 0.0
# Optical depth grid in band 17 (1.20-1.33microns)
# All parameters in cgs units
#
# Model Level      Optical Depth    Pressure         Temperature      Density          Number Density   Rad Flux         Conv Flux        Radial Extension Adiabatic Gradient
#                                   [Ba]             [K]              [g/cm^3]         [/cm^3]          [ergs/s/cm^2/sr] [ergs/s/cm^2/sr] [cm]             [K/Ba]          
  1                1.00000000E-06   1.00000000E-05   427.84944721     6.62653966E-10   1.69291387E+14   5.94658960E+08   0.00000000E+00   7.41101895E+07   0.2980103       
  2                1.23026877E-06   1.70787683E-05   484.29165638     9.99832437E-10   2.55432056E+14   5.94658960E+08   0.00000000E+00   7.32405267E+07   0.29792866      
  3                1.51356125E-06   2.52695708E-05   507.13462567     1.41270739E-09   3.60911268E+14   5.94658960E+08   0.00000000E+00   7.25513402E+07   0.29774599      
  4                1.86208714E-06   3.50212573E-05   528.20588942     1.87977548E-09   4.80235582E+14   5.94658960E+08   0.00000000E+00   7.19529277E+07   0.29763241      
  5                2.29086765E-06   4.67240515E-05   541.69900565     2.44545575E-09   6.24752921E+14   5.94658960E+08   0.00000000E+00   7.14070986E+07   0.29739658      
  6                2.81838293E-06   6.08231823E-05   558.16157352     3.08948607E-09   7.89287172E+14   5.94658960E+08   0.00000000E+00   7.08941553E+07   0.29727932      
  7                3.46736850E-06   7.78367529E-05   569.48259928     3.87508361E-09   9.89988366E+14   5.94658959E+08   0.00000000E+00   7.04024422E+07   0.29699646      
  8                4.26579519E-06   9.83897528E-05   584.48422725     4.77257823E-09   1.21927849E+15   5.94658959E+08   0.00000000E+00   6.99245189E+07   0.29687233      
  9                5.24807460E-06   1.23229264E-04   594.94926331     5.87231925E-09   1.50023662E+15   5.94658959E+08   0.00000000E+00   6.94553148E+07   0.29693989      
  10               6.45654229E-06   1.53261172E-04   609.24427830     7.13205590E-09   1.82207615E+15   5.94658959E+08   0.00000000E+00   6.89912584E+07   0.29685002      
  11               7.94328235E-06   1.89571479E-04   619.31678798     8.67830836E-09   2.21710359E+15   5.94658959E+08   0.00000000E+00   6.85297226E+07   0.29659427      
  12               9.77237221E-06   2.33485175E-04   633.36326347     1.04515042E-08   2.67012923E+15   5.94658959E+08   0.00000000E+00   6.80686247E+07   0.29649802      
  13               1.20226443E-05   2.86616762E-04   643.42086767     1.26292156E-08   3.22650456E+15   5.94658960E+08   0.00000000E+00   6.76061636E+07   0.29622051      
  14               1.47910839E-05   3.50916510E-04   657.64178516     1.51280164E-08   3.86491762E+15   5.94658960E+08   0.00000000E+00   6.71409734E+07   0.29611618      
  15               1.81970086E-05   4.28725725E-04   667.97757394     1.81962494E-08   4.64882824E+15   5.94658961E+08   0.00000000E+00   6.66719991E+07   0.29581205      
  16               2.23872114E-05   5.22871066E-04   682.48798901     2.17198780E-08   5.54913687E+15   5.94658961E+08   0.00000000E+00   6.61984345E+07   0.29569884      
  17               2.75422870E-05   6.36747972E-04   693.05743172     2.60466639E-08   6.65463417E+15   5.94658963E+08   0.00000000E+00   6.57196601E+07   0.29536889      
  18               3.38844156E-05   7.74451048E-04   707.79220576     3.10195030E-08   7.92526943E+15   5.94658964E+08   0.00000000E+00   6.52352087E+07   0.2952472       
  19               4.16869383E-05   9.40889453E-04   718.55280324     3.71212445E-08   9.48431025E+15   5.94658966E+08   0.00000000E+00   6.47447247E+07   0.29488762      
  20               5.12861384E-05   1.14196516E-03   733.52797319     4.41338732E-08   1.12761803E+16   5.94658969E+08   0.00000000E+00   6.42479467E+07   0.29475606      
  21               6.30957344E-05   1.38473786E-03   744.50247678     5.27270623E-08   1.34718506E+16   5.94658972E+08   0.00000000E+00   6.37446813E+07   0.29436579      
  22               7.76247117E-05   1.67766943E-03   759.78965144     6.25949868E-08   1.59933284E+16   5.94658976E+08   0.00000000E+00   6.32347876E+07   0.29422369      
  23               9.54992586E-05   2.03110595E-03   770.96560959     7.46828590E-08   1.90819789E+16   5.94658981E+08   0.00000000E+00   6.27178582E+07   0.29380069      
  24               1.17489755E-04   2.45768285E-03   786.50229602     8.85820519E-08   2.26334982E+16   5.94658988E+08   0.00000000E+00   6.21933960E+07   0.29364823      
  25               1.44543977E-04   2.97256443E-03   797.88571078     1.05610694E-07   2.69846276E+16   5.94658995E+08   0.00000000E+00   6.16610665E+07   0.29319017      
  26               1.77827941E-04   3.59392969E-03   813.82039557     1.25186816E-07   3.19865092E+16   5.94659003E+08   0.00000000E+00   6.11206680E+07   0.29302502      
  27               2.18776162E-04   4.34352371E-03   825.59052808     1.49139514E-07   3.81068749E+16   5.94659012E+08   0.00000000E+00   6.05720747E+07   0.29252938      
  28               2.69153480E-04   5.24722229E-03   842.12016315     1.76635219E-07   4.51316526E+16   5.94659021E+08   0.00000000E+00   6.00152874E+07   0.29234845      
  29               3.31131121E-04   6.33575864E-03   854.56380865     2.10171716E-07   5.37007026E+16   5.94659030E+08   0.00000000E+00   5.94503281E+07   0.29180794      
  30               4.07380278E-04   7.64571154E-03   872.03119413     2.48543638E-07   6.35055567E+16   5.94659039E+08   0.00000000E+00   5.88771794E+07   0.29160442      
  31               5.01187234E-04   9.21996382E-03   885.47270679     2.95167932E-07   7.54188450E+16   5.94659048E+08   0.00000000E+00   5.82959622E+07   0.29146351      
  32               6.16595002E-04   1.11088678E-02   904.17113787     3.48282231E-07   8.89907773E+16   5.94659058E+08   0.00000000E+00   5.77068342E+07   0.29120626      
  33               7.58577575E-04   1.33709442E-02   918.97244754     4.12448921E-07   1.05386608E+17   5.94659069E+08   0.00000000E+00   5.71099961E+07   0.29042354      
  34               9.33254301E-04   1.60757055E-02   939.32327118     4.85135295E-07   1.23959781E+17   5.94659085E+08   0.00000000E+00   5.65053344E+07   0.290032        
  35               1.14815362E-03   1.93078053E-02   955.74455879     5.72660848E-07   1.46324456E+17   5.94659109E+08   0.00000000E+00   5.58921309E+07   0.28914436      
  36               1.41253754E-03   2.31663073E-02   978.00554158     6.71459163E-07   1.71569995E+17   5.94659137E+08   0.00000000E+00   5.52698876E+07   0.28874381      
  37               1.73780083E-03   2.77650822E-02   996.62274857     7.89715853E-07   2.01787383E+17   5.94659167E+08   0.00000000E+00   5.46383533E+07   0.28779737      
  38               2.13796209E-03   3.32348726E-02   1021.47433460    9.22289570E-07   2.35663541E+17   5.94659190E+08   0.00000000E+00   5.39974365E+07   0.28736828      
  39               2.63026799E-03   3.97229058E-02   1042.81713268    1.07977263E-06   2.75904442E+17   5.94659192E+08   0.00000000E+00   5.33472869E+07   0.28646077      
  40               3.23593657E-03   4.73940845E-02   1070.69921569    1.25474233E-06   3.20614008E+17   5.94659155E+08   0.00000000E+00   5.26882363E+07   0.2860223       
  41               3.98107171E-03   5.64278408E-02   1095.42380679    1.46018562E-06   3.73110178E+17   5.94659044E+08   0.00000000E+00   5.20208350E+07   0.2850168       
  42               4.89778819E-03   6.70192760E-02   1127.08495787    1.68553857E-06   4.30694096E+17   5.94658813E+08   0.00000000E+00   5.13457142E+07   0.28440441      
  43               6.02559586E-03   7.93926683E-02   1155.64735619    1.94737625E-06   4.97600614E+17   5.94658421E+08   0.00000000E+00   5.06627553E+07   0.28314338      
  44               7.41310241E-03   9.38254194E-02   1191.44295364    2.23224178E-06   5.70391574E+17   5.94657770E+08   0.00000000E+00   4.99705202E+07   0.28225895      
  45               9.12010839E-03   1.10610062E-01   1224.71321345    2.56008034E-06   6.54163146E+17   5.94657034E+08   0.00000000E+00   4.92683947E+07   0.2805338       
  46               1.12201845E-02   1.30056008E-01   1265.69457702    2.91269057E-06   7.44264560E+17   5.94656254E+08   0.00000000E+00   4.85562714E+07   0.27926843      
  47               1.38038426E-02   1.52469991E-01   1304.43621569    3.31324932E-06   8.46617742E+17   5.94655290E+08   0.00000000E+00   4.78347571E+07   0.27771017      
  48               1.69824365E-02   1.78155178E-01   1351.20161806    3.73742292E-06   9.55001673E+17   5.94653740E+08   0.00000000E+00   4.71048457E+07   0.2765407       
  49               2.08929613E-02   2.07381592E-01   1396.22855216    4.21029717E-06   1.07581979E+18   5.94651120E+08   0.00000000E+00   4.63680713E+07   0.27426225      
  50               2.57039578E-02   2.40510269E-01   1449.99870829    4.70210016E-06   1.20141168E+18   5.94649687E+08   0.00000000E+00   4.56234959E+07   0.27181559      
  51               3.16227766E-02   2.77637245E-01   1507.49098363    5.22254579E-06   1.33397854E+18   5.93590918E+08   1.06166765E+06   4.48742415E+07   0.26950427      
  52               3.89045145E-02   3.17993828E-01   1563.35067598    5.76890430E-06   1.47328961E+18   5.91285141E+08   3.36779554E+06   4.41389823E+07   0.26752044      
  53               4.78630092E-02   3.60003921E-01   1616.00399400    6.32053819E-06   1.61358051E+18   5.87980222E+08   6.67481146E+06   4.34432353E+07   0.26583651      
  54               5.88843655E-02   4.01494385E-01   1663.33496601    6.85475348E-06   1.74833881E+18   5.84011845E+08   1.06425516E+07   4.28128338E+07   0.26419055      
  55               7.24435960E-02   4.39810338E-01   1703.80858731    7.33005870E-06   1.86969372E+18   5.79765673E+08   1.49110368E+07   4.22722906E+07   0.26275112      
  56               8.91250938E-02   4.72312541E-01   1735.88669815    7.73374383E-06   1.97076092E+18   5.75583107E+08   1.92940218E+07   4.18405341E+07   0.26159232      
  57               1.09647820E-01   4.96383119E-01   1758.61877961    8.02257751E-06   2.04442478E+18   5.72167415E+08   2.27565379E+07   4.15349469E+07   0.26044104      
  58               1.34896288E-01   5.23988067E-01   1783.48176301    8.35037427E-06   2.12803400E+18   5.68079453E+08   2.66126264E+07   4.11976772E+07   0.25907862      
  59               1.65958691E-01   5.55717299E-01   1810.84041160    8.72181720E-06   2.22279585E+18   5.63029998E+08   3.16612085E+07   4.08258822E+07   0.25755489      
  60               2.04173794E-01   5.91892880E-01   1840.36347271    9.14002103E-06   2.32951414E+18   5.56774539E+08   3.79181444E+07   4.04207105E+07   0.25579894      
  61               2.51188643E-01   6.32688419E-01   1871.95842906    9.60436717E-06   2.44804572E+18   5.49200492E+08   4.54857713E+07   3.99852933E+07   0.25376705      
  62               3.09029543E-01   6.78342601E-01   1905.17172869    1.01169331E-05   2.57893742E+18   5.40483425E+08   5.41695735E+07   3.95221421E+07   0.25143357      
  63               3.80189396E-01   7.29848859E-01   1940.45048166    1.06859207E-05   2.72430802E+18   5.30690238E+08   6.39262934E+07   3.90267708E+07   0.24887458      
  64               4.67735141E-01   7.88300988E-01   1977.78370373    1.13221408E-05   2.88694903E+18   5.19378231E+08   7.52154746E+07   3.84953583E+07   0.24593249      
  65               5.75439937E-01   8.54454575E-01   2017.18702663    1.20302376E-05   3.06809394E+18   5.06086246E+08   8.84837284E+07   3.79285266E+07   0.24256037      
  66               7.07945784E-01   9.29161968E-01   2058.28800563    1.28177571E-05   3.26972420E+18   4.90510448E+08   1.04038588E+08   3.73269056E+07   0.23878632      
  67               8.70963590E-01   1.01338621E+00   2101.09752218    1.36906942E-05   3.49345069E+18   4.72442629E+08   1.22092286E+08   3.66911041E+07   0.23469517      
  68               1.07151931E+00   1.10821195E+00   2145.24837409    1.46582689E-05   3.74171829E+18   4.51738294E+08   1.42795746E+08   3.60217190E+07   0.23023589      
  69               1.31825674E+00   1.21486266E+00   2190.72658767    1.57283304E-05   4.01665790E+18   4.28339078E+08   1.66210782E+08   3.53193172E+07   0.22556323      
  70               1.62181010E+00   1.33471200E+00   2237.20582727    1.69119249E-05   4.32123081E+18   4.02214039E+08   1.92370672E+08   3.45844597E+07   0.22052688      
  71               1.99526231E+00   1.46929305E+00   2284.60270177    1.82193849E-05   4.65825843E+18   3.73387719E+08   2.21252466E+08   3.38177576E+07   0.2151339       
  72               2.45470892E+00   1.62019786E+00   2332.53057870    1.96649305E-05   5.03114168E+18   3.42132598E+08   2.52576681E+08   3.30204807E+07   0.20948158      
  73               3.01995172E+00   1.78938446E+00   2380.96348106    2.12583620E-05   5.44348170E+18   3.09271635E+08   2.85508513E+08   3.21929912E+07   0.20393969      
  74               3.71535229E+00   1.97918563E+00   2429.76839636    2.30182271E-05   5.89993858E+18   2.75542877E+08   3.19292977E+08   3.13349535E+07   0.19834819      
  75               4.57088190E+00   2.19202436E+00   2478.83009423    2.49610702E-05   6.40507848E+18   2.41548525E+08   3.53323369E+08   3.04469960E+07   0.1928456       
  76               5.62341325E+00   2.43058036E+00   2528.03025540    2.71049344E-05   6.96391653E+18   2.08155480E+08   3.86735758E+08   2.95298379E+07   0.18757418      
  77               6.91830971E+00   2.69781327E+00   2577.33200005    2.94685140E-05   7.58171334E+18   1.76716221E+08   4.18178216E+08   2.85842611E+07   0.18246451      
  78               8.51138038E+00   2.99698406E+00   2626.58907585    3.20734957E-05   8.26452960E+18   1.48352295E+08   4.46536053E+08   2.76111162E+07   0.17749777      
  79               1.04712855E+01   3.33166958E+00   2675.76384265    3.49419498E-05   9.01861780E+18   1.23850637E+08   4.71029661E+08   2.66113437E+07   0.1729086       
  80               1.28824955E+01   3.70575671E+00   2724.84722660    3.80968586E-05   9.85055240E+18   1.03327874E+08   4.91546910E+08   2.55860085E+07   0.16845181      
  81               1.58489319E+01   4.12349495E+00   2773.67479943    4.15655428E-05   1.07680178E+19   8.65472381E+07   5.08326892E+08   2.45362140E+07   0.16428352      
  82               1.94984460E+01   4.58944182E+00   2822.33904686    4.53723301E-05   1.17781349E+19   7.29317615E+07   5.21945646E+08   2.34632489E+07   0.16051986      
  83               2.39883292E+01   5.10845862E+00   2870.74795773    4.95455792E-05   1.28890425E+19   6.17812677E+07   5.33100719E+08   2.23685496E+07   0.15715894      
  84               2.95120923E+01   5.68573625E+00   2919.01171916    5.41107177E-05   1.41083658E+19   5.24983522E+07   5.42391708E+08   2.12536080E+07   0.15404685      
  85               3.63078055E+01   6.32686775E+00   2966.96160819    5.91007110E-05   1.54455248E+19   4.46965253E+07   5.50205873E+08   2.01198499E+07   0.15122919      
  86               4.46683592E+01   7.03790150E+00   3014.76700138    6.45428275E-05   1.69088967E+19   3.81279481E+07   5.56790600E+08   1.89685695E+07   0.14870087      
  87               5.49540874E+01   7.82524970E+00   3062.26999459    7.04732417E-05   1.85088981E+19   3.25466599E+07   5.62394747E+08   1.78011104E+07   0.14635562      
  88               6.76082975E+01   8.69559662E+00   3109.58207919    7.69211401E-05   2.02545780E+19   2.78011820E+07   5.67173095E+08   1.66189723E+07   0.14420532      
  89               8.31763771E+01   9.65633272E+00   3156.57148300    8.39267733E-05   2.21575854E+19   2.37542842E+07   5.71265006E+08   1.54232193E+07   0.14230798      
  90               1.02329299E+02   1.07156476E+01   3203.43467699    9.15239470E-05   2.42286038E+19   2.03073801E+07   5.74769729E+08   1.42145216E+07   0.14066861      
  91               1.25892541E+02   1.18826187E+01   3250.07456697    9.97607585E-05   2.64816276E+19   1.73486408E+07   5.77803007E+08   1.29932202E+07   0.13920442      
  92               1.54881662E+02   1.31673657E+01   3296.66718442    1.08680056E-04   2.89300798E+19   1.48116485E+07   5.80433606E+08   1.17593409E+07   0.13789399      
  93               1.90546072E+02   1.45811780E+01   3343.12243612    1.18341130E-04   3.15912033E+19   1.26399443E+07   5.82719532E+08   1.05126508E+07   0.13674494      
  94               2.34422882E+02   1.61366430E+01   3389.64538206    1.28795799E-04   3.44813901E+19   1.07960138E+07   5.84698683E+08   9.25270757E+06   0.13575212      
  95               2.88403150E+02   1.78477617E+01   3436.15320472    1.40115731E-04   3.76215842E+19   9.22201963E+06   5.86430450E+08   7.97892577E+06   0.13487813      
  96               3.54813389E+02   1.97301342E+01   3482.84060298    1.52364599E-04   4.10319617E+19   7.87690162E+06   5.87955558E+08   6.69058957E+06   0.13411576      
  97               4.36515832E+02   2.18011351E+01   3529.62504921    1.65629135E-04   4.47379802E+19   6.72222139E+06   5.89310881E+08   5.38688608E+06   0.13347403      
  98               5.37031796E+02   2.40801021E+01   3576.71825525    1.79985268E-04   4.87640123E+19   5.73376854E+06   5.90518239E+08   4.06692811E+06   0.13295662      
  99               6.60693448E+02   2.65885295E+01   3624.04149594    1.95536393E-04   5.31406664E+19   4.88512051E+06   5.91601544E+08   2.72978450E+06   0.13254401      
  100              8.12830516E+02   2.93503425E+01   3671.80072634    2.12373905E-04   5.78975131E+19   4.16095601E+06   5.92571501E+08   1.37447421E+06   0.13221375      
  101              1.00000000E+03   3.23921332E+01   3719.90037791    2.30622604E-04   6.30716336E+19   3.82438730E+06   5.93108407E+08   0.00000000E+00   0.13196392      
