# ATMO pressure-temperature profile
# Effective temperature = 600.0K
# log(g) = 4.5cm/s^2
# M/H = 0.0
# Optical depth grid in band 17 (1.20-1.33microns)
# All parameters in cgs units
#
# Model Level      Optical Depth    Pressure         Temperature      Density          Number Density   Rad Flux         Conv Flux        Radial Extension Adiabatic Gradient
#                                   [Ba]             [K]              [g/cm^3]         [/cm^3]          [ergs/s/cm^2/sr] [ergs/s/cm^2/sr] [cm]             [K/Ba]          
  1                5.00000000E-05   1.00000000E-05   111.55868059     2.53989389E-09   6.49265715E+14   7.34799231E+06   0.00000000E+00   1.19734080E+07   0.32940563      
  2                5.91534807E-05   5.58204413E-04   139.69272043     1.13223409E-07   2.89431190E+16   7.34799231E+06   0.00000000E+00   1.09511357E+07   0.3240098       
  3                6.99826855E-05   1.15394570E-03   168.81728253     1.93672105E-07   4.95101574E+16   7.34799230E+06   0.00000000E+00   1.08239155E+07   0.32256223      
  4                8.27943887E-05   1.82329018E-03   182.14594651     2.83426843E-07   7.25040256E+16   7.34799230E+06   0.00000000E+00   1.07335722E+07   0.32118585      
  5                9.79515255E-05   2.59070766E-03   197.25142140     3.72149680E-07   9.51314479E+16   7.34799229E+06   0.00000000E+00   1.06588496E+07   0.32065814      
  6                1.15883473E-04   3.47629908E-03   204.94538982     4.80618866E-07   1.22858390E+17   7.34799229E+06   0.00000000E+00   1.05926318E+07   0.31944486      
  7                1.37098216E-04   4.50236666E-03   216.79555482     5.88453710E-07   1.50423720E+17   7.34799229E+06   0.00000000E+00   1.05316193E+07   0.31892976      
  8                1.62196734E-04   5.69327230E-03   222.80969389     7.24018586E-07   1.85077538E+17   7.34799230E+06   0.00000000E+00   1.04739232E+07   0.31782166      
  9                1.91890027E-04   7.07710229E-03   233.45904341     8.58947489E-07   2.19568791E+17   7.34799230E+06   0.00000000E+00   1.04184319E+07   0.31741609      
  10               2.27019260E-04   8.68574532E-03   238.83401159     1.03046385E-06   2.63412729E+17   7.34799231E+06   0.00000000E+00   1.03643615E+07   0.31555906      
  11               2.68579588E-04   1.05574304E-02   248.72667803     1.20270108E-06   3.07440937E+17   7.34799231E+06   0.00000000E+00   1.03111950E+07   0.31447904      
  12               3.17748350E-04   1.27353974E-02   253.77048348     1.42197919E-06   3.63493989E+17   7.34799232E+06   0.00000000E+00   1.02585296E+07   0.31285818      
  13               3.75918418E-04   1.52711180E-02   263.29704478     1.64341292E-06   4.20098072E+17   7.34799233E+06   0.00000000E+00   1.02060752E+07   0.31200067      
  14               4.44737657E-04   1.82235849E-02   268.15912367     1.92558674E-06   4.92228863E+17   7.34799234E+06   0.00000000E+00   1.01535909E+07   0.31064231      
  15               5.26155608E-04   2.16619160E-02   277.57223064     2.21127474E-06   5.65257967E+17   7.34799236E+06   0.00000000E+00   1.01008988E+07   0.30992625      
  16               6.22478712E-04   2.56648044E-02   282.57074378     2.57355004E-06   6.57864730E+17   7.34799238E+06   0.00000000E+00   1.00478366E+07   0.30877031      
  17               7.36435649E-04   3.03252594E-02   292.14579387     2.94121479E-06   7.51849171E+17   7.34799241E+06   0.00000000E+00   9.99426941E+06   0.30814135      
  18               8.71254639E-04   3.57502125E-02   297.37934895     3.40635321E-06   8.70750356E+17   7.34799244E+06   0.00000000E+00   9.94007084E+06   0.30721459      
  19               1.03075489E-03   4.20645966E-02   307.16294121     3.88033990E-06   9.91913384E+17   7.34799247E+06   0.00000000E+00   9.88514822E+06   0.30672236      
  20               1.21945479E-03   4.94103818E-02   312.81492311     4.47561384E-06   1.14408051E+18   7.34799252E+06   0.00000000E+00   9.82940693E+06   0.30583549      
  21               1.44269991E-03   5.79532791E-02   323.05410188     5.08305278E-06   1.29935731E+18   7.34799257E+06   0.00000000E+00   9.77276780E+06   0.30535693      
  22               1.70681442E-03   6.78830975E-02   329.25179447     5.84191680E-06   1.49334221E+18   7.34799263E+06   0.00000000E+00   9.71514407E+06   0.30457227      
  23               2.01928028E-03   7.94210442E-02   340.00783947     6.61863661E-06   1.69189147E+18   7.34799269E+06   0.00000000E+00   9.65646725E+06   0.30414928      
  24               2.38894914E-03   9.28191728E-02   346.84313428     7.58274529E-06   1.93834211E+18   7.34799272E+06   0.00000000E+00   9.59666099E+06   0.30351272      
  25               2.82629313E-03   1.08373482E-01   358.29812768     8.57038609E-06   2.19080806E+18   7.34799275E+06   0.00000000E+00   9.53564589E+06   0.30316823      
  26               3.34370152E-03   1.26423203E-01   365.94577922     9.78885603E-06   2.50227990E+18   7.34799268E+06   0.00000000E+00   9.47332921E+06   0.30263418      
  27               3.95583167E-03   1.47359366E-01   378.22708368     1.10394424E-05   2.82196070E+18   7.34799259E+06   0.00000000E+00   9.40964122E+06   0.30233239      
  28               4.68002425E-03   1.71619677E-01   386.90536615     1.25685259E-05   3.21283310E+18   7.34799236E+06   0.00000000E+00   9.34451129E+06   0.30190171      
  29               5.53679448E-03   1.99699149E-01   400.39993387     1.41320152E-05   3.61250168E+18   7.34799198E+06   0.00000000E+00   9.27788513E+06   0.30164339      
  30               6.55041330E-03   2.32147606E-01   410.52730743     1.60231353E-05   4.09588730E+18   7.34799138E+06   0.00000000E+00   9.20969534E+06   0.30125182      
  31               7.74959494E-03   2.69591085E-01   425.50649296     1.79524892E-05   4.58907519E+18   7.34799065E+06   0.00000000E+00   9.13988173E+06   0.30100112      
  32               9.16831029E-03   3.12736951E-01   437.22132869     2.02676406E-05   5.18088196E+18   7.34798939E+06   0.00000000E+00   9.06835386E+06   0.3007083       
  33               1.08467493E-02   3.62386827E-01   453.91410566     2.26216407E-05   5.78261879E+18   7.34798787E+06   0.00000000E+00   8.99502845E+06   0.30055934      
  34               1.28324595E-02   4.19404245E-01   467.77135275     2.54053166E-05   6.49419074E+18   7.34798628E+06   0.00000000E+00   8.91981712E+06   0.30038067      
  35               1.51816929E-02   4.84746903E-01   487.14091486     2.81959841E-05   7.20752695E+18   7.34798879E+06   0.00000000E+00   8.84261280E+06   0.30023885      
  36               1.79609996E-02   5.59454093E-01   503.76623214     3.14700278E-05   8.04379960E+18   7.34800142E+06   0.00000000E+00   8.76330251E+06   0.30002808      
  37               2.12491128E-02   6.44769037E-01   524.76389194     3.48178387E-05   8.89950945E+18   7.34801285E+06   0.00000000E+00   8.68179912E+06   0.29989281      
  38               2.51391797E-02   7.42051010E-01   543.96876788     3.86564037E-05   9.88065271E+18   7.34813625E+06   0.00000000E+00   8.59794571E+06   0.29977891      
  39               2.97413996E-02   8.52765342E-01   568.18736537     4.25303731E-05   1.08708576E+19   7.34163050E+06   6.33331247E+03   8.51159945E+06   0.29970902      
  40               3.51861462E-02   9.78507650E-01   590.98736118     4.69187800E-05   1.19925592E+19   7.30950713E+06   3.84132714E+04   8.42258542E+06   0.29956296      
  41               4.16276604E-02   1.12119389E+00   616.73005610     5.15163967E-05   1.31677462E+19   7.25841588E+06   8.95339675E+04   8.33080797E+06   0.29941487      
  42               4.92484201E-02   1.28287695E+00   640.90816776     5.67215736E-05   1.44982317E+19   7.19665595E+06   1.51337515E+05   8.23622397E+06   0.29925804      
  43               5.82643093E-02   1.46602527E+00   668.26264226     6.21659207E-05   1.58898615E+19   7.12572359E+06   2.22364808E+05   8.13869074E+06   0.29915385      
  44               6.89307339E-02   1.67323584E+00   693.92115894     6.83288823E-05   1.74651720E+19   7.05370309E+06   2.94439899E+05   8.03815197E+06   0.29895052      
  45               8.15498567E-02   1.90733264E+00   722.95798876     7.47600929E-05   1.91090554E+19   6.98073917E+06   3.67525585E+05   7.93457614E+06   0.29869172      
  46               9.64791575E-02   2.17153855E+00   750.11088783     8.20347756E-05   2.09685266E+19   6.91568096E+06   4.32651603E+05   7.82788985E+06   0.29835222      
  47               1.14141560E-01   2.46929841E+00   780.85921889     8.96100084E-05   2.29048090E+19   6.85634329E+06   4.92086368E+05   7.71806794E+06   0.29805898      
  48               1.35037411E-01   2.80496374E+00   809.57659613     9.81809243E-05   2.50954592E+19   6.81005844E+06   5.38416554E+05   7.60490214E+06   0.2976144       
  49               1.59758657E-01   3.18306546E+00   842.15413710     1.07106082E-04   2.73766197E+19   6.77337203E+06   5.75248780E+05   7.48830480E+06   0.29707391      
  50               1.89005613E-01   3.60815766E+00   872.46039324     1.17192453E-04   2.99547448E+19   6.75587132E+06   5.92879908E+05   7.36831999E+06   0.29631458      
  51               2.23606798E-01   4.08553071E+00   906.80356206     1.27671783E-04   3.26333081E+19   6.75805037E+06   5.90949969E+05   7.24490707E+06   0.2955995       
  52               2.64542408E-01   4.62059772E+00   938.63574257     1.39495740E-04   3.56555312E+19   6.79134378E+06   5.57820043E+05   7.11811844E+06   0.29462856      
  53               3.12972084E-01   5.21967225E+00   974.67619412     1.51755392E-04   3.87890117E+19   6.85250691E+06   4.96911849E+05   6.98791318E+06   0.29363449      
  54               3.70267763E-01   5.88965687E+00   1007.96148718    1.65581209E-04   4.23225566E+19   6.95143456E+06   3.98145606E+05   6.85425744E+06   0.29231942      
  55               4.38052539E-01   6.63755256E+00   1045.60664283    1.79893340E-04   4.59796307E+19   7.08006045E+06   2.69649279E+05   6.71722329E+06   0.2911079       
  56               5.18246648E-01   7.47084945E+00   1080.21363191    1.95990512E-04   5.00940530E+19   7.23972565E+06   1.09694309E+05   6.57688547E+06   0.28962645      
  57               6.13121862E-01   8.39970475E+00   1119.39776757    2.12644049E-04   5.43507353E+19   7.34881079E+06   0.00000000E+00   6.43300429E+06   0.28836929      
  58               7.25365844E-01   9.43600019E+00   1153.76005842    2.31763494E-04   5.92377126E+19   7.34806638E+06   0.00000000E+00   6.28538793E+06   0.28686553      
  59               8.58158289E-01   1.05951694E+01   1189.86811825    2.52336679E-04   6.44963172E+19   7.34806809E+06   0.00000000E+00   6.13381062E+06   0.28564373      
  60               1.01526100E+00   1.18928251E+01   1222.00880762    2.75791663E-04   7.04914647E+19   7.34806708E+06   0.00000000E+00   5.97825749E+06   0.28416791      
  61               1.20112443E+00   1.33448603E+01   1256.55691427    3.00955289E-04   7.69232647E+19   7.34806530E+06   0.00000000E+00   5.81887681E+06   0.28301522      
  62               1.42101382E+00   1.49675227E+01   1287.58081499    3.29418197E-04   8.41979018E+19   7.34806301E+06   0.00000000E+00   5.65590840E+06   0.2815757       
  63               1.68115827E+00   1.67823890E+01   1321.69069911    3.59833717E-04   9.19707628E+19   7.34806085E+06   0.00000000E+00   5.48921439E+06   0.28045686      
  64               1.98892727E+00   1.88127801E+01   1352.74346075    3.94119825E-04   1.00731053E+20   7.34805842E+06   0.00000000E+00   5.31871814E+06   0.27902244      
  65               2.35303941E+00   2.10816871E+01   1387.59430658    4.30581269E-04   1.10044589E+20   7.34805626E+06   0.00000000E+00   5.14454729E+06   0.27792593      
  66               2.78380943E+00   2.36168942E+01   1419.96833673    4.71394284E-04   1.20467518E+20   7.34805373E+06   0.00000000E+00   4.96659869E+06   0.27646621      
  67               3.29344035E+00   2.64498273E+01   1456.87457447    5.14601009E-04   1.31500231E+20   7.34805153E+06   0.00000000E+00   4.78470798E+06   0.275288        
  68               3.89636920E+00   2.96137313E+01   1491.89582618    5.62649877E-04   1.43774039E+20   7.34804866E+06   0.00000000E+00   4.59876887E+06   0.27369552      
  69               4.60967600E+00   3.31535551E+01   1531.96948102    6.13434395E-04   1.56749380E+20   7.34804661E+06   0.00000000E+00   4.40823076E+06   0.27242306      
  70               5.45356761E+00   3.71149442E+01   1570.52626837    6.69848984E-04   1.71170708E+20   7.34804416E+06   0.00000000E+00   4.21280699E+06   0.27074346      
  71               6.45195012E+00   4.15262642E+01   1614.30977700    7.29153576E-04   1.86321008E+20   7.34804196E+06   0.00000000E+00   4.01319851E+06   0.26939807      
  72               7.63310614E+00   4.63862364E+01   1656.76921413    7.93570763E-04   2.02793000E+20   7.34804159E+06   0.00000000E+00   3.81115999E+06   0.26763366      
  73               9.03049593E+00   5.16457228E+01   1704.53428593    8.59139673E-04   2.19459537E+20   7.34793481E+06   0.00000000E+00   3.60971494E+06   0.26617135      
  74               1.06837053E+01   5.72610055E+01   1751.38639317    9.27046295E-04   2.36811527E+20   6.94497425E+06   4.02101019E+05   3.41074256E+06   0.26427227      
  75               1.26395671E+01   6.31756866E+01   1797.76826729    9.96427932E-04   2.54531830E+20   6.36866015E+06   9.78404004E+05   3.21613411E+06   0.26285595      
  76               1.49534878E+01   6.92358433E+01   1841.02744147    1.06651619E-03   2.72393390E+20   5.67408299E+06   1.66963405E+06   3.03023165E+06   0.26113932      
  77               1.76910170E+01   7.51706088E+01   1881.26194117    1.13351650E-03   2.89417400E+20   5.13149736E+06   2.20810151E+06   2.85953899E+06   0.25994232      
  78               2.09297047E+01   8.15425812E+01   1921.01212120    1.20486838E-03   3.07454029E+20   4.57332958E+06   2.76311187E+06   2.68711226E+06   0.25843457      
  79               2.47612977E+01   8.74797913E+01   1956.45437924    1.27006550E-03   3.23864878E+20   3.85510022E+06   3.47420790E+06   2.53533203E+06   0.2574468       
  80               2.92943389E+01   9.27248363E+01   1985.63155547    1.32639754E-03   3.38238663E+20   3.41988255E+06   3.90802868E+06   2.40754119E+06   0.25606696      
  81               3.46572422E+01   9.85323670E+01   2016.97744807    1.38752584E-03   3.53837382E+20   3.24943806E+06   4.08277114E+06   2.27216739E+06   0.25523364      
  82               4.10019301E+01   1.04941104E+02   2049.35594766    1.45436054E-03   3.70897642E+20   2.87184038E+06   4.46399949E+06   2.12950276E+06   0.25397751      
  83               4.85081376E+01   1.10271028E+02   2075.46843647    1.50943055E-03   3.84831956E+20   2.34119336E+06   4.99827082E+06   2.01574065E+06   0.25326656      
  84               5.73885036E+01   1.14423893E+02   2094.75349526    1.55182672E-03   3.95648600E+20   2.05100805E+06   5.29388877E+06   1.92993423E+06   0.25208616      
  85               6.78945948E+01   1.19130254E+02   2116.29561322    1.59917135E-03   4.07728976E+20   1.97269432E+06   5.37706691E+06   1.83545935E+06   0.25147544      
  86               8.03240320E+01   1.24449431E+02   2139.46811094    1.65243873E-03   4.21320838E+20   1.88357333E+06   5.47087658E+06   1.73198457E+06   0.25039035      
  87               9.50289215E+01   1.30434735E+02   2164.88347681    1.71152935E-03   4.36399833E+20   1.79665284E+06   5.56208115E+06   1.61943817E+06   0.24996601      
  88               1.12425830E+02   1.37139165E+02   2192.03032844    1.77709603E-03   4.53148745E+20   1.58290525E+06   5.77334810E+06   1.49787150E+06   0.24924336      
  89               1.33007583E+02   1.42220963E+02   2212.06921415    1.82778157E-03   4.65683385E+20   1.28969299E+06   6.05337722E+06   1.40869538E+06   0.24896347      
  90               1.57357229E+02   1.45960213E+02   2226.31576448    1.86379724E-03   4.74868724E+20   1.14545599E+06   6.18965262E+06   1.34463004E+06   0.24820116      
  91               1.86164557E+02   1.50262258E+02   2242.47357130    1.90486209E-03   4.85342604E+20   1.11226177E+06   6.22563743E+06   1.27242893E+06   0.24754498      
  92               2.20245630E+02   1.55197174E+02   2260.39159544    1.95177442E-03   4.97308594E+20   1.07329379E+06   6.26727690E+06   1.19149450E+06   0.24641531      
  93               2.60565913E+02   1.60841136E+02   2280.38533667    2.00495656E-03   5.10875096E+20   1.03509978E+06   6.30794268E+06   1.10127156E+06   0.24588671      
  94               3.08267614E+02   1.67276252E+02   2302.43529755    2.06512981E-03   5.26226476E+20   9.90812079E+05   6.35446964E+06   1.00126455E+06   0.24451355      
  95               3.64702046E+02   1.74591718E+02   2326.58768155    2.13297439E-03   5.43538176E+20   9.46237289E+05   6.40098988E+06   8.91040671E+05   0.24378474      
  96               4.31467909E+02   1.82882757E+02   2353.05080932    2.20925115E-03   5.62946723E+20   8.96084765E+05   6.45277491E+06   7.70257087E+05   0.24206542      
  97               5.10456573E+02   1.92254785E+02   2381.50083178    2.29459381E-03   5.84725803E+20   8.46217164E+05   6.50393930E+06   6.38626004E+05   0.2409027       
  98               6.03905660E+02   2.02821900E+02   2412.44821180    2.38950390E-03   6.08951477E+20   7.96165097E+05   6.55495802E+06   4.95917407E+05   0.23963001      
  99               7.14462436E+02   2.14708846E+02   2445.38070141    2.49529348E-03   6.35959262E+20   7.44283728E+05   6.60750123E+06   3.41975767E+05   0.23825738      
  100              8.45258798E+02   2.28053196E+02   2480.79229134    2.61231509E-03   6.65842632E+20   6.92146164E+05   6.66000796E+06   1.76694187E+05   0.23675311      
  101              1.00000000E+03   2.43007765E+02   2518.12202383    2.74207400E-03   6.98987194E+20   6.63156822E+05   6.68919709E+06   0.00000000E+00   0.23514929      
