# ATMO pressure-temperature profile
# Effective temperature = 700.0K
# log(g) = 3.5cm/s^2
# M/H = 0.0
# Optical depth grid in band 17 (1.20-1.33microns)
# All parameters in cgs units
#
# Model Level      Optical Depth    Pressure         Temperature      Density          Number Density   Rad Flux         Conv Flux        Radial Extension Adiabatic Gradient
#                                   [Ba]             [K]              [g/cm^3]         [/cm^3]          [ergs/s/cm^2/sr] [ergs/s/cm^2/sr] [cm]             [K/Ba]          
  1                5.00000000E-05   1.00000000E-05   178.25760475     1.58957076E-09   4.06328957E+14   1.36132473E+07   0.00000000E+00   1.18534530E+08   0.32045226      
  2                5.91534807E-05   1.35411341E-04   210.33436890     1.82420116E-08   4.66305605E+15   1.36132473E+07   0.00000000E+00   1.11169737E+08   0.31116069      
  3                6.99826855E-05   2.74214330E-04   230.46205882     3.37146489E-08   8.61819960E+15   1.36132473E+07   0.00000000E+00   1.09399819E+08   0.31088014      
  4                8.27943887E-05   4.32114844E-04   241.75186386     5.06474153E-08   1.29465840E+16   1.36132473E+07   0.00000000E+00   1.08191461E+08   0.30885651      
  5                9.79515255E-05   6.13914014E-04   252.76816018     6.88197535E-08   1.75918300E+16   1.36132473E+07   0.00000000E+00   1.07217691E+08   0.30816976      
  6                1.15883473E-04   8.24298196E-04   260.11795412     8.97928907E-08   2.29530213E+16   1.36132473E+07   0.00000000E+00   1.06371369E+08   0.30692189      
  7                1.37098216E-04   1.06848901E-03   269.00131276     1.12549506E-07   2.87701085E+16   1.36132472E+07   0.00000000E+00   1.05603236E+08   0.30651015      
  8                1.62196734E-04   1.35236840E-03   275.15568599     1.39265793E-07   3.55993742E+16   1.36132472E+07   0.00000000E+00   1.04886201E+08   0.30554721      
  9                1.91890027E-04   1.68273727E-03   283.38289460     1.68256022E-07   4.30099089E+16   1.36132472E+07   0.00000000E+00   1.04203719E+08   0.30522845      
  10               2.27019260E-04   2.06741134E-03   289.24243980     2.02531608E-07   5.17714963E+16   1.36132472E+07   0.00000000E+00   1.03544756E+08   0.30443884      
  11               2.68579588E-04   2.51557684E-03   297.19566937     2.39840789E-07   6.13085366E+16   1.36132472E+07   0.00000000E+00   1.02901727E+08   0.30416951      
  12               3.17748350E-04   3.03779137E-03   303.04059758     2.84043635E-07   7.26077484E+16   1.36132472E+07   0.00000000E+00   1.02269031E+08   0.30352385      
  13               3.75918418E-04   3.64646954E-03   310.97993933     3.32252416E-07   8.49309644E+16   1.36132472E+07   0.00000000E+00   1.01642473E+08   0.30330726      
  14               4.44737657E-04   4.35600742E-03   316.86204789     3.89534856E-07   9.95736038E+16   1.36132472E+07   0.00000000E+00   1.01018784E+08   0.30278261      
  15               5.26155608E-04   5.18326398E-03   324.82542696     4.52148658E-07   1.15579058E+17   1.36132472E+07   0.00000000E+00   1.00395442E+08   0.30260442      
  16               6.22478712E-04   6.14771848E-03   330.84628089     5.26520939E-07   1.34590236E+17   1.36132472E+07   0.00000000E+00   9.97703650E+07   0.30217356      
  17               7.36435649E-04   7.27219651E-03   338.98729780     6.07869202E-07   1.55384617E+17   1.36132472E+07   0.00000000E+00   9.91418175E+07   0.3020246       
  18               8.71254639E-04   8.58322221E-03   345.15952712     7.04625643E-07   1.80117674E+17   1.36132472E+07   0.00000000E+00   9.85083463E+07   0.3016641       
  19               1.03075489E-03   1.01118335E-02   353.50578009     8.10515513E-07   2.07185440E+17   1.36132472E+07   0.00000000E+00   9.78687040E+07   0.30153272      
  20               1.21945479E-03   1.18938738E-02   359.99410587     9.36172686E-07   2.39306104E+17   1.36132472E+07   0.00000000E+00   9.72217716E+07   0.30122511      
  21               1.44269991E-03   1.39710873E-02   368.76439073     1.07351778E-06   2.74414509E+17   1.36132472E+07   0.00000000E+00   9.65665344E+07   0.30110912      
  22               1.70681442E-03   1.63917721E-02   375.70339361     1.23625694E-06   3.16014223E+17   1.36132472E+07   0.00000000E+00   9.59020585E+07   0.30085242      
  23               2.01928028E-03   1.92119309E-02   384.94056051     1.41418475E-06   3.61495738E+17   1.36132472E+07   0.00000000E+00   9.52275828E+07   0.30069216      
  24               2.38894914E-03   2.24955593E-02   392.50829977     1.62396521E-06   4.15120127E+17   1.36132472E+07   0.00000000E+00   9.45423903E+07   0.30056898      
  25               2.82629313E-03   2.63161767E-02   402.54746415     1.85239843E-06   4.73512599E+17   1.36132472E+07   0.00000000E+00   9.38457991E+07   0.30049402      
  26               3.34370152E-03   3.07582212E-02   411.02490326     2.12041903E-06   5.42024503E+17   1.36132472E+07   0.00000000E+00   9.31370299E+07   0.30028754      
  27               3.95583167E-03   3.59185149E-02   422.01826221     2.41165570E-06   6.16471447E+17   1.36132471E+07   0.00000000E+00   9.24154143E+07   0.30018595      
  28               4.68002425E-03   4.19085734E-02   431.51114349     2.75198615E-06   7.03455616E+17   1.36132469E+07   0.00000000E+00   9.16801355E+07   0.30005005      
  29               5.53679448E-03   4.88563020E-02   443.70246169     3.12006683E-06   7.97543891E+17   1.36132467E+07   0.00000000E+00   9.09303487E+07   0.30001781      
  30               6.55041330E-03   5.69057628E-02   454.73061096     3.54598573E-06   9.06416700E+17   1.36132462E+07   0.00000000E+00   9.01650756E+07   0.29990927      
  31               7.74959494E-03   6.62169882E-02   468.99448720     4.00072700E-06   1.02265118E+18   1.36132454E+07   0.00000000E+00   8.93833226E+07   0.29983333      
  32               9.16831029E-03   7.69686872E-02   481.80090188     4.52670490E-06   1.15710377E+18   1.36132446E+07   0.00000000E+00   8.85843782E+07   0.29970616      
  33               1.08467493E-02   8.93760640E-02   496.87045058     5.09733661E-06   1.30287843E+18   1.36132438E+07   0.00000000E+00   8.77675650E+07   0.29964469      
  34               1.28324595E-02   1.03666687E-01   511.43865448     5.74394411E-06   1.46815366E+18   1.36132430E+07   0.00000000E+00   8.69323959E+07   0.29957134      
  35               1.51816929E-02   1.20101910E-01   528.58218704     6.43874302E-06   1.64574760E+18   1.36132423E+07   0.00000000E+00   8.60777821E+07   0.29952003      
  36               1.79609996E-02   1.38980795E-01   545.47129052     7.22014266E-06   1.84547741E+18   1.36132419E+07   0.00000000E+00   8.52021878E+07   0.29942074      
  37               2.12491128E-02   1.60628240E-01   565.22748306     8.05305502E-06   2.05837486E+18   1.36132418E+07   0.00000000E+00   8.43044419E+07   0.29932536      
  38               2.51391797E-02   1.85385330E-01   585.24198760     8.97637818E-06   2.29438200E+18   1.36132423E+07   0.00000000E+00   8.33836348E+07   0.29918567      
  39               2.97413996E-02   2.13606290E-01   608.68104414     9.94454162E-06   2.54185107E+18   1.36132383E+07   0.00000000E+00   8.24390763E+07   0.29908597      
  40               3.51861462E-02   2.45649621E-01   633.54505441     1.09874884E-05   2.80843536E+18   1.35929608E+07   2.01737531E+04   8.14696919E+07   0.29893024      
  41               4.16276604E-02   2.81963068E-01   661.35471980     1.20813938E-05   3.08804493E+18   1.35153453E+07   9.77940010E+04   8.04730026E+07   0.29875051      
  42               4.92484201E-02   3.23111181E-01   687.60666450     1.33159089E-05   3.40359400E+18   1.34012943E+07   2.11928284E+05   7.94471004E+07   0.29847001      
  43               5.82643093E-02   3.69672635E-01   717.03906621     1.46094282E-05   3.73422364E+18   1.32525572E+07   3.60989524E+05   7.83914392E+07   0.29821237      
  44               6.89307339E-02   4.22238083E-01   744.72337958     1.60665066E-05   4.10665532E+18   1.30849152E+07   5.28769189E+05   7.73064557E+07   0.29788718      
  45               8.15498567E-02   4.81464181E-01   775.75673224     1.75873306E-05   4.49535785E+18   1.29098972E+07   7.04300357E+05   7.61922820E+07   0.29752611      
  46               9.64791575E-02   5.48243345E-01   804.89728643     1.93017580E-05   4.93354103E+18   1.27498434E+07   8.64057812E+05   7.50461277E+07   0.2969927       
  47               1.14141560E-01   6.23536332E-01   837.68062611     2.10934249E-05   5.39149407E+18   1.26136406E+07   1.00052472E+06   7.38661262E+07   0.29645058      
  48               1.35037411E-01   7.08283885E-01   868.39462334     2.31128774E-05   5.90766792E+18   1.25161536E+07   1.09816626E+06   7.26523834E+07   0.29574063      
  49               1.59758657E-01   8.03395729E-01   902.88242615     2.52152068E-05   6.44501835E+18   1.24585644E+07   1.15615502E+06   7.14065027E+07   0.29505762      
  50               1.89005613E-01   9.09775509E-01   934.97274526     2.75740822E-05   7.04792266E+18   1.24518382E+07   1.16266940E+06   7.01307176E+07   0.29415757      
  51               2.23606798E-01   1.02868372E+00   970.98098050     3.00227287E-05   7.67356159E+18   1.24967866E+07   1.11780596E+06   6.88238307E+07   0.29329682      
  52               2.64542408E-01   1.16159655E+00   1004.44188329    3.27723484E-05   8.37637938E+18   1.25995038E+07   1.01497650E+06   6.74838822E+07   0.29219314      
  53               3.12972084E-01   1.31002047E+00   1042.05501368    3.56254980E-05   9.10569865E+18   1.27468851E+07   8.67299866E+05   6.61102523E+07   0.29117424      
  54               3.70267763E-01   1.47544985E+00   1076.88527751    3.88260807E-05   9.92386514E+18   1.29403905E+07   6.73548121E+05   6.47036527E+07   0.28988089      
  55               4.38052539E-01   1.65940678E+00   1115.97525949    4.21365680E-05   1.07702090E+19   1.31647152E+07   4.48980664E+05   6.32654341E+07   0.28870645      
  56               5.18246648E-01   1.86363806E+00   1152.00750344    4.58414593E-05   1.17174229E+19   1.34171661E+07   1.96713729E+05   6.17959544E+07   0.28721918      
  57               6.13121862E-01   2.09069656E+00   1192.54224437    4.96773566E-05   1.26982265E+19   1.36133204E+07   0.00000000E+00   6.02913252E+07   0.28585953      
  58               7.25365844E-01   2.34339765E+00   1228.98438541    5.40295054E-05   1.38110108E+19   1.36132899E+07   0.00000000E+00   5.87488701E+07   0.28428529      
  59               8.58158289E-01   2.62528265E+00   1266.45448607    5.87366039E-05   1.50145500E+19   1.36132875E+07   0.00000000E+00   5.71665215E+07   0.28300077      
  60               1.01526100E+00   2.93991300E+00   1301.06144484    6.40252915E-05   1.63667524E+19   1.36132859E+07   0.00000000E+00   5.55440745E+07   0.28152478      
  61               1.20112443E+00   3.29101481E+00   1337.47009823    6.97194740E-05   1.78226220E+19   1.36132848E+07   0.00000000E+00   5.38822684E+07   0.28033116      
  62               1.42101382E+00   3.68270200E+00   1371.54738398    7.60778787E-05   1.94482980E+19   1.36132830E+07   0.00000000E+00   5.21815469E+07   0.27892222      
  63               1.68115827E+00   4.12080149E+00   1408.05835444    8.29197077E-05   2.11976092E+19   1.36132827E+07   0.00000000E+00   5.04372722E+07   0.27777034      
  64               1.98892727E+00   4.61287764E+00   1442.74841336    9.05879357E-05   2.31583263E+19   1.36132818E+07   0.00000000E+00   4.86418421E+07   0.27632031      
  65               2.35303941E+00   5.16744408E+00   1480.62060786    9.88810056E-05   2.52788804E+19   1.36132819E+07   0.00000000E+00   4.67888961E+07   0.27505963      
  66               2.78380943E+00   5.79325722E+00   1517.42358933    1.08165465E-04   2.76529724E+19   1.36132816E+07   0.00000000E+00   4.48753221E+07   0.27347788      
  67               3.29344035E+00   6.49695731E+00   1558.38353992    1.18117734E-04   3.01968402E+19   1.36132819E+07   0.00000000E+00   4.29065738E+07   0.27211542      
  68               3.89636920E+00   7.27753753E+00   1599.24312414    1.28971086E-04   3.29606525E+19   1.36132808E+07   0.00000000E+00   4.09064989E+07   0.27042955      
  69               4.60967600E+00   8.12786653E+00   1645.09101152    1.40029545E-04   3.57859436E+19   1.36131533E+07   0.00000000E+00   3.89055614E+07   0.26897002      
  70               5.45356761E+00   9.02405584E+00   1691.85619159    1.51183607E-04   3.86335101E+19   1.28442945E+07   7.58487186E+05   3.69577742E+07   0.26716832      
  71               6.45195012E+00   9.92998431E+00   1735.50630517    1.62223863E-04   4.14427157E+19   1.14382816E+07   2.15722700E+06   3.51284348E+07   0.26556214      
  72               7.63310614E+00   1.07930575E+01   1774.22681359    1.72562258E-04   4.40616940E+19   9.74151170E+06   3.84814609E+06   3.34971488E+07   0.26400498      
  73               9.03049593E+00   1.15440471E+01   1805.90472969    1.81515681E-04   4.63008638E+19   8.09221189E+06   5.49278027E+06   3.21552071E+07   0.2628264       
  74               1.06837053E+01   1.21565514E+01   1830.57905960    1.88572430E-04   4.81002952E+19   7.11361731E+06   6.46917012E+06   3.11082879E+07   0.26171502      
  75               1.26395671E+01   1.28396229E+01   1856.88379425    1.96344252E-04   5.00833512E+19   6.69879924E+06   6.88543621E+06   2.99857058E+07   0.26069508      
  76               1.49534878E+01   1.35993332E+01   1884.89175001    2.04865190E-04   5.22585123E+19   6.04504411E+06   7.54170209E+06   2.87878485E+07   0.25970118      
  77               1.76910170E+01   1.42316070E+01   1907.19008571    2.11945102E-04   5.40487683E+19   5.17767418E+06   8.41515829E+06   2.78282796E+07   0.25909925      
  78               2.09297047E+01   1.47319721E+01   1924.36970717    2.17435250E-04   5.54495742E+19   4.66196404E+06   8.93638375E+06   2.70912067E+07   0.25825084      
  79               2.47612977E+01   1.52986158E+01   1943.13386634    2.23614599E-04   5.70263081E+19   4.45521003E+06   9.14441391E+06   2.62785725E+07   0.25751199      
  80               2.92943389E+01   1.59376544E+01   1963.74985910    2.30505245E-04   5.87846691E+19   4.24394425E+06   9.35704646E+06   2.53884767E+07   0.25650071      
  81               3.46572422E+01   1.66542060E+01   1985.91433383    2.38166654E-04   6.07420242E+19   3.79174368E+06   9.81385458E+06   2.44213870E+07   0.25593078      
  82               4.10019301E+01   1.71952097E+01   2002.29324368    2.44092813E-04   6.22021842E+19   3.17980099E+06   1.04358128E+07   2.37117642E+07   0.25535498      
  83               4.85081376E+01   1.75949249E+01   2013.97588889    2.48314842E-04   6.32789099E+19   2.86490202E+06   1.07554711E+07   2.31983453E+07   0.25490966      
  84               5.73885036E+01   1.80536041E+01   2027.31273281    2.53107815E-04   6.45013798E+19   2.76723511E+06   1.08508228E+07   2.26197765E+07   0.25419361      
  85               6.78945948E+01   1.85777923E+01   2041.99667477    2.58579431E-04   6.58968891E+19   2.66189497E+06   1.09538504E+07   2.19718323E+07   0.25361069      
  86               8.03240320E+01   1.91744195E+01   2058.51899154    2.64735528E-04   6.74672775E+19   2.56307680E+06   1.10499997E+07   2.12507248E+07   0.25272156      
  87               9.50289215E+01   1.98536857E+01   2076.56443104    2.71724549E-04   6.92502861E+19   2.46710949E+06   1.11428929E+07   2.04498407E+07   0.25196152      
  88               1.12425830E+02   2.06243600E+01   2096.67762244    2.79555312E-04   7.12483253E+19   2.36741432E+06   1.12393449E+07   1.95655955E+07   0.25087933      
  89               1.33007583E+02   2.14957532E+01   2118.37950318    2.88370721E-04   7.34978679E+19   2.26071982E+06   1.13427192E+07   1.85950746E+07   0.24987415      
  90               1.57357229E+02   2.24777200E+01   2142.24942159    2.98170266E-04   7.59990322E+19   2.15270304E+06   1.14474563E+07   1.75360907E+07   0.24871777      
  91               1.86164557E+02   2.35807212E+01   2167.72136538    3.09109322E-04   7.87915176E+19   2.03898613E+06   1.15580455E+07   1.63871751E+07   0.2475298       
  92               2.20245630E+02   2.48158872E+01   2195.37342547    3.21182151E-04   8.18742328E+19   1.92496970E+06   1.16692172E+07   1.51475396E+07   0.24617059      
  93               2.60565913E+02   2.61951271E+01   2224.56242943    3.34558893E-04   8.52907141E+19   1.80746263E+06   1.17842677E+07   1.38169985E+07   0.24474142      
  94               3.08267614E+02   2.77312450E+01   2255.87365219    3.49229809E-04   8.90390331E+19   1.69100540E+06   1.18987759E+07   1.23958703E+07   0.24309509      
  95               3.64702046E+02   2.94381089E+01   2288.58524343    3.65386059E-04   9.31684034E+19   1.57248143E+06   1.20155335E+07   1.08848580E+07   0.2413933       
  96               4.31467909E+02   3.13301890E+01   2323.31039219    3.83048048E-04   9.76745952E+19   1.45692246E+06   1.21300565E+07   9.28547992E+06   0.23950966      
  97               5.10456573E+02   3.34239922E+01   2359.26009424    4.02360982E-04   1.02614407E+20   1.34630700E+06   1.22409107E+07   7.59891767E+06   0.23757855      
  98               6.03905660E+02   3.57380630E+01   2397.11722578    4.23349778E-04   1.07986030E+20   1.24278427E+06   1.23451622E+07   5.82587031E+06   0.23547808      
  99               7.14462436E+02   3.82922984E+01   2436.02466813    4.46272845E-04   1.13855914E+20   1.14245780E+06   1.24464152E+07   3.96758459E+06   0.23334976      
  100              8.45258798E+02   4.11086810E+01   2476.72433637    4.71112656E-04   1.20221380E+20   1.04697552E+06   1.25432388E+07   2.02522004E+06   0.23110101      
  101              1.00000000E+03   4.42112539E+01   2518.30001372    4.98171174E-04   1.27160200E+20   9.94360742E+05   1.25959273E+07   0.00000000E+00   0.22879408      
