# ATMO pressure-temperature profile
# Effective temperature = 1400.0K
# log(g) = 2.5cm/s^2
# M/H = 0.0
# Optical depth grid in band 17 (1.20-1.33microns)
# All parameters in cgs units
#
# Model Level      Optical Depth    Pressure         Temperature      Density          Number Density   Rad Flux         Conv Flux        Radial Extension Adiabatic Gradient
#                                   [Ba]             [K]              [g/cm^3]         [/cm^3]          [ergs/s/cm^2/sr] [ergs/s/cm^2/sr] [cm]             [K/Ba]          
  1                1.00000000E-04   1.00000000E-05   356.57304939     7.95106977E-10   2.03131523E+14   2.17816094E+08   0.00000000E+00   1.78303961E+09   0.29797351      
  2                1.17489755E-04   2.85691008E-05   458.36139814     1.76711842E-09   4.51454904E+14   2.17816093E+08   0.00000000E+00   1.73350066E+09   0.2978256       
  3                1.38038426E-04   4.80276980E-05   490.90972627     2.77374951E-09   7.08624190E+14   2.17816093E+08   0.00000000E+00   1.70570704E+09   0.29757779      
  4                1.62181010E-04   6.98859628E-05   517.57499637     3.82819240E-09   9.78008220E+14   2.17816093E+08   0.00000000E+00   1.68449486E+09   0.29728358      
  5                1.90546072E-04   9.47786431E-05   532.97619233     5.04173192E-09   1.28803753E+15   2.17816093E+08   0.00000000E+00   1.66657705E+09   0.29707358      
  6                2.23872114E-04   1.23347280E-04   550.66532538     6.35066030E-09   1.62243641E+15   2.17816094E+08   0.00000000E+00   1.65061127E+09   0.29711085      
  7                2.63026799E-04   1.56248349E-04   561.51606218     7.88915070E-09   2.01548278E+15   2.17816094E+08   0.00000000E+00   1.63591235E+09   0.29697782      
  8                3.09029543E-04   1.94222910E-04   576.28206759     9.55525486E-09   2.44113159E+15   2.17816095E+08   0.00000000E+00   1.62208126E+09   0.29677175      
  9                3.63078055E-04   2.38106671E-04   585.23276772     1.15350605E-08   2.94692287E+15   2.17816097E+08   0.00000000E+00   1.60886304E+09   0.29664808      
  10               4.26579519E-04   2.88868370E-04   598.57079315     1.36823668E-08   3.49550807E+15   2.17816098E+08   0.00000000E+00   1.59608555E+09   0.29644141      
  11               5.01187234E-04   3.47618310E-04   606.46016039     1.62508953E-08   4.15170232E+15   2.17816100E+08   0.00000000E+00   1.58362641E+09   0.29632252      
  12               5.88843655E-04   4.15642384E-04   619.08442898     1.90347188E-08   4.86290501E+15   2.17816103E+08   0.00000000E+00   1.57139572E+09   0.29610971      
  13               6.91830971E-04   4.94424302E-04   626.46836954     2.23757585E-08   5.71645120E+15   2.17816106E+08   0.00000000E+00   1.55932413E+09   0.29598878      
  14               8.12830516E-04   5.85713906E-04   638.87928094     2.59922024E-08   6.64037446E+15   2.17816109E+08   0.00000000E+00   1.54735367E+09   0.29576371      
  15               9.54992586E-04   6.91527714E-04   646.13560612     3.03434198E-08   7.75196415E+15   2.17816114E+08   0.00000000E+00   1.53543881E+09   0.29563685      
  16               1.12201845E-03   8.14197216E-04   658.62634784     3.50483826E-08   8.95398479E+15   2.17816119E+08   0.00000000E+00   1.52354365E+09   0.29539713      
  17               1.31825674E-03   9.56408011E-04   665.92135189     4.07189998E-08   1.04027007E+16   2.17816125E+08   0.00000000E+00   1.51163946E+09   0.29526162      
  18               1.54881662E-03   1.12126052E-03   678.63123956     4.68435972E-08   1.19673646E+16   2.17816132E+08   0.00000000E+00   1.49970308E+09   0.29500348      
  19               1.81970086E-03   1.31231509E-03   686.12306104     5.42266577E-08   1.38535778E+16   2.17816139E+08   0.00000000E+00   1.48771566E+09   0.29485608      
  20               2.13796209E-03   1.53365927E-03   699.27117748     6.21809246E-08   1.58858002E+16   2.17816148E+08   0.00000000E+00   1.47566161E+09   0.29457538      
  21               2.51188643E-03   1.78995725E-03   707.24913838     7.17534554E-08   1.83314184E+16   2.17816158E+08   0.00000000E+00   1.46352785E+09   0.29441264      
  22               2.95120923E-03   2.08654054E-03   721.09952169     8.20351610E-08   2.09583679E+16   2.17816169E+08   0.00000000E+00   1.45130352E+09   0.29410688      
  23               3.46736850E-03   2.42945183E-03   729.81550622     9.43759893E-08   2.41113232E+16   2.17816182E+08   0.00000000E+00   1.43897953E+09   0.29392624      
  24               4.07380278E-03   2.82554342E-03   744.65646704     1.07573793E-07   2.74834887E+16   2.17816197E+08   0.00000000E+00   1.42654838E+09   0.29358974      
  25               4.78630092E-03   3.28250287E-03   754.44940091     1.23348028E-07   3.15138044E+16   2.17816215E+08   0.00000000E+00   1.41400373E+09   0.29338336      
  26               5.62341325E-03   3.80922634E-03   770.50086763     1.40156583E-07   3.58087768E+16   2.17816235E+08   0.00000000E+00   1.40133568E+09   0.29300994      
  27               6.60693448E-03   4.41613530E-03   781.41381455     1.60216345E-07   4.09342771E+16   2.17816255E+08   0.00000000E+00   1.38852821E+09   0.29277346      
  28               7.76247117E-03   5.11508481E-03   798.72291828     1.81549073E-07   4.63855310E+16   2.17816277E+08   0.00000000E+00   1.37556849E+09   0.29235639      
  29               9.12010839E-03   5.91931590E-03   810.97091689     2.06918581E-07   5.28679022E+16   2.17816299E+08   0.00000000E+00   1.36244697E+09   0.29208216      
  30               1.07151931E-02   6.84359941E-03   829.96251169     2.33750706E-07   5.97244204E+16   2.17816321E+08   0.00000000E+00   1.34915684E+09   0.29161248      
  31               1.25892541E-02   7.90417249E-03   843.94257318     2.65502483E-07   6.78374248E+16   2.17816342E+08   0.00000000E+00   1.33569421E+09   0.29129243      
  32               1.47910839E-02   9.11888504E-03   864.88529787     2.98888142E-07   7.63675865E+16   2.17816365E+08   0.00000000E+00   1.32205825E+09   0.29092255      
  33               1.73780083E-02   1.05070001E-02   880.92654074     3.38111193E-07   8.63902801E+16   2.17816387E+08   0.00000000E+00   1.30824992E+09   0.29077621      
  34               2.04173794E-02   1.20891468E-02   904.33070835     3.78949918E-07   9.68264953E+16   2.17816406E+08   0.00000000E+00   1.29427252E+09   0.29004683      
  35               2.39883292E-02   1.38863029E-02   923.13382834     4.26413819E-07   1.08955161E+17   2.17816422E+08   0.00000000E+00   1.28013480E+09   0.28945352      
  36               2.81838293E-02   1.59229439E-02   949.41393447     4.75414135E-07   1.21476873E+17   2.17816433E+08   0.00000000E+00   1.26583062E+09   0.28853314      
  37               3.31131121E-02   1.82280994E-02   971.09804016     5.32083555E-07   1.35957807E+17   2.17816441E+08   0.00000000E+00   1.25133709E+09   0.28782643      
  38               3.89045145E-02   2.08322926E-02   1000.56409888    5.90188495E-07   1.50805781E+17   2.17816442E+08   0.00000000E+00   1.23664146E+09   0.28682344      
  39               4.57088190E-02   2.37651984E-02   1025.85467052    6.56678102E-07   1.67795939E+17   2.17816435E+08   0.00000000E+00   1.22174351E+09   0.28609862      
  40               5.37031796E-02   2.70554807E-02   1059.42538197    7.23902721E-07   1.84974014E+17   2.17816415E+08   0.00000000E+00   1.20665255E+09   0.28507474      
  41               6.30957344E-02   3.07275358E-02   1089.26702234    7.99627491E-07   2.04323923E+17   2.17816432E+08   0.00000000E+00   1.19139007E+09   0.28433577      
  42               7.41310241E-02   3.47995211E-02   1128.35686749    8.74218855E-07   2.23384292E+17   2.17792723E+08   3.64000383E+04   1.17598895E+09   0.2833827       
  43               8.70963590E-02   3.92766566E-02   1167.73881285    9.53413892E-07   2.43620952E+17   2.17298779E+08   5.19195373E+05   1.16048117E+09   0.28256159      
  44               1.02329299E-01   4.42102177E-02   1207.32143031    1.03798694E-06   2.65231794E+17   2.16429984E+08   1.38796752E+06   1.14479836E+09   0.2813431       
  45               1.20226443E-01   4.96489226E-02   1247.34596942    1.12827421E-06   2.88302720E+17   2.15190146E+08   2.62752514E+06   1.12890585E+09   0.28011768      
  46               1.41253754E-01   5.56394697E-02   1287.67345673    1.22481099E-06   3.12970265E+17   2.13554992E+08   4.26219457E+06   1.11279106E+09   0.27841702      
  47               1.65958691E-01   6.22278509E-02   1328.32798028    1.32792407E-06   3.39316767E+17   2.11489965E+08   6.32655486E+06   1.09645459E+09   0.27685465      
  48               1.94984460E-01   6.94559421E-02   1369.26968450    1.43789462E-06   3.67406007E+17   2.08946803E+08   8.86881721E+06   1.07991302E+09   0.27506257      
  49               2.29086765E-01   7.73726962E-02   1410.40493822    1.55513123E-06   3.97346828E+17   2.05907427E+08   1.19069859E+07   1.06317113E+09   0.27315242      
  50               2.69153480E-01   8.60378708E-02   1451.79483344    1.68054213E-06   4.29249944E+17   2.02375107E+08   1.54375033E+07   1.04622003E+09   0.27123255      
  51               3.16227766E-01   9.54587397E-02   1493.16459577    1.81294511E-06   4.63056359E+17   1.98311567E+08   1.94993074E+07   1.02915229E+09   0.26939308      
  52               3.71535229E-01   1.05517191E-01   1533.92220396    1.95118862E-06   4.98248185E+17   1.93709981E+08   2.41013551E+07   1.01223994E+09   0.26782905      
  53               4.36515832E-01   1.15900929E-01   1572.89269259    2.09084319E-06   5.33720226E+17   1.88618737E+08   2.91923716E+07   9.95982219E+08   0.26652525      
  54               5.12861384E-01   1.26331268E-01   1609.39623483    2.22928250E-06   5.68556611E+17   1.83109266E+08   3.46970908E+07   9.80703375E+08   0.26521468      
  55               6.02559586E-01   1.36224071E-01   1641.82861681    2.35622090E-06   6.00968730E+17   1.77599142E+08   4.02708444E+07   9.67053484E+08   0.26398497      
  56               7.07945784E-01   1.45279504E-01   1669.94659690    2.47276762E-06   6.30126296E+17   1.72446656E+08   4.58176353E+07   9.55188409E+08   0.26285889      
  57               8.31763771E-01   1.52788504E-01   1692.16470073    2.56635923E-06   6.53994186E+17   1.68069230E+08   5.02254931E+07   9.45762306E+08   0.26158398      
  58               9.77237221E-01   1.61093267E-01   1715.75066203    2.66856078E-06   6.80062852E+17   1.63290212E+08   5.45876383E+07   9.35727007E+08   0.26016704      
  59               1.14815362E+00   1.70287937E-01   1740.64038850    2.78041347E-06   7.08599215E+17   1.57953476E+08   5.99200521E+07   9.25052610E+08   0.25854427      
  60               1.34896288E+00   1.80420839E-01   1766.81926390    2.90205107E-06   7.39640038E+17   1.51961946E+08   6.59123331E+07   9.13772140E+08   0.25670619      
  61               1.58489319E+00   1.91516039E-01   1794.00000380    3.03363669E-06   7.73229742E+17   1.45281357E+08   7.26079233E+07   9.01947129E+08   0.25467226      
  62               1.86208714E+00   2.03545830E-01   1821.99514131    3.17438567E-06   8.09171977E+17   1.38058892E+08   7.98305973E+07   8.89688347E+08   0.2525015       
  63               2.18776162E+00   2.16475237E-01   1850.43222540    3.32381199E-06   8.47346188E+17   1.30735888E+08   8.70850657E+07   8.77101077E+08   0.25011657      
  64               2.57039578E+00   2.30527288E-01   1879.68786988    3.48405996E-06   8.88305684E+17   1.23681705E+08   9.40767538E+07   8.64042982E+08   0.24745132      
  65               3.01995172E+00   2.46007055E-01   1910.00286493    3.65846501E-06   9.32909214E+17   1.16751104E+08   1.00993354E+08   8.50331843E+08   0.24449445      
  66               3.54813389E+00   2.63036829E-01   1941.38529901    3.84780428E-06   9.81365222E+17   1.09751919E+08   1.07974656E+08   8.35978448E+08   0.24131068      
  67               4.16869383E+00   2.81750770E-01   1973.64718576    4.05332090E-06   1.03400213E+18   1.02647678E+08   1.15058448E+08   8.20993500E+08   0.23781066      
  68               4.89778819E+00   3.02296856E-01   2006.77038129    4.27602609E-06   1.09109304E+18   9.54530520E+07   1.22232302E+08   8.05386991E+08   0.23395489      
  69               5.75439937E+00   3.24838875E-01   2040.54724209    4.51746080E-06   1.15304746E+18   8.82232118E+07   1.29442601E+08   7.89167839E+08   0.22974195      
  70               6.76082975E+00   3.49560208E-01   2074.95930172    4.77893122E-06   1.22022030E+18   8.10614507E+07   1.36584801E+08   7.72342555E+08   0.22533957      
  71               7.94328235E+00   3.76664288E-01   2109.84474363    5.06223222E-06   1.29309308E+18   7.40531560E+07   1.43574264E+08   7.54916392E+08   0.22076276      
  72               9.33254301E+00   4.06375154E-01   2145.19005381    5.36896493E-06   1.37210457E+18   6.72779722E+07   1.50334499E+08   7.36894393E+08   0.21607409      
  73               1.09647820E+01   4.38939520E-01   2180.84780995    5.70123456E-06   1.45782423E+18   6.07947857E+07   1.56803222E+08   7.18281353E+08   0.21124476      
  74               1.28824955E+01   4.74628204E-01   2216.79423432    6.06100635E-06   1.55079359E+18   5.46557009E+07   1.62928443E+08   6.99082355E+08   0.20635524      
  75               1.51356125E+01   5.13736140E-01   2252.90174391    6.45069791E-06   1.65167162E+18   4.88771624E+07   1.68695148E+08   6.79303804E+08   0.20135803      
  76               1.77827941E+01   5.56582351E-01   2289.12412265    6.87264694E-06   1.76110775E+18   4.34624168E+07   1.74103616E+08   6.58954351E+08   0.19618289      
  77               2.08929613E+01   6.03499864E-01   2325.28837921    7.33009438E-06   1.87986298E+18   3.84650451E+07   1.79095213E+08   6.38050016E+08   0.19100675      
  78               2.45470892E+01   6.54879262E-01   2361.42341630    7.82485866E-06   2.00869136E+18   3.39680423E+07   1.83582493E+08   6.16596307E+08   0.18606508      
  79               2.88403150E+01   7.11167881E-01   2397.47973521    8.36074971E-06   2.14853795E+18   2.99569786E+07   1.87586336E+08   5.94589024E+08   0.18137055      
  80               3.38844156E+01   7.72835632E-01   2433.49793783    8.94090272E-06   2.30028684E+18   2.63556405E+07   1.91185869E+08   5.72033558E+08   0.17676438      
  81               3.98107171E+01   8.40382528E-01   2469.34839651    9.56924586E-06   2.46502022E+18   2.31058191E+07   1.94436437E+08   5.48940414E+08   0.17237909      
  82               4.67735141E+01   9.14328919E-01   2505.11532786    1.02488410E-05   2.64362939E+18   2.01985368E+07   1.97345922E+08   5.25327577E+08   0.16824493      
  83               5.49540874E+01   9.95259223E-01   2540.68744263    1.09840845E-05   2.83733627E+18   1.76579409E+07   1.99889313E+08   5.01206348E+08   0.16441648      
  84               6.45654229E+01   1.08380722E+00   2576.19589120    1.17785070E-05   3.04718623E+18   1.54363238E+07   2.02114760E+08   4.76587970E+08   0.16067544      
  85               7.58577575E+01   1.18065122E+00   2611.43637413    1.26375563E-05   3.27467354E+18   1.34979048E+07   2.04057564E+08   4.51486232E+08   0.15717729      
  86               8.91250938E+01   1.28651128E+00   2646.61263311    1.35646673E-05   3.52086244E+18   1.18123878E+07   2.05747761E+08   4.25917810E+08   0.15391255      
  87               1.04712855E+02   1.40214943E+00   2681.51217115    1.45658030E-05   3.78739295E+18   1.03402333E+07   2.07223670E+08   3.99902010E+08   0.15092891      
  88               1.23026877E+02   1.52836922E+00   2716.36924344    1.56443068E-05   4.07535381E+18   9.05154236E+06   2.08516651E+08   3.73460270E+08   0.14805927      
  89               1.44543977E+02   1.66602280E+00   2750.89270608    1.68072176E-05   4.38665146E+18   7.92268144E+06   2.09650761E+08   3.46614910E+08   0.14537192      
  90               1.69824365E+02   1.81601588E+00   2785.36203036    1.80577987E-05   4.72241153E+18   6.94445074E+06   2.10635085E+08   3.19387976E+08   0.14287503      
  91               1.99526231E+02   1.97931330E+00   2819.49164225    1.94038751E-05   5.08474960E+18   6.09480011E+06   2.11491382E+08   2.91800604E+08   0.14065238      
  92               2.34422882E+02   2.15693505E+00   2853.61735163    2.08483702E-05   5.47478628E+18   5.35937891E+06   2.12232828E+08   2.63873653E+08   0.138634        
  93               2.75422870E+02   2.34996291E+00   2887.42035699    2.24001766E-05   5.89490532E+18   4.71592818E+06   2.12883241E+08   2.35627084E+08   0.13678214      
  94               3.23593657E+02   2.55954912E+00   2921.23465276    2.40623488E-05   6.34633311E+18   4.15603776E+06   2.13451347E+08   2.07079101E+08   0.13505453      
  95               3.80189396E+02   2.78692522E+00   2954.72180579    2.58451385E-05   6.83179079E+18   3.66503355E+06   2.13952036E+08   1.78245851E+08   0.1334849       
  96               4.46683592E+02   3.03340860E+00   2988.24948461    2.77514926E-05   7.35258239E+18   3.23741909E+06   2.14390993E+08   1.49141209E+08   0.1320447       
  97               5.24807460E+02   3.30041067E+00   3021.46530371    2.97932199E-05   7.91181658E+18   2.86073550E+06   2.14780373E+08   1.19776907E+08   0.13073868      
  98               6.16595002E+02   3.58938136E+00   3054.74823466    3.19728219E-05   8.51079285E+18   2.53059832E+06   2.15126346E+08   9.01687377E+07   0.12951227      
  99               7.24435960E+02   3.90186061E+00   3087.70969730    3.43035734E-05   9.15295081E+18   2.23909782E+06   2.15437144E+08   6.03308763E+07   0.12840202      
  100              8.51138038E+02   4.23951792E+00   3120.76521476    3.67877531E-05   9.83968553E+18   1.98376644E+06   2.15715373E+08   3.02727758E+07   0.12738397      
  101              1.00000000E+03   4.60416412E+00   3153.51656039    3.94410451E-05   1.05750278E+19   1.85757290E+06   2.15856022E+08   0.00000000E+00   0.12649595      
