# ATMO pressure-temperature profile
# Effective temperature = 400.0K
# log(g) = 4.0cm/s^2
# M/H = 0.0
# Optical depth grid in band 17 (1.20-1.33microns)
# All parameters in cgs units
#
# Model Level      Optical Depth    Pressure         Temperature      Density          Number Density   Rad Flux         Conv Flux        Radial Extension Adiabatic Gradient
#                                   [Ba]             [K]              [g/cm^3]         [/cm^3]          [ergs/s/cm^2/sr] [ergs/s/cm^2/sr] [cm]             [K/Ba]          
  1                5.00000000E-05   1.00000000E-05   49.12027589      5.76919302E-09   1.47456881E+15   1.45139626E+06   0.00000000E+00   2.99179402E+07   0.34574697      
  2                5.91534807E-05   2.02199535E-04   64.73458893      8.85155606E-08   2.26240106E+16   1.45139626E+06   0.00000000E+00   2.90674193E+07   0.31479367      
  3                6.99826855E-05   4.28704680E-04   73.52665823      1.65230137E-07   4.22317653E+16   1.45139626E+06   0.00000000E+00   2.88801254E+07   0.31481911      
  4                8.27943887E-05   6.89023177E-04   81.61687712      2.39237759E-07   6.11476396E+16   1.45139626E+06   0.00000000E+00   2.87491935E+07   0.31483682      
  5                9.79515255E-05   9.83514309E-04   86.38197557      3.22651299E-07   8.24676066E+16   1.45139626E+06   0.00000000E+00   2.86431972E+07   0.3148511       
  6                1.15883473E-04   1.31933649E-03   93.02763827      4.01901333E-07   1.02723408E+17   1.45139626E+06   0.00000000E+00   2.85499399E+07   0.3148634       
  7                1.37098216E-04   1.70472873E-03   96.95418924      4.98269445E-07   1.27354572E+17   1.45139626E+06   0.00000000E+00   2.84638185E+07   0.31487445      
  8                1.62196734E-04   2.14883905E-03   103.33780296     5.89277344E-07   1.50615790E+17   1.45139626E+06   0.00000000E+00   2.83818591E+07   0.31488471      
  9                1.91890027E-04   2.66183178E-03   107.11514168     7.04203796E-07   1.79992985E+17   1.45139626E+06   0.00000000E+00   2.83022244E+07   0.31489446      
  10               2.27019260E-04   3.25557760E-03   113.70996788     8.11262803E-07   2.07374501E+17   1.45139626E+06   0.00000000E+00   2.82236700E+07   0.31490388      
  11               2.68579588E-04   3.94385311E-03   117.55931537     9.50692288E-07   2.42990627E+17   1.45139626E+06   0.00000000E+00   2.81452979E+07   0.31491309      
  12               3.17748350E-04   4.74249101E-03   124.51595881     1.07933857E-06   2.75871819E+17   1.45139626E+06   0.00000000E+00   2.80664571E+07   0.31649844      
  13               3.75918418E-04   5.66939289E-03   128.67684041     1.24856800E-06   3.19125866E+17   1.45139626E+06   0.00000000E+00   2.79866119E+07   0.32063575      
  14               4.44737657E-04   6.74548198E-03   136.17023847     1.40380605E-06   3.58803465E+17   1.45139626E+06   0.00000000E+00   2.79053309E+07   0.32181094      
  15               5.26155608E-04   7.99527015E-03   140.66899328     1.61068674E-06   4.11680791E+17   1.45139626E+06   0.00000000E+00   2.78222163E+07   0.32431026      
  16               6.22478712E-04   9.44740858E-03   148.66987146     1.80080234E-06   4.60273076E+17   1.45139626E+06   0.00000000E+00   2.77369516E+07   0.32494537      
  17               7.36435649E-04   1.11347222E-02   153.61138131     2.05415012E-06   5.25027235E+17   1.45139626E+06   0.00000000E+00   2.76492219E+07   0.3259103       
  18               8.71254639E-04   1.30958177E-02   162.23066240     2.28757849E-06   5.84689804E+17   1.45139626E+06   0.00000000E+00   2.75587540E+07   0.32601604      
  19               1.03075489E-03   1.53761848E-02   167.60514027     2.59977473E-06   6.64487927E+17   1.45139626E+06   0.00000000E+00   2.74652459E+07   0.32567149      
  20               1.21945479E-03   1.80287057E-02   176.70440024     2.89130244E-06   7.38997594E+17   1.45139626E+06   0.00000000E+00   2.73684974E+07   0.32501719      
  21               1.44269991E-03   2.11131427E-02   182.51252807     3.27804997E-06   8.37888139E+17   1.45139626E+06   0.00000000E+00   2.72683081E+07   0.32409234      
  22               1.70681442E-03   2.46983981E-02   192.12118329     3.64309122E-06   9.31149411E+17   1.45139626E+06   0.00000000E+00   2.71645607E+07   0.32356889      
  23               2.01928028E-03   2.88608958E-02   198.81177918     4.11318656E-06   1.05146188E+18   1.45139626E+06   0.00000000E+00   2.70570307E+07   0.32168312      
  24               2.38894914E-03   3.36911943E-02   208.90613410     4.56766527E-06   1.16812967E+18   1.45139626E+06   0.00000000E+00   2.69455916E+07   0.32070647      
  25               2.82629313E-03   3.92941463E-02   215.80494756     5.15995223E-06   1.31884058E+18   1.45139626E+06   0.00000000E+00   2.68301807E+07   0.3183332       
  26               3.34370152E-03   4.57951006E-02   225.74078008     5.74894025E-06   1.46938241E+18   1.45139626E+06   0.00000000E+00   2.67108202E+07   0.31737309      
  27               3.95583167E-03   5.33383881E-02   232.42558158     6.50328787E-06   1.66219435E+18   1.45139626E+06   0.00000000E+00   2.65874529E+07   0.31521316      
  28               4.68002425E-03   6.20917478E-02   241.97375406     7.27184922E-06   1.85862366E+18   1.45139626E+06   0.00000000E+00   2.64601653E+07   0.31423998      
  29               5.53679448E-03   7.22495231E-02   248.43553766     8.24139065E-06   2.10643035E+18   1.45139626E+06   0.00000000E+00   2.63289526E+07   0.31215869      
  30               6.55041330E-03   8.40435260E-02   257.90832103     9.23460138E-06   2.36028665E+18   1.45139626E+06   0.00000000E+00   2.61937603E+07   0.31122092      
  31               7.74959494E-03   9.77342105E-02   264.63271997     1.04660377E-05   2.67503155E+18   1.45139626E+06   0.00000000E+00   2.60545008E+07   0.30949054      
  32               9.16831029E-03   1.13621004E-01   274.58446394     1.17263244E-05   2.99715014E+18   1.45139626E+06   0.00000000E+00   2.59110959E+07   0.3087176       
  33               1.08467493E-02   1.32042859E-01   281.99260855     1.32695574E-05   3.39158755E+18   1.45139626E+06   0.00000000E+00   2.57634150E+07   0.30731835      
  34               1.28324595E-02   1.53393841E-01   292.76657939     1.48479217E-05   3.79500422E+18   1.45139626E+06   0.00000000E+00   2.56113053E+07   0.30668251      
  35               1.51816929E-02   1.78128733E-01   301.17469280     1.67608001E-05   4.28391991E+18   1.45139626E+06   0.00000000E+00   2.54545112E+07   0.30551771      
  36               1.79609996E-02   2.06771821E-01   313.04696034     1.87180716E-05   4.78418209E+18   1.45139626E+06   0.00000000E+00   2.52927993E+07   0.30490739      
  37               2.12491128E-02   2.39917736E-01   322.66906771     2.10709573E-05   5.38555989E+18   1.45139626E+06   0.00000000E+00   2.51258989E+07   0.30387109      
  38               2.51391797E-02   2.78238721E-01   335.93743737     2.34713683E-05   5.99908482E+18   1.45139626E+06   0.00000000E+00   2.49535831E+07   0.30332545      
  39               2.97413996E-02   3.22462786E-01   347.49452423     2.62972838E-05   6.72136493E+18   1.45139625E+06   0.00000000E+00   2.47755773E+07   0.30257935      
  40               3.51861462E-02   3.73393397E-01   363.58975411     2.91027650E-05   7.43842240E+18   1.45074981E+06   6.46453653E+02   2.45914762E+07   0.30216724      
  41               4.16276604E-02   4.31859168E-01   379.56109438     3.22433216E-05   8.24112104E+18   1.44157044E+06   9.82582091E+03   2.44006164E+07   0.30154232      
  42               4.92484201E-02   4.98922768E-01   396.79471731     3.56325287E-05   9.10737631E+18   1.42503384E+06   2.63624230E+04   2.42027629E+07   0.30110439      
  43               5.82643093E-02   5.75760616E-01   413.89460256     3.94216067E-05   1.00757650E+19   1.40049077E+06   5.09054925E+04   2.39977478E+07   0.30064354      
  44               6.89307339E-02   6.63661816E-01   432.33454719     4.35019821E-05   1.11186672E+19   1.36672099E+06   8.46752662E+04   2.37854854E+07   0.30043816      
  45               8.15498567E-02   7.64107018E-01   450.62742257     4.80528022E-05   1.22818110E+19   1.32381119E+06   1.27585065E+05   2.35657929E+07   0.30021175      
  46               9.64791575E-02   8.78736290E-01   470.34838757     5.29445285E-05   1.35320858E+19   1.27264897E+06   1.78747291E+05   2.33385314E+07   0.30004749      
  47               1.14141560E-01   1.00944495E+00   489.89422973     5.83934234E-05   1.49247187E+19   1.21767336E+06   2.33722893E+05   2.31034531E+07   0.29983939      
  48               1.35037411E-01   1.15834429E+00   510.96902829     6.42483864E-05   1.64198401E+19   1.16489026E+06   2.86506000E+05   2.28603504E+07   0.29973047      
  49               1.59758657E-01   1.32783887E+00   531.85043828     7.07579030E-05   1.80834668E+19   1.11813663E+06   3.33259632E+05   2.26089667E+07   0.29960914      
  50               1.89005613E-01   1.52064123E+00   554.37747163     7.77392748E-05   1.98676741E+19   1.07614780E+06   3.75248456E+05   2.23490078E+07   0.29951248      
  51               2.23606798E-01   1.73964552E+00   576.67004238     8.54973214E-05   2.18503909E+19   1.03762543E+06   4.13770828E+05   2.20803768E+07   0.29933129      
  52               2.64542408E-01   1.98821144E+00   600.70172757     9.38042594E-05   2.39733942E+19   1.00085349E+06   4.50542765E+05   2.18028186E+07   0.29918633      
  53               3.12972084E-01   2.27003333E+00   624.46082692     1.03025692E-04   2.63301221E+19   9.65685716E+05   4.85710542E+05   2.15161430E+07   0.29897785      
  54               3.70267763E-01   2.58912684E+00   650.05373688     1.12881315E-04   2.88489431E+19   9.32796876E+05   5.18599382E+05   2.12202504E+07   0.29883004      
  55               4.38052539E-01   2.95004911E+00   675.32297217     1.23804125E-04   3.16405163E+19   9.02939316E+05   5.48456942E+05   2.09149446E+07   0.29855026      
  56               5.18246648E-01   3.35746156E+00   702.49509220     1.35451689E-04   3.46173321E+19   8.76038414E+05   5.75357845E+05   2.06003331E+07   0.29829255      
  57               6.13121862E-01   3.81648783E+00   729.24132221     1.48323031E-04   3.79069159E+19   8.52556540E+05   5.98839718E+05   2.02764853E+07   0.2978386       
  58               7.25365844E-01   4.33353027E+00   757.97217779     1.62033153E-04   4.14108753E+19   8.33441859E+05   6.17954399E+05   1.99429667E+07   0.29749707      
  59               8.58158289E-01   4.91568034E+00   786.27113965     1.77184682E-04   4.52832030E+19   8.19417507E+05   6.31978750E+05   1.95993930E+07   0.29691923      
  60               1.01526100E+00   5.57137687E+00   816.68304261     1.93341900E-04   4.94122737E+19   8.12464981E+05   6.38931277E+05   1.92451286E+07   0.29647598      
  61               1.20112443E+00   6.30900125E+00   846.64963039     2.11190254E-04   5.39737670E+19   8.12796806E+05   6.38599452E+05   1.88800929E+07   0.2956752       
  62               1.42101382E+00   7.13672919E+00   878.71828252     2.30180410E-04   5.88268230E+19   8.22832029E+05   6.28564228E+05   1.85046733E+07   0.2950606       
  63               1.68115827E+00   8.06413794E+00   910.24137078     2.51084456E-04   6.41692875E+19   8.42700282E+05   6.08695977E+05   1.81189045E+07   0.29400184      
  64               1.98892727E+00   9.10202422E+00   943.86049183     2.73305601E-04   6.98483286E+19   8.73410093E+05   5.77986166E+05   1.77227034E+07   0.29324907      
  65               2.35303941E+00   1.02623360E+01   976.91425024     2.97720475E-04   7.60879045E+19   9.12535983E+05   5.38860276E+05   1.73159360E+07   0.29194417      
  66               2.78380943E+00   1.15573956E+01   1012.01966968    3.23662357E-04   8.27173979E+19   9.59146275E+05   4.92249981E+05   1.68987406E+07   0.29105208      
  67               3.29344035E+00   1.29991094E+01   1046.49725627    3.52048655E-04   8.99707507E+19   1.01088266E+06   4.40513597E+05   1.64716380E+07   0.28958452      
  68               3.89636920E+00   1.45993129E+01   1082.86391808    3.82113404E-04   9.76527267E+19   1.06810562E+06   3.83290640E+05   1.60353452E+07   0.28859555      
  69               4.60967600E+00   1.63751050E+01   1118.60248394    4.14898083E-04   1.06031316E+20   1.13029953E+06   3.21096728E+05   1.55893551E+07   0.28691212      
  70               5.45356761E+00   1.83486136E+01   1156.26117460    4.49758886E-04   1.14940518E+20   1.19460638E+06   2.56789875E+05   1.51324999E+07   0.28573041      
  71               6.45195012E+00   2.05429578E+01   1193.47749235    4.87843674E-04   1.24673623E+20   1.25723688E+06   1.94159374E+05   1.46640377E+07   0.28399705      
  72               7.63310614E+00   2.29804598E+01   1232.58885463    5.28411733E-04   1.35041209E+20   1.31301097E+06   1.38385287E+05   1.41839523E+07   0.28276331      
  73               9.03049593E+00   2.56818038E+01   1271.25217061    5.72568773E-04   1.46325379E+20   1.35907646E+06   9.23198024E+04   1.36928410E+07   0.28116312      
  74               1.06837053E+01   2.86660295E+01   1311.63318092    6.19433907E-04   1.58300027E+20   1.39163561E+06   5.97606433E+04   1.31917456E+07   0.27993032      
  75               1.26395671E+01   3.19552016E+01   1351.45501848    6.70183220E-04   1.71263891E+20   1.41446407E+06   3.69323573E+04   1.26812491E+07   0.27837173      
  76               1.49534878E+01   3.55840332E+01   1392.99020755    7.24076849E-04   1.85026080E+20   1.42951383E+06   2.18825230E+04   1.21603198E+07   0.27712248      
  77               1.76910170E+01   3.95976849E+01   1434.19936797    7.82650427E-04   1.99979790E+20   1.43773105E+06   1.36652230E+04   1.16271503E+07   0.2755071       
  78               2.09297047E+01   4.40443191E+01   1477.30304044    8.45188262E-04   2.15946490E+20   1.43838209E+06   1.30142142E+04   1.10804197E+07   0.27417273      
  79               2.47612977E+01   4.89696311E+01   1520.21107893    9.13194404E-04   2.33318287E+20   1.42850717E+06   2.28891658E+04   1.05197870E+07   0.27251074      
  80               2.92943389E+01   5.44109998E+01   1564.89502832    9.85675977E-04   2.51841522E+20   1.40768184E+06   4.37144100E+04   9.94624796E+06   0.27114317      
  81               3.46572422E+01   6.03841534E+01   1609.07720561    1.06381957E-03   2.71814073E+20   1.37229073E+06   7.91055256E+04   9.36292846E+06   0.26943283      
  82               4.10019301E+01   6.69008012E+01   1654.49463202    1.14623666E-03   2.92881403E+20   1.32551879E+06   1.25877479E+05   8.77278496E+06   0.26804709      
  83               4.85081376E+01   7.39439612E+01   1698.86786534    1.23437540E-03   3.15260057E+20   1.26462242E+06   1.86773842E+05   8.18060457E+06   0.2663098       
  84               5.73885036E+01   8.15140334E+01   1743.87373451    1.32557683E-03   3.38565878E+20   1.19318435E+06   2.58211900E+05   7.58880214E+06   0.26499055      
  85               6.78945948E+01   8.95586581E+01   1787.34387099    1.42096931E-03   3.62932033E+20   1.10013258E+06   3.51263680E+05   7.00264399E+06   0.26330009      
  86               8.03240320E+01   9.78903607E+01   1829.99284829    1.51700747E-03   3.87450634E+20   1.02082031E+06   4.30575949E+05   6.43516325E+06   0.26207326      
  87               9.50289215E+01   1.06848058E+02   1871.96798441    1.61889846E-03   4.13422451E+20   9.36088137E+05   5.15383635E+05   5.86355598E+06   0.26046925      
  88               1.12425830E+02   1.15909948E+02   1912.33001843    1.71968478E-03   4.39019396E+20   8.24307055E+05   6.27263536E+05   5.32043769E+06   0.25942108      
  89               1.33007583E+02   1.24758905E+02   1948.76173471    1.81732174E-03   4.63701659E+20   7.39256610E+05   7.12224562E+05   4.81986902E+06   0.25792485      
  90               1.57357229E+02   1.34326340E+02   1986.46301244    1.92083950E-03   4.89786194E+20   6.65380780E+05   7.86562785E+05   4.30777978E+06   0.25694943      
  91               1.86164557E+02   1.43504274E+02   2020.13109705    2.01803210E-03   5.14530497E+20   5.70150339E+05   8.81335747E+05   3.84161280E+06   0.25568869      
  92               2.20245630E+02   1.51937843E+02   2050.03397566    2.10539847E-03   5.36822533E+20   5.12403759E+05   9.40728120E+05   3.43246453E+06   0.25488266      
  93               2.60565913E+02   1.61300237E+02   2081.22962549    2.20155955E-03   5.61359200E+20   4.85882756E+05   9.65696640E+05   2.99759895E+06   0.25343036      
  94               3.08267614E+02   1.71707080E+02   2114.57872593    2.30654855E-03   5.88152820E+20   4.34012125E+05   1.01741514E+06   2.53577886E+06   0.25265475      
  95               3.64702046E+02   1.80749058E+02   2141.96081580    2.39763706E-03   6.11209873E+20   3.59264994E+05   1.09220784E+06   2.15126909E+06   0.25174438      
  96               4.31467909E+02   1.88168295E+02   2163.87804917    2.47071236E-03   6.29853444E+20   3.18258248E+05   1.13511261E+06   1.84643985E+06   0.25114485      
  97               5.10456573E+02   1.96575486E+02   2187.59332948    2.55305422E-03   6.50861536E+20   3.04278737E+05   1.14920344E+06   1.51169800E+06   0.2499374       
  98               6.03905660E+02   2.06062841E+02   2213.57186654    2.64478589E-03   6.74266986E+20   2.90245145E+05   1.16387087E+06   1.14659101E+06   0.24935113      
  99               7.14462436E+02   2.16720261E+02   2241.46336119    2.74687215E-03   7.00315455E+20   2.74794848E+05   1.17660147E+06   7.51189832E+05   0.24794979      
  100              8.45258798E+02   2.28726785E+02   2271.59058251    2.86042214E-03   7.29311069E+20   2.41806165E+05   1.20959022E+06   3.22855232E+05   0.24718445      
  101              1.00000000E+03   2.38105559E+02   2294.21483969    2.95082906E-03   7.51728975E+20   2.16007935E+05   1.23538856E+06   0.00000000E+00   0.24661336      
