# ATMO pressure-temperature profile
# Effective temperature = 350.0K
# log(g) = 2.5cm/s^2
# M/H = 0.0
# Optical depth grid in band 17 (1.20-1.33microns)
# All parameters in cgs units
#
# Model Level      Optical Depth    Pressure         Temperature      Density          Number Density   Rad Flux         Conv Flux        Radial Extension Adiabatic Gradient
#                                   [Ba]             [K]              [g/cm^3]         [/cm^3]          [ergs/s/cm^2/sr] [ergs/s/cm^2/sr] [cm]             [K/Ba]          
  1                5.00000000E-04   1.00000000E-05   52.54809283      5.39138744E-09   1.37837974E+15   8.50753756E+05   0.00000000E+00   7.98015249E+08   0.34574124      
  2                5.78069831E-04   1.13416884E-04   67.35211662      4.77072042E-08   1.21969797E+16   8.50753756E+05   0.00000000E+00   7.77623748E+08   0.31479375      
  3                6.68329458E-04   2.32246134E-04   78.25020865      8.40853807E-08   2.14975431E+16   8.50753756E+05   0.00000000E+00   7.71690792E+08   0.31481865      
  4                7.72682194E-04   3.62322135E-04   84.96953297      1.20806178E-07   3.08857019E+16   8.50753756E+05   0.00000000E+00   7.67609550E+08   0.31483531      
  5                8.93328530E-04   5.05315012E-04   92.12222202      1.55401536E-07   3.97304639E+16   8.50753756E+05   0.00000000E+00   7.64309335E+08   0.31484833      
  6                1.03281254E-03   6.64332585E-04   97.32923351      1.93374264E-07   4.94388194E+16   8.50753756E+05   0.00000000E+00   7.61408533E+08   0.31485939      
  7                1.19407555E-03   8.42265098E-04   103.93199134     2.29589152E-07   5.86982827E+16   8.50753756E+05   0.00000000E+00   7.58738108E+08   0.31486927      
  8                1.38051810E-03   1.04216490E-03   108.77387319     2.71408666E-07   6.93965193E+16   8.50753756E+05   0.00000000E+00   7.56205752E+08   0.31487836      
  9                1.59607173E-03   1.26751079E-03   115.23791564     3.11612031E-07   7.96676688E+16   8.50753756E+05   0.00000000E+00   7.53755387E+08   0.32018553      
  10               1.84528182E-03   1.52205340E-03   120.03657056     3.59231375E-07   9.18421726E+16   8.50753756E+05   0.00000000E+00   7.51349550E+08   0.31939272      
  11               2.13340350E-03   1.80999225E-03   126.62031920     4.04977842E-07   1.03537852E+17   8.50753756E+05   0.00000000E+00   7.48962302E+08   0.32420407      
  12               2.46651240E-03   2.13597364E-03   131.42910001     4.60428615E-07   1.17714563E+17   8.50753756E+05   0.00000000E+00   7.46575063E+08   0.32368944      
  13               2.85163282E-03   2.50534878E-03   138.19814775     5.13598707E-07   1.31308189E+17   8.50753756E+05   0.00000000E+00   7.44173054E+08   0.32583945      
  14               3.29688580E-03   2.92406320E-03   143.30769779     5.78063007E-07   1.47789328E+17   8.50753756E+05   0.00000000E+00   7.41742986E+08   0.32567304      
  15               3.81166043E-03   3.39885395E-03   150.61923067     6.39307780E-07   1.63447363E+17   8.50753756E+05   0.00000000E+00   7.39273198E+08   0.32572817      
  16               4.40681180E-03   3.93732183E-03   156.19321678     7.14161621E-07   1.82584785E+17   8.50753756E+05   0.00000000E+00   7.36753164E+08   0.32588035      
  17               5.09488990E-03   4.54832492E-03   164.00251526     7.85702715E-07   2.00875427E+17   8.50753756E+05   0.00000000E+00   7.34173779E+08   0.32430776      
  18               5.89040429E-03   5.24199453E-03   169.97112814     8.73728926E-07   2.23381522E+17   8.50753756E+05   0.00000000E+00   7.31526284E+08   0.32465119      
  19               6.81013002E-03   6.02973785E-03   178.23095313     9.58440565E-07   2.45042346E+17   8.50753756E+05   0.00000000E+00   7.28804123E+08   0.32193836      
  20               7.87346142E-03   6.92413724E-03   184.62953496     1.06241292E-06   2.71637879E+17   8.50753756E+05   0.00000000E+00   7.26001258E+08   0.32232952      
  21               9.10282102E-03   7.93920864E-03   193.39799494     1.16221075E-06   2.97338460E+17   8.50753756E+05   0.00000000E+00   7.23112525E+08   0.31901477      
  22               1.05241324E-02   9.08946414E-03   201.01037487     1.28109280E-06   3.27525899E+17   8.50753756E+05   0.00000000E+00   7.20131527E+08   0.31932099      
  23               1.21673669E-02   1.03927235E-02   210.35202174     1.39972739E-06   3.57856179E+17   8.50753756E+05   0.00000000E+00   7.17053880E+08   0.31575229      
  24               1.40671754E-02   1.18697225E-02   218.02914113     1.54236368E-06   3.94322774E+17   8.50753756E+05   0.00000000E+00   7.13875067E+08   0.31579599      
  25               1.62636194E-02   1.35445343E-02   226.86294269     1.69145834E-06   4.32440496E+17   8.50753756E+05   0.00000000E+00   7.10596062E+08   0.31251034      
  26               1.88030155E-02   1.54448227E-02   233.79784226     1.87155768E-06   4.78484933E+17   8.50753756E+05   0.00000000E+00   7.07218625E+08   0.31247226      
  27               2.17389119E-02   1.76027998E-02   241.89098440     2.06168760E-06   5.27093799E+17   8.50753756E+05   0.00000000E+00   7.03744594E+08   0.30979698      
  28               2.51332183E-02   2.00546372E-02   248.38592763     2.28743422E-06   5.84808480E+17   8.50753756E+05   0.00000000E+00   7.00174284E+08   0.30982036      
  29               2.90575105E-02   2.28411855E-02   256.28461288     2.52497396E-06   6.45538202E+17   8.50753756E+05   0.00000000E+00   6.96507681E+08   0.30771301      
  30               3.35945403E-02   2.60080648E-02   262.83409086     2.80341337E-06   7.16724389E+17   8.50753756E+05   0.00000000E+00   6.92743596E+08   0.30774842      
  31               3.88399805E-02   2.96070029E-02   270.97641906     3.09544966E-06   7.91386771E+17   8.50753756E+05   0.00000000E+00   6.88880202E+08   0.30597642      
  32               4.49044419E-02   3.36953723E-02   277.97336827     3.43421808E-06   8.77996751E+17   8.50753756E+05   0.00000000E+00   6.84914918E+08   0.30599258      
  33               5.19158062E-02   3.83369889E-02   286.79742293     3.78707196E-06   9.68207838E+17   8.50753756E+05   0.00000000E+00   6.80844832E+08   0.30453774      
  34               6.00219227E-02   4.36026940E-02   294.65723629     4.19234503E-06   1.07182048E+18   8.50753756E+05   0.00000000E+00   6.76665795E+08   0.30449789      
  35               6.93937253E-02   4.95712910E-02   304.54211969     4.61151548E-06   1.17898615E+18   8.50753756E+05   0.00000000E+00   6.72373180E+08   0.30328904      
  36               8.02288381E-02   5.63291336E-02   313.76728310     5.08611560E-06   1.30032303E+18   8.50753756E+05   0.00000000E+00   6.67960595E+08   0.30317215      
  37               9.27557418E-02   6.39686099E-02   325.69870401     5.56431487E-06   1.42258008E+18   8.50312107E+05   4.41648539E+02   6.63419458E+08   0.30223007      
  38               1.07238592E-01   7.25774989E-02   338.74574033     6.07000413E-06   1.55186520E+18   8.44061912E+05   6.69184345E+03   6.58735135E+08   0.30204876      
  39               1.23982789E-01   8.22757306E-02   351.42420996     6.63286104E-06   1.69576595E+18   8.32363013E+05   1.83907432E+04   6.53901792E+08   0.30125852      
  40               1.43341420E-01   9.32024413E-02   365.25703619     7.22919062E-06   1.84822371E+18   8.14831892E+05   3.59218641E+04   6.48911865E+08   0.30111915      
  41               1.65722701E-01   1.05511656E-01   378.75800984     7.89222747E-06   2.01773651E+18   7.91353830E+05   5.93999259E+04   6.43758562E+08   0.30056431      
  42               1.91598587E-01   1.19373679E-01   393.46349173     8.59537545E-06   2.19750553E+18   7.61926479E+05   8.88272765E+04   6.38436323E+08   0.30050945      
  43               2.21514726E-01   1.34972738E-01   407.85045789     9.37588680E-06   2.39701606E+18   7.26350240E+05   1.24403516E+05   6.32941392E+08   0.30019502      
  44               2.56101960E-01   1.52508011E-01   423.48837911     1.02027770E-05   2.60841686E+18   6.84247433E+05   1.66506323E+05   6.27271861E+08   0.30016183      
  45               2.96089634E-01   1.72205134E-01   438.79258469     1.11187002E-05   2.84257973E+18   6.35904675E+05   2.14849081E+05   6.21423737E+08   0.29988096      
  46               3.42320969E-01   1.94318042E-01   455.40353038     1.20888179E-05   3.09059837E+18   5.81579217E+05   2.69174539E+05   6.15392214E+08   0.29983469      
  47               3.95770849E-01   2.19119937E-01   471.66545661     1.31618765E-05   3.36491163E+18   5.21999961E+05   3.28753795E+05   6.09174440E+08   0.29965219      
  48               4.57566375E-01   2.46907571E-01   489.29186377     1.42966786E-05   3.65504099E+18   4.64338730E+05   3.86415026E+05   6.02768615E+08   0.29964333      
  49               5.29010634E-01   2.78014231E-01   506.54046562     1.55508167E-05   3.97538067E+18   4.17597530E+05   4.33156226E+05   5.96171321E+08   0.29948445      
  50               6.11610175E-01   3.12803303E-01   525.21544095     1.68746059E-05   4.31379681E+18   3.78804243E+05   4.71949512E+05   5.89380076E+08   0.29945419      
  51               7.07106781E-01   3.51699616E-01   543.48955467     1.83349544E-05   4.68712496E+18   3.46379800E+05   5.04373956E+05   5.82387266E+08   0.29922687      
  52               8.17514195E-01   3.95165828E-01   563.26489031     1.98776482E-05   5.08150714E+18   3.19250944E+05   5.31502811E+05   5.75187318E+08   0.29917767      
  53               9.45160584E-01   4.43703113E-01   582.62024554     2.15776603E-05   5.51610778E+18   2.95605107E+05   5.55148649E+05   5.67776079E+08   0.29892614      
  54               1.09273764E+00   4.97866470E-01   603.54005284     2.33723997E-05   5.97492725E+18   2.75348847E+05   5.75404907E+05   5.60149114E+08   0.29889157      
  55               1.26335732E+00   5.58240971E-01   624.01471655     2.53467684E-05   6.47966741E+18   2.57053264E+05   5.93700492E+05   5.52305060E+08   0.29854405      
  56               1.46061751E+00   6.25496187E-01   646.09486883     2.74298419E-05   7.01219871E+18   2.42115729E+05   6.08638026E+05   5.44239156E+08   0.29847902      
  57               1.68867783E+00   7.00415738E-01   667.73802720     2.97196766E-05   7.59758602E+18   2.29536157E+05   6.21217600E+05   5.35941385E+08   0.29796538      
  58               1.95234742E+00   7.83812282E-01   691.02532884     3.21374802E-05   8.21568799E+18   2.20091613E+05   6.30662142E+05   5.27408024E+08   0.29789191      
  59               2.25718628E+00   8.76530280E-01   713.87935636     3.47884771E-05   8.89340233E+18   2.12672513E+05   6.38081243E+05   5.18639219E+08   0.29725928      
  60               2.60962258E+00   9.79523306E-01   738.36340639     3.75870479E-05   9.60882865E+18   2.08320266E+05   6.42433488E+05   5.09632405E+08   0.29720557      
  61               3.01708817E+00   1.09377523E+00   762.43898093     4.06458608E-05   1.03907963E+19   2.05829610E+05   6.44924145E+05   5.00388909E+08   0.29639099      
  62               3.48817529E+00   1.22046928E+00   788.09698618     4.38775873E-05   1.12169046E+19   2.06496660E+05   6.44257093E+05   4.90901948E+08   0.29631613      
  63               4.03281780E+00   1.36099130E+00   813.45606707     4.74044727E-05   1.21184503E+19   2.09036670E+05   6.41717086E+05   4.81158472E+08   0.29523189      
  64               4.66250061E+00   1.51674313E+00   840.32186885     5.11404174E-05   1.30735102E+19   2.14239967E+05   6.36513786E+05   4.71155217E+08   0.29481042      
  65               5.39050188E+00   1.68910995E+00   866.93895462     5.52035768E-05   1.41122169E+19   2.21313371E+05   6.29440383E+05   4.60896620E+08   0.29380902      
  66               6.23217301E+00   1.87959893E+00   894.98406201     5.95042238E-05   1.52116291E+19   2.30647502E+05   6.20106251E+05   4.50386386E+08   0.29322203      
  67               7.20526240E+00   2.08981978E+00   922.77861827     6.41667058E-05   1.64035238E+19   2.41776977E+05   6.08976774E+05   4.39628000E+08   0.29217326      
  68               8.33028963E+00   2.32149713E+00   951.93825554     6.90970359E-05   1.76638436E+19   2.54634601E+05   5.97038072E+05   4.28625303E+08   0.29154371      
  69               9.63097823E+00   2.57673584E+00   980.88239817     7.44315301E-05   1.90273715E+19   2.68618427E+05   5.83127320E+05   4.17370479E+08   0.29031263      
  70               1.11347559E+01   2.85770291E+00   1011.13570565    8.00794854E-05   2.04707366E+19   2.83638171E+05   5.69065195E+05   4.05862024E+08   0.28943186      
  71               1.28733329E+01   3.16662959E+00   1041.18823283    8.61748836E-05   2.20289529E+19   2.99986748E+05   5.51099931E+05   3.94102101E+08   0.28820199      
  72               1.48833708E+01   3.50588278E+00   1072.49758469    9.26216268E-05   2.36770127E+19   3.17064980E+05   5.34263671E+05   3.82093914E+08   0.28726107      
  73               1.72072553E+01   3.87830080E+00   1103.62395757    9.95703281E-05   2.54534239E+19   3.34592525E+05   5.16538494E+05   3.69830552E+08   0.28593803      
  74               1.98939903E+01   4.28708251E+00   1135.99733689    1.06928055E-04   2.73344518E+19   3.51835479E+05   4.99113950E+05   3.57302582E+08   0.28480136      
  75               2.30002312E+01   4.73588446E+00   1168.23584381    1.14861545E-04   2.93627286E+19   3.69079297E+05   4.81809610E+05   3.44496342E+08   0.28355059      
  76               2.65914795E+01   5.22869626E+00   1201.78966120    1.23272187E-04   3.15130755E+19   3.84867620E+05   4.65949672E+05   3.31399660E+08   0.28237636      
  77               3.07434641E+01   5.76955588E+00   1235.21331065    1.32341546E-04   3.38318900E+19   3.99167676E+05   4.51626072E+05   3.18008938E+08   0.28103449      
  78               3.55437382E+01   6.36255177E+00   1269.94048773    1.41951215E-04   3.62888996E+19   4.10755798E+05   4.40015182E+05   3.04327425E+08   0.27982907      
  79               4.10935254E+01   7.01181371E+00   1304.48840687    1.52292265E-04   3.89328310E+19   4.19983924E+05   4.30780535E+05   2.90363370E+08   0.27846909      
  80               4.75098546E+01   7.72238218E+00   1340.31929534    1.63241181E-04   4.17319675E+19   4.27038608E+05   4.23720432E+05   2.76112144E+08   0.27721194      
  81               5.49280272E+01   8.50069238E+00   1376.01085197    1.75034267E-04   4.47464186E+19   4.32758610E+05   4.17998830E+05   2.61551638E+08   0.27578731      
  82               6.35044707E+01   9.35553240E+00   1413.14321389    1.87578191E-04   4.79521594E+19   4.37950136E+05   4.12805959E+05   2.46632889E+08   0.27444638      
  83               7.34200373E+01   1.03000352E+01   1450.46241041    2.01207667E-04   5.14349201E+19   4.43201640E+05   4.08156342E+05   2.31258759E+08   0.27281612      
  84               8.48838171E+01   1.13518845E+01   1489.71313784    2.15915920E-04   5.51939091E+19   4.49542439E+05   4.01211423E+05   2.15300316E+08   0.27158691      
  85               9.81375475E+01   1.25317798E+01   1529.81422525    2.32108964E-04   5.93334909E+19   4.54115982E+05   3.96637942E+05   1.98633283E+08   0.26990676      
  86               1.13460711E+02   1.38564916E+01   1572.07284984    2.49743837E-04   6.38419959E+19   4.54904549E+05   3.95849399E+05   1.81233955E+08   0.26869906      
  87               1.31176428E+02   1.53280397E+01   1614.88979825    2.68952462E-04   6.87495031E+19   4.47201426E+05   4.04194880E+05   1.63278501E+08   0.26703965      
  88               1.51658271E+02   1.69300207E+01   1658.46491552    2.89357263E-04   7.39395902E+19   4.31378410E+05   4.19449284E+05   1.45117963E+08   0.26591838      
  89               1.75338142E+02   1.86357882E+01   1701.01865360    3.10544552E-04   7.93532154E+19   4.03930121E+05   4.48680783E+05   1.27123326E+08   0.2644355       
  90               2.02715380E+02   2.03875528E+01   1742.00054858    3.31774780E-04   8.47700914E+19   3.65221518E+05   4.85532311E+05   1.09865027E+08   0.26356502      
  91               2.34367291E+02   2.20735911E+01   1778.63891822    3.51885383E-04   8.98899298E+19   3.32474710E+05   5.18278757E+05   9.42604629E+07   0.26234801      
  92               2.70961321E+02   2.38510298E+01   1815.20319938    3.72713699E-04   9.51716778E+19   2.95810369E+05   5.54942937E+05   7.87395766E+07   0.26161806      
  93               3.13269130E+02   2.54098036E+01   1845.35570570    3.91026087E-04   9.97348768E+19   2.43859491E+05   6.06894496E+05   6.58265516E+07   0.26058279      
  94               3.62182865E+02   2.66691618E+01   1868.80556721    4.05250517E-04   1.03364423E+20   2.14723287E+05   6.36032218E+05   5.58222903E+07   0.25986552      
  95               4.18733975E+02   2.80362036E+01   1893.13254481    4.20539449E-04   1.07266479E+20   2.05951454E+05   6.44803230E+05   4.53505947E+07   0.25902138      
  96               4.84114957E+02   2.95211595E+01   1918.63874889    4.36911552E-04   1.11446399E+20   1.84489012E+05   6.66264781E+05   3.43955619E+07   0.25861427      
  97               5.59704502E+02   3.06821576E+01   1937.80514478    4.49746003E-04   1.14683683E+20   1.51863225E+05   6.98895538E+05   2.61128561E+07   0.25775535      
  98               6.47096573E+02   3.15234751E+01   1951.36911089    4.58856896E-04   1.17009332E+20   1.34284204E+05   7.16483148E+05   2.02563601E+07   0.25699149      
  99               7.48134013E+02   3.24478993E+01   1965.87177001    4.68817640E-04   1.19552108E+20   1.29428697E+05   7.21343104E+05   1.39535978E+07   0.25624646      
  100              8.64947405E+02   3.34604758E+01   1981.41622610    4.79642272E-04   1.22315709E+20   1.24314445E+05   7.26462242E+05   7.20105406E+06   0.25550079      
  101              1.00000000E+03   3.45659761E+01   1997.89114688    4.91370087E-04   1.25314938E+20   1.21473439E+05   7.29306405E+05   0.00000000E+00   0.25474068      
