# ATMO pressure-temperature profile
# Effective temperature = 1800.0K
# log(g) = 3.0cm/s^2
# M/H = 0.0
# Optical depth grid in band 17 (1.20-1.33microns)
# All parameters in cgs units
#
# Model Level      Optical Depth    Pressure         Temperature      Density          Number Density   Rad Flux         Conv Flux        Radial Extension Adiabatic Gradient
#                                   [Ba]             [K]              [g/cm^3]         [/cm^3]          [ergs/s/cm^2/sr] [ergs/s/cm^2/sr] [cm]             [K/Ba]          
  1                1.00000000E-05   1.00000000E-05   462.42535515     6.13107564E-10   1.56633337E+14   5.95204897E+08   0.00000000E+00   7.34875221E+08   0.29800483      
  2                1.20226443E-05   1.58124602E-05   543.58563096     8.24720747E-10   2.10696497E+14   5.95204897E+08   0.00000000E+00   7.26701141E+08   0.29772821      
  3                1.44543977E-05   2.22195135E-05   581.03232113     1.08415397E-09   2.76987451E+14   5.95204897E+08   0.00000000E+00   7.19925354E+08   0.29746384      
  4                1.73780083E-05   2.95995442E-05   604.75340002     1.38754258E-09   3.54513310E+14   5.95204897E+08   0.00000000E+00   7.13908216E+08   0.29715186      
  5                2.08929613E-05   3.81885678E-05   626.83599598     1.72703594E-09   4.41270894E+14   5.95204897E+08   0.00000000E+00   7.08359780E+08   0.29688761      
  6                2.51188643E-05   4.82351422E-05   643.79567270     2.12386935E-09   5.42676918E+14   5.95204897E+08   0.00000000E+00   7.03114080E+08   0.29655342      
  7                3.01995172E-05   6.00294320E-05   661.92211882     2.57074962E-09   6.56875675E+14   5.95204897E+08   0.00000000E+00   6.98066560E+08   0.2962811       
  8                3.63078055E-05   7.39009177E-05   676.47943254     3.09665961E-09   7.91263393E+14   5.95204897E+08   0.00000000E+00   6.93150169E+08   0.29592468      
  9                4.36515832E-05   9.02346083E-05   692.83678798     3.69177908E-09   9.43339538E+14   5.95204897E+08   0.00000000E+00   6.88319361E+08   0.29631512      
  10               5.24807460E-05   1.09478089E-04   706.17400250     4.39447591E-09   1.12290062E+15   5.95204897E+08   0.00000000E+00   6.83541734E+08   0.29606829      
  11               6.30957344E-05   1.32156224E-04   721.64610294     5.19102071E-09   1.32644483E+15   5.95204897E+08   0.00000000E+00   6.78793550E+08   0.29587685      
  12               7.58577575E-05   1.58879819E-04   734.42909701     6.13207745E-09   1.56691234E+15   5.95204897E+08   0.00000000E+00   6.74056971E+08   0.29561387      
  13               9.12010839E-05   1.90362911E-04   749.54745729     7.19903322E-09   1.83953918E+15   5.95204897E+08   0.00000000E+00   6.69318514E+08   0.29541081      
  14               1.09647820E-04   2.27442158E-04   762.09737765     8.45961430E-09   2.16165479E+15   5.95204897E+08   0.00000000E+00   6.64567147E+08   0.29512759      
  15               1.31825674E-04   2.71136677E-04   777.00532295     9.89141065E-09   2.52749389E+15   5.95204897E+08   0.00000000E+00   6.59790503E+08   0.2949075       
  16               1.58489319E-04   3.22647667E-04   789.45078015     1.15852135E-08   2.96025627E+15   5.95204897E+08   0.00000000E+00   6.54978575E+08   0.29459891      
  17               1.90546072E-04   3.83394385E-04   804.36204593     1.35111956E-08   3.45239133E+15   5.95204897E+08   0.00000000E+00   6.50123187E+08   0.29435988      
  18               2.29086765E-04   4.55036805E-04   816.90837993     1.57896414E-08   4.03458634E+15   5.95204897E+08   0.00000000E+00   6.45218207E+08   0.2940244       
  19               2.75422870E-04   5.39508981E-04   832.06470278     1.83797626E-08   4.69642530E+15   5.95204897E+08   0.00000000E+00   6.40259623E+08   0.29376198      
  20               3.31131121E-04   6.39059687E-04   844.94071412     2.14394226E-08   5.47823962E+15   5.95204896E+08   0.00000000E+00   6.35244659E+08   0.2933938       
  21               3.98107171E-04   7.56308717E-04   860.51924699     2.49135602E-08   6.36596662E+15   5.95204896E+08   0.00000000E+00   6.30171425E+08   0.29310498      
  22               4.78630092E-04   8.94291044E-04   873.86426480     2.90089383E-08   7.41243232E+15   5.95204895E+08   0.00000000E+00   6.25038799E+08   0.29270259      
  23               5.75439937E-04   1.05652849E-03   889.97921576     3.36509851E-08   8.59858894E+15   5.95204895E+08   0.00000000E+00   6.19846181E+08   0.29238461      
  24               6.91830971E-04   1.24708127E-03   903.89877589     3.91084958E-08   9.99311298E+15   5.95204894E+08   0.00000000E+00   6.14593502E+08   0.29194165      
  25               8.31763771E-04   1.47063051E-03   920.70433383     4.52771561E-08   1.15693570E+16   5.95204892E+08   0.00000000E+00   6.09281013E+08   0.29158715      
  26               1.00000000E-03   1.73266527E-03   935.36064552     5.25086804E-08   1.34171853E+16   5.95204891E+08   0.00000000E+00   6.03906937E+08   0.29109745      
  27               1.20226443E-03   2.03983023E-03   952.94594890     6.06765624E-08   1.55042798E+16   5.95204889E+08   0.00000000E+00   5.98465098E+08   0.29069891      
  28               1.44543977E-03   2.39979629E-03   968.48372767     7.02387980E-08   1.79476623E+16   5.95204887E+08   0.00000000E+00   5.92951152E+08   0.29015152      
  29               1.73780083E-03   2.82140342E-03   987.11376086     8.10200953E-08   2.07025490E+16   5.95204884E+08   0.00000000E+00   5.87362294E+08   0.28969572      
  30               2.08929613E-03   3.31473991E-03   1003.84801586    9.36000535E-08   2.39170346E+16   5.95204881E+08   0.00000000E+00   5.81697178E+08   0.2890821       
  31               2.51188643E-03   3.89132075E-03   1023.82859734    1.07736823E-07   2.75293282E+16   5.95204877E+08   0.00000000E+00   5.75955483E+08   0.28856212      
  32               3.01995172E-03   4.56417067E-03   1041.97819911    1.24164511E-07   3.17270054E+16   5.95204873E+08   0.00000000E+00   5.70137970E+08   0.28787299      
  33               3.63078055E-03   5.34800364E-03   1063.49977463    1.42543800E-07   3.64233705E+16   5.95204867E+08   0.00000000E+00   5.64246134E+08   0.28727555      
  34               4.36515832E-03   6.25919082E-03   1083.35571026    1.63772507E-07   4.18478312E+16   5.95204860E+08   0.00000000E+00   5.58282473E+08   0.28649654      
  35               5.24807460E-03   7.31588810E-03   1106.83070951    1.87361142E-07   4.78753204E+16   5.95204851E+08   0.00000000E+00   5.52250070E+08   0.28571837      
  36               6.30957344E-03   8.53801412E-03   1128.72681791    2.14418132E-07   5.47890619E+16   5.95204841E+08   0.00000000E+00   5.46152659E+08   0.28333319      
  37               7.58577575E-03   9.94962757E-03   1154.29619761    2.44333384E-07   6.24331718E+16   5.95204828E+08   0.00000000E+00   5.39985379E+08   0.28267658      
  38               9.12010839E-03   1.15788669E-02   1178.46867642    2.78510169E-07   7.11662133E+16   5.95204813E+08   0.00000000E+00   5.33739796E+08   0.2820766       
  39               1.09647820E-02   1.34567117E-02   1206.69663627    3.16106748E-07   8.07730878E+16   5.95204797E+08   0.00000000E+00   5.27410981E+08   0.28168032      
  40               1.31825674E-02   1.56165341E-02   1233.85373421    3.58768071E-07   9.16741332E+16   5.95204777E+08   0.00000000E+00   5.20997492E+08   0.28132531      
  41               1.58489319E-02   1.80941807E-02   1265.31273155    4.05353602E-07   1.03577849E+17   5.95204754E+08   0.00000000E+00   5.14500451E+08   0.28091687      
  42               1.90546072E-02   2.09266087E-02   1296.07568449    4.57681917E-07   1.16948412E+17   5.95204728E+08   0.00000000E+00   5.07924470E+08   0.27958106      
  43               2.29086765E-02   2.41510133E-02   1331.62438459    5.14109201E-07   1.31364936E+17   5.95204697E+08   0.00000000E+00   5.01277229E+08   0.27773861      
  44               2.75422870E-02   2.78013180E-02   1367.10489617    5.76473856E-07   1.47295468E+17   5.95204662E+08   0.00000000E+00   4.94571977E+08   0.27525814      
  45               3.31131121E-02   3.19081602E-02   1407.89830002    6.42667721E-07   1.64155833E+17   5.95204614E+08   0.00000000E+00   4.87824204E+08   0.27284212      
  46               3.98107171E-02   3.64898785E-02   1449.55286253    7.13891473E-07   1.82332547E+17   5.95204504E+08   0.00000000E+00   4.81059839E+08   0.27038129      
  47               4.78630092E-02   4.14847976E-02   1500.49968150    7.84163768E-07   2.00252943E+17   5.94599491E+08   6.61343224E+05   4.74383786E+08   0.26824496      
  48               5.75439937E-02   4.67069280E-02   1548.80538243    8.56088058E-07   2.18428998E+17   5.92580282E+08   2.60404412E+06   4.68009351E+08   0.26636663      
  49               6.91830971E-02   5.17550313E-02   1591.59748126    9.23471375E-07   2.35529425E+17   5.89833166E+08   5.34429774E+06   4.62331715E+08   0.26478439      
  50               8.31763771E-02   5.65082888E-02   1628.97519422    9.86008499E-07   2.51260098E+17   5.86702544E+08   8.47301206E+06   4.57349812E+08   0.26327797      
  51               1.00000000E-01   6.08569401E-02   1660.99963958    1.04136701E-06   2.65378915E+17   5.83301950E+08   1.18732751E+07   4.53058273E+08   0.26141871      
  52               1.20226443E-01   6.57097746E-02   1694.55635783    1.10207393E-06   2.80866408E+17   5.78902242E+08   1.62732174E+07   4.48528368E+08   0.25916139      
  53               1.44543977E-01   7.10987335E-02   1729.39035123    1.16834340E-06   2.97779415E+17   5.73284113E+08   2.18919848E+07   4.43779223E+08   0.256615        
  54               1.73780083E-01   7.70302492E-02   1765.18397540    1.24001568E-06   3.16080109E+17   5.66271085E+08   2.89074721E+07   4.38851250E+08   0.25366108      
  55               2.08929613E-01   8.34076927E-02   1800.96396205    1.31582820E-06   3.35449327E+17   5.58066817E+08   3.71219690E+07   4.33858551E+08   0.25040562      
  56               2.51188643E-01   9.02390438E-02   1836.64551366    1.39570595E-06   3.55872953E+17   5.49266555E+08   4.59480221E+07   4.28817603E+08   0.24692332      
  57               3.01995172E-01   9.78534480E-02   1873.52891075    1.48336776E-06   3.78304558E+17   5.39449409E+08   5.57773896E+07   4.23525636E+08   0.24298268      
  58               3.63078055E-01   1.06334372E-01   1911.49680576    1.57949218E-06   4.02926594E+17   5.28097766E+08   6.71365518E+07   4.17984955E+08   0.23846788      
  59               4.36515832E-01   1.15772278E-01   1950.32100973    1.68489071E-06   4.29956301E+17   5.14923829E+08   8.03131376E+07   4.12199535E+08   0.23353791      
  60               5.24807460E-01   1.26268659E-01   1989.90953008    1.80035316E-06   4.59608525E+17   4.99688801E+08   9.55466697E+07   4.06172836E+08   0.22817583      
  61               6.30957344E-01   1.37937741E-01   2030.01756342    1.92691584E-06   4.92163218E+17   4.82205433E+08   1.13026021E+08   3.99907680E+08   0.22227779      
  62               7.58577575E-01   1.50909882E-01   2070.51492216    2.06566289E-06   5.27916402E+17   4.62409418E+08   1.32815311E+08   3.93405533E+08   0.21598401      
  63               9.12010839E-01   1.65335051E-01   2111.20653003    2.21792926E-06   5.67231123E+17   4.40398213E+08   1.54817201E+08   3.86666085E+08   0.20956573      
  64               1.09647820E+00   1.81381169E-01   2152.06297397    2.38501817E-06   6.10468220E+17   4.16343908E+08   1.78861145E+08   3.79689255E+08   0.20319288      
  65               1.31825674E+00   1.99235187E-01   2192.94429396    2.56849202E-06   6.58058165E+17   3.90454172E+08   2.04737919E+08   3.72475529E+08   0.19674469      
  66               1.58489319E+00   2.19105771E-01   2233.76882827    2.77001423E-06   7.10462942E+17   3.63042989E+08   2.32133400E+08   3.65025810E+08   0.19040128      
  67               1.90546072E+00   2.41224110E-01   2274.46389175    2.99139625E-06   7.68187977E+17   3.34438055E+08   2.60721355E+08   3.57341860E+08   0.18416175      
  68               2.29086765E+00   2.65844954E-01   2314.94237365    3.23462588E-06   8.31790731E+17   3.04955098E+08   2.90187779E+08   3.49426611E+08   0.17786812      
  69               2.75422870E+00   2.93242874E-01   2355.04683487    3.50213936E-06   9.01890390E+17   2.75089341E+08   3.20037335E+08   3.41285909E+08   0.17186491      
  70               3.31131121E+00   3.23731186E-01   2394.85478667    3.79572475E-06   9.79109338E+17   2.45425237E+08   3.49684388E+08   3.32923514E+08   0.16644219      
  71               3.98107171E+00   3.57659997E-01   2434.37548729    4.11807717E-06   1.06416419E+18   2.16391726E+08   3.78700607E+08   3.24341568E+08   0.16135365      
  72               4.78630092E+00   3.95405583E-01   2473.58106789    4.47189327E-06   1.15782384E+18   1.88363531E+08   4.06712164E+08   3.15545569E+08   0.15653122      
  73               5.75439937E+00   4.37346837E-01   2512.41801572    4.85978132E-06   1.26083986E+18   1.61883078E+08   4.33177383E+08   3.06548535E+08   0.15213806      
  74               6.91830971E+00   4.83933800E-01   2550.96193654    5.28466917E-06   1.37406671E+18   1.37743118E+08   4.57301609E+08   2.97355492E+08   0.14815824      
  75               8.31763771E+00   5.35659507E-01   2589.20318965    5.74990471E-06   1.49847162E+18   1.16402784E+08   4.78629686E+08   2.87971679E+08   0.14447418      
  76               1.00000000E+01   5.93052905E-01   2627.16494897    6.25889663E-06   1.63505338E+18   9.80563523E+07   4.96967504E+08   2.78404259E+08   0.14105822      
  77               1.20226443E+01   6.56680439E-01   2664.82264522    6.81534071E-06   1.78489063E+18   8.26599455E+07   5.12358022E+08   2.68661894E+08   0.13797225      
  78               1.44543977E+01   7.27146211E-01   2702.23715607    7.42280032E-06   1.94905513E+18   6.99310255E+07   5.25081477E+08   2.58754432E+08   0.13520216      
  79               1.73780083E+01   8.05093766E-01   2739.38222141    8.08525427E-06   2.12872554E+18   5.94176779E+07   5.35593184E+08   2.48692451E+08   0.13261194      
  80               2.08929613E+01   8.91214278E-01   2776.25548146    8.80683430E-06   2.32513699E+18   5.07153910E+07   5.44297236E+08   2.38486316E+08   0.1302149       
  81               2.51188643E+01   9.86253107E-01   2812.85156242    9.59196151E-06   2.53961223E+18   4.34764470E+07   5.51541109E+08   2.28145646E+08   0.12806313      
  82               3.01995172E+01   1.09100817E+00   2849.21103097    1.04450705E-05   2.77350675E+18   3.74160039E+07   5.57606476E+08   2.17679746E+08   0.12620009      
  83               3.63078055E+01   1.20633330E+00   2885.36480554    1.13708304E-05   3.02825488E+18   3.22970884E+07   5.62732991E+08   2.07097378E+08   0.12456755      
  84               4.36515832E+01   1.33314702E+00   2921.33319547    1.23742276E-05   3.30539063E+18   2.79457584E+07   5.67095559E+08   1.96406299E+08   0.12311672      
  85               5.24807460E+01   1.47244306E+00   2957.13300325    1.34606129E-05   3.60656273E+18   2.42301877E+07   5.70826755E+08   1.85612918E+08   0.12182208      
  86               6.30957344E+01   1.62530132E+00   2992.78391823    1.46357322E-05   3.93354720E+18   2.10479233E+07   5.74029539E+08   1.74722133E+08   0.12066987      
  87               7.58577575E+01   1.79289715E+00   3028.30786363    1.59057692E-05   4.28826083E+18   1.83112309E+07   5.76792675E+08   1.63737430E+08   0.11963416      
  88               9.12010839E+01   1.97646494E+00   3063.71196608    1.72771112E-05   4.67269056E+18   1.59463275E+07   5.79193551E+08   1.52663724E+08   0.11869413      
  89               1.09647820E+02   2.17734639E+00   3099.00850223    1.87566250E-05   5.08897828E+18   1.38979103E+07   5.81288493E+08   1.41504446E+08   0.11784574      
  90               1.31825674E+02   2.39702467E+00   3134.21672276    2.03518755E-05   5.53948409E+18   1.21222053E+07   5.83122221E+08   1.30260559E+08   0.11709965      
  91               1.58489319E+02   2.63713671E+00   3169.37049340    2.20710571E-05   6.02678187E+18   1.05813068E+07   5.84733453E+08   1.18931109E+08   0.11646093      
  92               1.90546072E+02   2.89948630E+00   3204.50344763    2.39231446E-05   6.55369396E+18   9.24324812E+06   5.86155395E+08   1.07513684E+08   0.11594186      
  93               2.29086765E+02   3.18605652E+00   3239.66524259    2.59177061E-05   7.12326627E+18   8.07886410E+06   5.87418306E+08   9.60048332E+07   0.11552613      
  94               2.75422870E+02   3.49902747E+00   3274.88561720    2.80653779E-05   7.73886118E+18   7.06453925E+06   5.88546051E+08   8.44002790E+07   0.11519328      
  95               3.31131121E+02   3.84080423E+00   3310.20758331    3.03775982E-05   8.40413038E+18   6.18068082E+06   5.89557959E+08   7.26948218E+07   0.11492002      
  96               3.98107171E+02   4.21403558E+00   3345.65110071    3.28671634E-05   9.12312004E+18   5.40851116E+06   5.90472028E+08   6.08826925E+07   0.11469603      
  97               4.78630092E+02   4.62163499E+00   3381.25578922    3.55476676E-05   9.90018832E+18   4.73192598E+06   5.91305503E+08   4.89577946E+07   0.1145084       
  98               5.75439937E+02   5.06681022E+00   3417.03522429    3.84343550E-05   1.07401667E+19   4.13817455E+06   5.92066933E+08   3.69137229E+07   0.11436893      
  99               6.91830971E+02   5.55309023E+00   3453.03812368    4.15431218E-05   1.16482101E+19   3.61680856E+06   5.92763680E+08   2.47438882E+07   0.11427777      
  100              8.31763771E+02   6.08435707E+00   3489.27876398    4.48918910E-05   1.26300441E+19   3.15872143E+06   5.93401716E+08   1.24415757E+07   0.11424082      
  101              1.00000000E+03   6.66487977E+00   3525.81069930    4.84992225E-05   1.36917565E+19   2.94494647E+06   5.93762018E+08   0.00000000E+00   0.11425269      
