# ATMO pressure-temperature profile
# Effective temperature = 1000.0K
# log(g) = 4.0cm/s^2
# M/H = 0.0
# Optical depth grid in band 17 (1.20-1.33microns)
# All parameters in cgs units
#
# Model Level      Optical Depth    Pressure         Temperature      Density          Number Density   Rad Flux         Conv Flux        Radial Extension Adiabatic Gradient
#                                   [Ba]             [K]              [g/cm^3]         [/cm^3]          [ergs/s/cm^2/sr] [ergs/s/cm^2/sr] [cm]             [K/Ba]          
  1                5.00000000E-05   1.00000000E-05   316.85989521     8.94247268E-10   2.28590704E+14   5.66987814E+07   0.00000000E+00   5.16461945E+07   0.30055008      
  2                5.91534807E-05   3.51076911E-04   366.53377501     2.71403296E-08   6.93767752E+15   5.66987814E+07   0.00000000E+00   4.47228498E+07   0.30049772      
  3                6.99826855E-05   7.27206538E-04   390.47534778     5.27704178E-08   1.34893180E+16   5.66987814E+07   0.00000000E+00   4.37289681E+07   0.300107        
  4                8.27943887E-05   1.15803192E-03   402.91739243     8.14387017E-08   2.08175854E+16   5.66987814E+07   0.00000000E+00   4.30717786E+07   0.299968        
  5                9.79515255E-05   1.65619859E-03   416.89357491     1.12567581E-07   2.87748486E+16   5.66987814E+07   0.00000000E+00   4.25514801E+07   0.29982773      
  6                1.15883473E-04   2.23416273E-03   425.70904296     1.48705846E-07   3.80126168E+16   5.66987814E+07   0.00000000E+00   4.21047654E+07   0.29975954      
  7                1.37098216E-04   2.90620385E-03   437.72635772     1.88126250E-07   4.80893840E+16   5.66987814E+07   0.00000000E+00   4.17029680E+07   0.29966639      
  8                1.62196734E-04   3.68794748E-03   446.20508491     2.34195258E-07   5.98654226E+16   5.66987814E+07   0.00000000E+00   4.13305323E+07   0.29961531      
  9                1.91890027E-04   4.59808031E-03   457.24526564     2.84959701E-07   7.28371887E+16   5.66987814E+07   0.00000000E+00   4.09782194E+07   0.29954887      
  10               2.27019260E-04   5.66036321E-03   463.10680719     3.46353251E-07   8.85296963E+16   5.66987814E+07   0.00000000E+00   4.06400854E+07   0.29951833      
  11               2.68579588E-04   6.90120514E-03   473.16097860     4.13306353E-07   1.05643275E+17   5.66987814E+07   0.00000000E+00   4.03121254E+07   0.29946326      
  12               3.17748350E-04   8.35109810E-03   478.52162936     4.94536227E-07   1.26406048E+17   5.66987814E+07   0.00000000E+00   3.99914240E+07   0.29943713      
  13               3.75918418E-04   1.00454419E-02   488.39528883     5.82845727E-07   1.48978438E+17   5.66987814E+07   0.00000000E+00   3.96758323E+07   0.29938198      
  14               4.44737657E-04   1.20250353E-02   493.74977688     6.90137329E-07   1.76402725E+17   5.66987814E+07   0.00000000E+00   3.93637052E+07   0.29943612      
  15               5.26155608E-04   1.43371315E-02   503.98910733     8.06115221E-07   2.06047314E+17   5.66987814E+07   0.00000000E+00   3.90537210E+07   0.29935446      
  16               6.22478712E-04   1.70363908E-02   509.69164578     9.47166001E-07   2.42100630E+17   5.66987814E+07   0.00000000E+00   3.87448102E+07   0.29926082      
  17               7.36435649E-04   2.01866845E-02   520.39881977     1.09922005E-06   2.80966494E+17   5.66987814E+07   0.00000000E+00   3.84360683E+07   0.29917939      
  18               8.71254639E-04   2.38619079E-02   526.58877216     1.28407244E-06   3.28215744E+17   5.66987814E+07   0.00000000E+00   3.81267207E+07   0.29916805      
  19               1.03075489E-03   2.81474569E-02   538.10053871     1.48228464E-06   3.78879908E+17   5.66987814E+07   0.00000000E+00   3.78160890E+07   0.29914391      
  20               1.21945479E-03   3.31417267E-02   545.10586127     1.72286059E-06   4.40372428E+17   5.66987814E+07   0.00000000E+00   3.75035666E+07   0.29912641      
  21               1.44269991E-03   3.89580319E-02   557.49862098     1.98019965E-06   5.06149778E+17   5.66987814E+07   0.00000000E+00   3.71886702E+07   0.29905689      
  22               1.70681442E-03   4.57250754E-02   565.44034511     2.29151855E-06   5.85724617E+17   5.66987814E+07   0.00000000E+00   3.68709954E+07   0.29900169      
  23               2.01928028E-03   5.35899412E-02   578.98841053     2.62282341E-06   6.70408095E+17   5.66987814E+07   0.00000000E+00   3.65501875E+07   0.29889967      
  24               2.38894914E-03   6.27203445E-02   588.23535712     3.02143263E-06   7.72294869E+17   5.66987814E+07   0.00000000E+00   3.62258486E+07   0.29882479      
  25               2.82629313E-03   7.33066234E-02   603.17542816     3.44393602E-06   8.80289282E+17   5.66987814E+07   0.00000000E+00   3.58976707E+07   0.29870084      
  26               3.34370152E-03   8.55606090E-02   613.87558256     3.94956216E-06   1.00953027E+18   5.66987814E+07   0.00000000E+00   3.55654128E+07   0.29861124      
  27               3.95583167E-03   9.97203588E-02   630.46707449     4.48205066E-06   1.14563761E+18   5.66987814E+07   0.00000000E+00   3.52288681E+07   0.2984707       
  28               4.68002425E-03   1.16063642E-01   643.06549159     5.11441873E-06   1.30727462E+18   5.66987814E+07   0.00000000E+00   3.48875158E+07   0.29836102      
  29               5.53679448E-03   1.34909259E-01   661.74319556     5.77706781E-06   1.47665185E+18   5.66987814E+07   0.00000000E+00   3.45408121E+07   0.29815888      
  30               6.55041330E-03   1.56604468E-01   676.58336618     6.55900670E-06   1.67651975E+18   5.66987814E+07   0.00000000E+00   3.41883673E+07   0.29796034      
  31               7.74959494E-03   1.81530830E-01   697.61874337     7.37373369E-06   1.88476884E+18   5.66987814E+07   0.00000000E+00   3.38299441E+07   0.2976777       
  32               9.16831029E-03   2.10091391E-01   715.14671605     8.32470740E-06   2.12783989E+18   5.66987814E+07   0.00000000E+00   3.34654096E+07   0.29745374      
  33               1.08467493E-02   2.42736521E-01   739.04970627     9.30717162E-06   2.37896095E+18   5.66987814E+07   0.00000000E+00   3.30945366E+07   0.29713074      
  34               1.28324595E-02   2.79936493E-01   759.66338856     1.04423057E-05   2.66909579E+18   5.66987814E+07   0.00000000E+00   3.27171940E+07   0.29680805      
  35               1.51816929E-02   3.22237273E-01   786.66436012     1.16077219E-05   2.96696306E+18   5.66987814E+07   0.00000000E+00   3.23329764E+07   0.29631862      
  36               1.79609996E-02   3.70270474E-01   810.56865968     1.29446368E-05   3.30868265E+18   5.66987814E+07   0.00000000E+00   3.19411235E+07   0.29582596      
  37               2.12491128E-02   4.24697741E-01   840.82342654     1.43131639E-05   3.65848255E+18   5.66987814E+07   0.00000000E+00   3.15412673E+07   0.29515958      
  38               2.51391797E-02   4.86212464E-01   868.09749650     1.58715051E-05   4.05679837E+18   5.66987814E+07   0.00000000E+00   3.11331338E+07   0.29450806      
  39               2.97413996E-02   5.55521024E-01   901.49781809     1.74621184E-05   4.46335735E+18   5.66987814E+07   0.00000000E+00   3.07168117E+07   0.29366549      
  40               3.51861462E-02   6.33259606E-01   931.84054365     1.92576551E-05   4.92227671E+18   5.66987814E+07   0.00000000E+00   3.02928889E+07   0.29284634      
  41               4.16276604E-02   7.20225184E-01   967.98808656     2.10849584E-05   5.38919788E+18   5.66987814E+07   0.00000000E+00   2.98613095E+07   0.29182619      
  42               4.92484201E-02   8.17374594E-01   1000.83503736    2.31435512E-05   5.91540486E+18   5.66987814E+07   0.00000000E+00   2.94215261E+07   0.29085367      
  43               5.82643093E-02   9.25765578E-01   1038.97449721    2.52500420E-05   6.45389627E+18   5.66987814E+07   0.00000000E+00   2.89731451E+07   0.2896841       
  44               6.89307339E-02   1.04655441E+00   1073.30423782    2.76310655E-05   7.06260321E+18   5.66987814E+07   0.00000000E+00   2.85158495E+07   0.2885775       
  45               8.15498567E-02   1.18096056E+00   1112.33960082    3.00847698E-05   7.68995567E+18   5.66987814E+07   0.00000000E+00   2.80496765E+07   0.28727463      
  46               9.64791575E-02   1.33026651E+00   1147.13427776    3.28596358E-05   8.39943824E+18   5.66987814E+07   0.00000000E+00   2.75748089E+07   0.28606324      
  47               1.14141560E-01   1.49625170E+00   1186.50062375    3.57325298E-05   9.13403191E+18   5.66987814E+07   0.00000000E+00   2.70904065E+07   0.28466411      
  48               1.35037411E-01   1.68080947E+00   1221.63088021    3.89848465E-05   9.96562003E+18   5.66987814E+07   0.00000000E+00   2.65959220E+07   0.283399        
  49               1.59758657E-01   1.88605171E+00   1261.44976428    4.23634851E-05   1.08295267E+19   5.66987814E+07   0.00000000E+00   2.60908851E+07   0.28197628      
  50               1.89005613E-01   2.11436346E+00   1296.95297906    4.61908743E-05   1.18081335E+19   5.66987814E+07   0.00000000E+00   2.55747606E+07   0.28071144      
  51               2.23606798E-01   2.36824295E+00   1337.18043922    5.01799605E-05   1.28280923E+19   5.66987814E+07   0.00000000E+00   2.50474282E+07   0.27930451      
  52               2.64542408E-01   2.65030525E+00   1372.96310289    5.46922401E-05   1.39817931E+19   5.66987814E+07   0.00000000E+00   2.45090132E+07   0.278072        
  53               3.12972084E-01   2.96385776E+00   1413.55261827    5.94057632E-05   1.51869729E+19   5.66987814E+07   0.00000000E+00   2.39589236E+07   0.27666175      
  54               3.70267763E-01   3.31325504E+00   1449.70269672    6.47518877E-05   1.65539546E+19   5.66987814E+07   0.00000000E+00   2.33955722E+07   0.27535888      
  55               4.38052539E-01   3.70329284E+00   1490.91848642    7.03752248E-05   1.79911944E+19   5.66987814E+07   0.00000000E+00   2.28177747E+07   0.27386067      
  56               5.18246648E-01   4.13913599E+00   1527.77510369    7.67581646E-05   1.96234836E+19   5.66987814E+07   0.00000000E+00   2.22247693E+07   0.27251373      
  57               6.13121862E-01   4.62371540E+00   1570.04976098    8.34409386E-05   2.13306219E+19   5.66987814E+07   0.00000000E+00   2.16192625E+07   0.2709803       
  58               7.25365844E-01   5.15458576E+00   1608.39290877    9.08284739E-05   2.32127963E+19   5.66987813E+07   0.00000000E+00   2.10094374E+07   0.26960611      
  59               8.58158289E-01   5.72171172E+00   1652.95813225    9.81080411E-05   2.50720566E+19   5.66987638E+07   0.00000000E+00   2.04086536E+07   0.26805086      
  60               1.01526100E+00   6.30489736E+00   1696.42290730    1.05357576E-04   2.69196700E+19   5.45579660E+07   2.14076662E+06   1.98350277E+07   0.26652604      
  61               1.20112443E+00   6.87294846E+00   1735.72983186    1.12289203E-04   2.86805053E+19   5.07421364E+07   5.95642712E+06   1.93127575E+07   0.26502351      
  62               1.42101382E+00   7.37479993E+00   1768.37858084    1.18344408E-04   3.02065299E+19   4.60707142E+07   1.06276033E+07   1.88773925E+07   0.26381347      
  63               1.68115827E+00   7.77732958E+00   1793.27133341    1.23143404E-04   3.14130667E+19   4.19676688E+07   1.47305519E+07   1.85439449E+07   0.26268519      
  64               1.98892727E+00   8.21982829E+00   1819.49738564    1.28276976E-04   3.27217972E+19   3.87211798E+07   1.79778331E+07   1.81918723E+07   0.26164415      
  65               2.35303941E+00   8.71240133E+00   1847.34277379    1.33911987E-04   3.41598713E+19   3.52789707E+07   2.14238211E+07   1.78160464E+07   0.2606563       
  66               2.78380943E+00   9.12395918E+00   1869.67026512    1.38606504E-04   3.53463157E+19   3.17547765E+07   2.49457196E+07   1.75139481E+07   0.25998752      
  67               3.29344035E+00   9.44563778E+00   1886.56485295    1.42206406E-04   3.62648084E+19   2.91285221E+07   2.75689491E+07   1.72848239E+07   0.2591778       
  68               3.89636920E+00   9.80907214E+00   1905.08842143    1.46239751E-04   3.72939711E+19   2.72400439E+07   2.94575092E+07   1.70328046E+07   0.2583596       
  69               4.60967600E+00   1.02179688E+01   1925.26632139    1.50736198E-04   3.84414354E+19   2.55595976E+07   3.11424986E+07   1.67573994E+07   0.25737322      
  70               5.45356761E+00   1.06789287E+01   1947.20912416    1.55759266E-04   3.97228985E+19   2.38990172E+07   3.28746902E+07   1.64565650E+07   0.25673856      
  71               6.45195012E+00   1.12032670E+01   1971.31368609    1.61401497E-04   4.11637363E+19   2.15359400E+07   3.53277722E+07   1.61258675E+07   0.25621337      
  72               7.63310614E+00   1.16089027E+01   1989.31808214    1.65868003E-04   4.22681054E+19   1.88293025E+07   3.79261809E+07   1.58779281E+07   0.25576827      
  73               9.03049593E+00   1.19122243E+01   2002.49678876    1.69079250E-04   4.30870613E+19   1.70537349E+07   3.96458628E+07   1.56968037E+07   0.25511366      
  74               1.06837053E+01   1.22589661E+01   2017.16395397    1.72732810E-04   4.40188288E+19   1.60429467E+07   4.06565341E+07   1.54939076E+07   0.2545052       
  75               1.26395671E+01   1.26537707E+01   2033.51363747    1.76858530E-04   4.50711575E+19   1.51936172E+07   4.15054088E+07   1.52680254E+07   0.25367178      
  76               1.49534878E+01   1.31013909E+01   2051.46176389    1.81508584E-04   4.62572507E+19   1.43976724E+07   4.23005691E+07   1.50181934E+07   0.25289572      
  77               1.76910170E+01   1.36065614E+01   2071.19446414    1.86705755E-04   4.75831676E+19   1.36721593E+07   4.30255800E+07   1.47437765E+07   0.25186452      
  78               2.09297047E+01   1.41774272E+01   2092.65558513    1.92537077E-04   4.90710678E+19   1.30181215E+07   4.36793755E+07   1.44426853E+07   0.25088785      
  79               2.47612977E+01   1.48203362E+01   2116.07800924    1.99031776E-04   5.07285235E+19   1.23642507E+07   4.43330260E+07   1.41142639E+07   0.24961007      
  80               2.92943389E+01   1.55420324E+01   2141.21483207    2.06263037E-04   5.25742887E+19   1.17091233E+07   4.49879613E+07   1.37580730E+07   0.24839085      
  81               3.46572422E+01   1.63496712E+01   2168.33436661    2.14254472E-04   5.46145815E+19   1.10482257E+07   4.56486941E+07   1.33738866E+07   0.2468558       
  82               4.10019301E+01   1.72509151E+01   2197.07236792    2.23091631E-04   5.68713602E+19   1.03910056E+07   4.63057773E+07   1.29616598E+07   0.24542509      
  83               4.85081376E+01   1.82539714E+01   2227.76783409    2.32790355E-04   5.93489824E+19   9.73432229E+06   4.69623592E+07   1.25215087E+07   0.24362282      
  84               5.73885036E+01   1.93677459E+01   2259.90942485    2.43456274E-04   6.20745936E+19   9.08192862E+06   4.76146676E+07   1.20536604E+07   0.24178875      
  85               6.78945948E+01   2.06019201E+01   2293.91070341    2.55100249E-04   6.50514574E+19   8.44026859E+06   4.82562654E+07   1.15584253E+07   0.23962436      
  86               8.03240320E+01   2.19671289E+01   2329.15074959    2.67850432E-04   6.83127140E+19   7.80032582E+06   4.88961586E+07   1.10361511E+07   0.23745153      
  87               9.50289215E+01   2.34744828E+01   2366.12525943    2.81737872E-04   7.18594917E+19   7.17201362E+06   4.95244355E+07   1.04874185E+07   0.23498768      
  88               1.12425830E+02   2.51369909E+01   2404.10958005    2.96866561E-04   7.57329490E+19   6.57542741E+06   5.01209945E+07   9.91255863E+06   0.23248646      
  89               1.33007583E+02   2.69695486E+01   2443.72280749    3.13274192E-04   7.99369503E+19   6.01825248E+06   5.06781533E+07   9.31163894E+06   0.2297679       
  90               1.57357229E+02   2.89881894E+01   2484.15760686    3.31155117E-04   8.45216143E+19   5.48247534E+06   5.12139195E+07   8.68490544E+06   0.22698089      
  91               1.86164557E+02   3.12109574E+01   2526.10013428    3.50521297E-04   8.94916198E+19   4.98617668E+06   5.17102187E+07   8.03249122E+06   0.22405056      
  92               2.20245630E+02   3.36586036E+01   2568.70871168    3.71612732E-04   9.49089296E+19   4.52527595E+06   5.21711247E+07   7.35430561E+06   0.22096733      
  93               2.60565913E+02   3.63548009E+01   2612.70933146    3.94465892E-04   1.00785142E+20   4.10768221E+06   5.25887383E+07   6.65009200E+06   0.21789022      
  94               3.08267614E+02   3.93265115E+01   2657.31053704    4.19364117E-04   1.07193624E+20   3.71670720E+06   5.29797348E+07   5.91944244E+06   0.21456236      
  95               3.64702046E+02   4.26046359E+01   2703.17254903    4.46390585E-04   1.14158678E+20   3.36219814E+06   5.33342861E+07   5.16178021E+06   0.21138066      
  96               4.31467909E+02   4.62243890E+01   2749.65738374    4.75866085E-04   1.21763868E+20   3.02729208E+06   5.36692289E+07   4.37639512E+06   0.20777476      
  97               5.10456573E+02   5.02262600E+01   2797.20697390    5.07961009E-04   1.30056505E+20   2.72697770E+06   5.39696149E+07   3.56242315E+06   0.20468049      
  98               6.03905660E+02   5.46562880E+01   2845.59634275    5.42993479E-04   1.39120996E+20   2.44279295E+06   5.42538478E+07   2.71889764E+06   0.20100569      
  99               7.14462436E+02   5.95675335E+01   2894.77735879    5.81294843E-04   1.49045988E+20   2.19186012E+06   5.45048923E+07   1.84471812E+06   0.19808563      
  100              8.45258798E+02   6.50198278E+01   2945.17000039    6.23127415E-04   1.59904721E+20   1.95958823E+06   5.47372162E+07   9.38782075E+05   0.19430827      
  101              1.00000000E+03   7.10814521E+01   2995.90444320    6.69085727E-04   1.71851835E+20   1.84153101E+06   5.48552810E+07   0.00000000E+00   0.19161376      
