# ATMO pressure-temperature profile
# Effective temperature = 1400.0K
# log(g) = 3.0cm/s^2
# M/H = 0.0
# Optical depth grid in band 17 (1.20-1.33microns)
# All parameters in cgs units
#
# Model Level      Optical Depth    Pressure         Temperature      Density          Number Density   Rad Flux         Conv Flux        Radial Extension Adiabatic Gradient
#                                   [Ba]             [K]              [g/cm^3]         [/cm^3]          [ergs/s/cm^2/sr] [ergs/s/cm^2/sr] [cm]             [K/Ba]          
  1                1.00000000E-05   1.00000000E-05   318.21924760     8.90941843E-10   2.27614222E+14   2.17814904E+08   0.00000000E+00   5.72569485E+08   0.29776059      
  2                1.20226443E-05   1.74906350E-05   388.34626168     1.27691313E-09   3.26221280E+14   2.17814904E+08   0.00000000E+00   5.65546636E+08   0.29796791      
  3                1.44543977E-05   2.57072384E-05   410.71057785     1.77457455E-09   4.53362273E+14   2.17814904E+08   0.00000000E+00   5.60088247E+08   0.29798827      
  4                1.73780083E-05   3.51736232E-05   437.13899389     2.28126299E-09   5.82805174E+14   2.17814904E+08   0.00000000E+00   5.55383345E+08   0.29794939      
  5                2.08929613E-05   4.61770460E-05   451.20125631     2.90157389E-09   7.41278982E+14   2.17814904E+08   0.00000000E+00   5.51106503E+08   0.2978651       
  6                2.51188643E-05   5.91051408E-05   466.64107071     3.59103860E-09   9.17419857E+14   2.17814904E+08   0.00000000E+00   5.47101455E+08   0.29779896      
  7                3.01995172E-05   7.43460927E-05   476.76561008     4.42110672E-09   1.12948136E+15   2.17814904E+08   0.00000000E+00   5.43276410E+08   0.29767254      
  8                3.63078055E-05   9.23466532E-05   490.15559485     5.34152116E-09   1.36462410E+15   2.17814904E+08   0.00000000E+00   5.39572264E+08   0.29759196      
  9                4.36515832E-05   1.13623550E-04   499.22082735     6.45287733E-09   1.64854763E+15   2.17814904E+08   0.00000000E+00   5.35948173E+08   0.29743161      
  10               5.24807460E-05   1.38788609E-04   511.88433311     7.68705029E-09   1.96384780E+15   2.17814904E+08   0.00000000E+00   5.32375104E+08   0.29733884      
  11               6.30957344E-05   1.68570484E-04   520.34311878     9.18479474E-09   2.34648378E+15   2.17814904E+08   0.00000000E+00   5.28830747E+08   0.29740237      
  12               7.58577575E-05   2.03848862E-04   532.37507664     1.08559617E-08   2.77342493E+15   2.17814905E+08   0.00000000E+00   5.25297779E+08   0.29732585      
  13               9.12010839E-05   2.45665241E-04   540.24063451     1.28924123E-08   3.29368685E+15   2.17814905E+08   0.00000000E+00   5.21763139E+08   0.29715954      
  14               1.09647820E-04   2.95257859E-04   551.83386826     1.51694840E-08   3.87542159E+15   2.17814905E+08   0.00000000E+00   5.18216928E+08   0.29708136      
  15               1.31825674E-04   3.54089838E-04   559.35042305     1.79476333E-08   4.58516883E+15   2.17814905E+08   0.00000000E+00   5.14651395E+08   0.29690426      
  16               1.58489319E-04   4.23894386E-04   570.82998104     2.10537064E-08   5.37869267E+15   2.17814905E+08   0.00000000E+00   5.11060392E+08   0.29682185      
  17               1.90546072E-04   5.06721944E-04   578.20405904     2.48465577E-08   6.34767109E+15   2.17814905E+08   0.00000000E+00   5.07438984E+08   0.29663014      
  18               2.29086765E-04   6.05001215E-04   589.69819280     2.90873452E-08   7.43108604E+15   2.17814905E+08   0.00000000E+00   5.03783231E+08   0.29654201      
  19               2.75422870E-04   7.21606907E-04   596.98578854     3.42700162E-08   8.75512858E+15   2.17814905E+08   0.00000000E+00   5.00089966E+08   0.29633569      
  20               3.31131121E-04   8.59941750E-04   608.55384268     4.00633859E-08   1.02351890E+16   2.17814906E+08   0.00000000E+00   4.96356599E+08   0.29624012      
  21               3.98107171E-04   1.02402884E-03   615.81909226     4.71451103E-08   1.20443919E+16   2.17814906E+08   0.00000000E+00   4.92581032E+08   0.29601445      
  22               4.78630092E-04   1.21863337E-03   627.56040956     5.50548046E-08   1.40651176E+16   2.17814906E+08   0.00000000E+00   4.88761263E+08   0.29590785      
  23               5.75439937E-04   1.44945656E-03   634.99229956     6.47164160E-08   1.65334157E+16   2.17814907E+08   0.00000000E+00   4.84894259E+08   0.29566025      
  24               6.91830971E-04   1.72323840E-03   647.17857339     7.54917064E-08   1.92862180E+16   2.17814908E+08   0.00000000E+00   4.80977311E+08   0.29554153      
  25               8.31763771E-04   2.04792644E-03   655.00773703     8.86433156E-08   2.26461178E+16   2.17814909E+08   0.00000000E+00   4.77008196E+08   0.29526841      
  26               1.00000000E-03   2.43288921E-03   667.77141106     1.03293881E-07   2.63888430E+16   2.17814910E+08   0.00000000E+00   4.72985114E+08   0.29513283      
  27               1.20226443E-03   2.88912841E-03   676.15125555     1.21144446E-07   3.09491571E+16   2.17814911E+08   0.00000000E+00   4.68906585E+08   0.29482822      
  28               1.44543977E-03   3.42952882E-03   689.76667473     1.40965297E-07   3.60128994E+16   2.17814912E+08   0.00000000E+00   4.64771277E+08   0.29467193      
  29               1.73780083E-03   4.06914179E-03   698.97261630     1.65053542E-07   4.21665920E+16   2.17814913E+08   0.00000000E+00   4.60578043E+08   0.29433216      
  30               2.08929613E-03   4.82551428E-03   713.64244538     1.91709783E-07   4.89766157E+16   2.17814915E+08   0.00000000E+00   4.56325965E+08   0.29415024      
  31               2.51188643E-03   5.71893000E-03   723.96732759     2.23963179E-07   5.72165481E+16   2.17814917E+08   0.00000000E+00   4.52014319E+08   0.29377004      
  32               3.01995172E-03   6.77280699E-03   740.07698982     2.59460331E-07   6.62853628E+16   2.17814919E+08   0.00000000E+00   4.47642460E+08   0.29355591      
  33               3.63078055E-03   8.01398910E-03   751.86807698     3.02193491E-07   7.72027803E+16   2.17814922E+08   0.00000000E+00   4.43209871E+08   0.2931236       
  34               4.36515832E-03   9.47369767E-03   769.59468701     3.49005495E-07   8.91627182E+16   2.17814925E+08   0.00000000E+00   4.38715101E+08   0.2928664       
  35               5.24807460E-03   1.11892066E-02   783.04409241     4.05121784E-07   1.03499658E+17   2.17814928E+08   0.00000000E+00   4.34152798E+08   0.29262774      
  36               6.30957344E-03   1.32034808E-02   802.76287236     4.66302897E-07   1.19131607E+17   2.17814931E+08   0.00000000E+00   4.29518416E+08   0.29239984      
  37               7.58577575E-03   1.55651870E-02   818.35775906     5.39230141E-07   1.37764392E+17   2.17814934E+08   0.00000000E+00   4.24808591E+08   0.29187211      
  38               9.12010839E-03   1.83292741E-02   840.48585073     6.18258812E-07   1.57957662E+17   2.17814936E+08   0.00000000E+00   4.20021412E+08   0.29144571      
  39               1.09647820E-02   2.15560191E-02   858.73569891     7.11640008E-07   1.81817165E+17   2.17814940E+08   0.00000000E+00   4.15156786E+08   0.29070815      
  40               1.31825674E-02   2.53105314E-02   884.07272424     8.11640713E-07   2.07366745E+17   2.17814942E+08   0.00000000E+00   4.10216609E+08   0.29016624      
  41               1.58489319E-02   2.96619134E-02   905.82951908     9.28313197E-07   2.37180255E+17   2.17814945E+08   0.00000000E+00   4.05203604E+08   0.28927692      
  42               1.90546072E-02   3.46840770E-02   934.74712204     1.05187854E-06   2.68758275E+17   2.17814945E+08   0.00000000E+00   4.00121296E+08   0.2886245       
  43               2.29086765E-02   4.04667193E-02   960.10741631     1.19481263E-06   3.05283978E+17   2.17814948E+08   0.00000000E+00   3.94963148E+08   0.28765816      
  44               2.75422870E-02   4.71125395E-02   992.99163262     1.34494128E-06   3.43650330E+17   2.17814946E+08   0.00000000E+00   3.89720541E+08   0.28699367      
  45               3.31131121E-02   5.47233209E-02   1022.87220772    1.51655404E-06   3.87504639E+17   2.17814945E+08   0.00000000E+00   3.84391504E+08   0.28600882      
  46               3.98107171E-02   6.33992210E-02   1060.67692995    1.69434663E-06   4.32938929E+17   2.17814944E+08   0.00000000E+00   3.78979169E+08   0.28523533      
  47               4.78630092E-02   7.32287013E-02   1095.71054731    1.89445340E-06   4.84073524E+17   2.17814953E+08   0.00000000E+00   3.73492768E+08   0.28406431      
  48               5.75439937E-02   8.42846610E-02   1139.26221459    2.09710755E-06   5.35859199E+17   2.17815228E+08   0.00000000E+00   3.67945945E+08   0.2830597       
  49               6.91830971E-02   9.66294753E-02   1183.96880671    2.31346904E-06   5.91146606E+17   2.17345081E+08   4.68925279E+05   3.62341373E+08   0.28155857      
  50               8.31763771E-02   1.10429541E-01   1229.31543503    2.54633348E-06   6.50650505E+17   2.16447184E+08   1.36759328E+06   3.56655570E+08   0.28015065      
  51               1.00000000E-01   1.25851976E-01   1274.94695644    2.79808352E-06   7.14979784E+17   2.15137552E+08   2.67799604E+06   3.50877735E+08   0.27846295      
  52               1.20226443E-01   1.43058191E-01   1321.22375968    3.06922930E-06   7.84263842E+17   2.13384385E+08   4.43158363E+06   3.45006349E+08   0.27729729      
  53               1.44543977E-01   1.62203532E-01   1367.91144727    3.36123787E-06   8.58871441E+17   2.11107392E+08   6.70876932E+06   3.39045610E+08   0.27535446      
  54               1.73780083E-01   1.83454311E-01   1414.90664599    3.67544080E-06   9.39130563E+17   2.08275628E+08   9.54050038E+06   3.32999520E+08   0.27320765      
  55               2.08929613E-01   2.07038221E-01   1462.26276043    4.01494582E-06   1.02553609E+18   2.04866697E+08   1.29494318E+07   3.26859624E+08   0.27109092      
  56               2.51188643E-01   2.33065610E-01   1509.79785827    4.37760401E-06   1.11811180E+18   2.00811200E+08   1.70050172E+07   3.20651259E+08   0.26910146      
  57               3.01995172E-01   2.61243491E-01   1556.73626142    4.75936210E-06   1.21550368E+18   1.96044591E+08   2.17740797E+07   3.14477897E+08   0.26739939      
  58               3.63078055E-01   2.90918671E-01   1602.06325476    5.15231199E-06   1.31527867E+18   1.90511132E+08   2.73118074E+07   3.08484921E+08   0.26591526      
  59               4.36515832E-01   3.20087355E-01   1643.18589572    5.53106147E-06   1.41093712E+18   1.84461008E+08   3.33906604E+07   3.03020529E+08   0.26442194      
  60               5.24807460E-01   3.47965744E-01   1679.78391898    5.88338608E-06   1.50040641E+18   1.78321029E+08   3.94980893E+07   2.98133266E+08   0.26320477      
  61               6.30957344E-01   3.74536581E-01   1712.59282882    6.21092027E-06   1.58403933E+18   1.72341089E+08   4.54145608E+07   2.93737708E+08   0.26225307      
  62               7.58577575E-01   3.97942398E-01   1739.99257725    6.50056453E-06   1.65652753E+18   1.66794301E+08   5.09798534E+07   2.90053719E+08   0.26115841      
  63               9.12010839E-01   4.17227663E-01   1761.58765545    6.73185471E-06   1.71551562E+18   1.62088409E+08   5.57013986E+07   2.87138421E+08   0.25988787      
  64               1.09647820E+00   4.39091351E-01   1785.09126768    6.99108738E-06   1.78164140E+18   1.56923175E+08   6.08757646E+07   2.83951406E+08   0.25843486      
  65               1.31825674E+00   4.63743686E-01   1810.40238503    7.28003571E-06   1.85536234E+18   1.51089886E+08   6.67176138E+07   2.80495839E+08   0.25683217      
  66               1.58489319E+00   4.91356314E-01   1837.43736972    7.59958670E-06   1.93691176E+18   1.44477208E+08   7.33388169E+07   2.76783509E+08   0.25504795      
  67               1.90546072E+00   5.22005891E-01   1865.91755705    7.94984073E-06   2.02632355E+18   1.37130151E+08   8.06940006E+07   2.72840288E+08   0.25301342      
  68               2.29086765E+00   5.55722861E-01   1895.60590984    8.33006209E-06   2.12342071E+18   1.29477488E+08   8.83513918E+07   2.68696991E+08   0.25072551      
  69               2.75422870E+00   5.93062393E-01   1926.62974719    8.74567926E-06   2.22960517E+18   1.22031972E+08   9.57987926E+07   2.64322283E+08   0.24822047      
  70               3.31131121E+00   6.34839819E-01   1959.32456934    9.20431180E-06   2.34684071E+18   1.14684399E+08   1.03146572E+08   2.59665880E+08   0.24542773      
  71               3.98107171E+00   6.81483674E-01   1993.52235540    9.70949338E-06   2.47605442E+18   1.07173655E+08   1.10655335E+08   2.54731847E+08   0.24224987      
  72               4.78630092E+00   7.33470141E-01   2029.13124658    1.02647207E-05   2.61817179E+18   9.94705489E+07   1.18355101E+08   2.49524453E+08   0.23871326      
  73               5.75439937E+00   7.91330915E-01   2065.97292255    1.08743229E-05   2.77433785E+18   9.16319617E+07   1.26188878E+08   2.44047841E+08   0.23489858      
  74               6.91830971E+00   8.55660658E-01   2103.97110333    1.15425690E-05   2.94569402E+18   8.37591834E+07   1.34055655E+08   2.38305853E+08   0.23079789      
  75               8.31763771E+00   9.27124909E-01   2142.93652103    1.22748650E-05   3.13368099E+18   7.59677947E+07   1.41840732E+08   2.32301966E+08   0.22647999      
  76               1.00000000E+01   1.00646466E+00   2182.81116744    1.30764185E-05   3.33970572E+18   6.83609744E+07   1.49440604E+08   2.26039551E+08   0.22193802      
  77               1.20226443E+01   1.09450366E+00   2223.39390860    1.39538709E-05   3.56555095E+18   6.10375467E+07   1.56756559E+08   2.19521951E+08   0.21719445      
  78               1.44543977E+01   1.19215467E+00   2264.62932163    1.49135960E-05   3.81295182E+18   5.40651514E+07   1.63721768E+08   2.12752662E+08   0.21211712      
  79               1.73780083E+01   1.30041996E+00   2306.24945542    1.59639945E-05   4.08416411E+18   4.74973126E+07   1.70283030E+08   2.05735966E+08   0.20688309      
  80               2.08929613E+01   1.42031260E+00   2348.22598701    1.71128368E-05   4.38096608E+18   4.14474611E+07   1.76326879E+08   1.98481943E+08   0.20166713      
  81               2.51188643E+01   1.55308005E+00   2390.37187899    1.83672381E-05   4.70602478E+18   3.60755036E+07   1.81693540E+08   1.90993094E+08   0.19663035      
  82               3.01995172E+01   1.70020280E+00   2432.80980319    1.97378241E-05   5.06195650E+18   3.13422701E+07   1.86422276E+08   1.83266019E+08   0.19154161      
  83               3.63078055E+01   1.86319784E+00   2475.24047909    2.12371611E-05   5.45214519E+18   2.71387011E+07   1.90622120E+08   1.75304723E+08   0.18668913      
  84               4.36515832E+01   2.04371336E+00   2517.88217526    2.28739010E-05   5.87909422E+18   2.34342465E+07   1.94323582E+08   1.67114346E+08   0.18204291      
  85               5.24807460E+01   2.24355371E+00   2560.41805220    2.46625721E-05   6.34675057E+18   2.02244560E+07   1.97531295E+08   1.58700359E+08   0.17754002      
  86               6.30957344E+01   2.46468804E+00   2603.05358101    2.66134495E-05   6.85811384E+18   1.74596213E+07   2.00295202E+08   1.50068692E+08   0.17316692      
  87               7.58577575E+01   2.70925880E+00   2645.46167734    2.87434933E-05   7.41779553E+18   1.50803458E+07   2.02674728E+08   1.41225835E+08   0.16914261      
  88               9.12010839E+01   2.97957471E+00   2687.97064050    3.10628262E-05   8.02889166E+18   1.30290660E+07   2.04727604E+08   1.32179138E+08   0.16529696      
  89               1.09647820E+02   3.27812440E+00   2730.16481684    3.35916386E-05   8.69685850E+18   1.12451760E+07   2.06515183E+08   1.22936642E+08   0.16160812      
  90               1.31825674E+02   3.60759231E+00   2772.37999668    3.63411748E-05   9.42519915E+18   9.71501327E+06   2.08051737E+08   1.13506746E+08   0.15816102      
  91               1.58489319E+02   3.97087932E+00   2814.24391187    3.93338648E-05   1.02199976E+19   8.40432381E+06   2.09372057E+08   1.03897798E+08   0.15511215      
  92               1.90546072E+02   4.37106265E+00   2856.19749452    4.25799628E-05   1.10847177E+19   7.28299035E+06   2.10506923E+08   9.41190799E+07   0.15230499      
  93               2.29086765E+02   4.81141560E+00   2897.77988367    4.61054132E-05   1.20263356E+19   6.31281721E+06   2.11495776E+08   8.41803473E+07   0.14972831      
  94               2.75422870E+02   5.29543229E+00   2939.44941174    4.99204805E-05   1.30485204E+19   5.47945410E+06   2.12354294E+08   7.40912160E+07   0.14734697      
  95               3.31131121E+02   5.82685630E+00   2980.72522411    5.40547518E-05   1.41591833E+19   4.75823469E+06   2.13108396E+08   6.38607980E+07   0.14522839      
  96               3.98107171E+02   6.40970194E+00   3022.13199844    5.85177028E-05   1.53620879E+19   4.13563960E+06   2.13773078E+08   5.34974149E+07   0.1432494       
  97               4.78630092E+02   7.04811227E+00   3063.10826773    6.33433243E-05   1.66661891E+19   3.59165530E+06   2.14369552E+08   4.30113124E+07   0.14143568      
  98               5.75439937E+02   7.74644926E+00   3104.20856673    6.85388225E-05   1.80749717E+19   3.12281753E+06   2.14902268E+08   3.24125640E+07   0.13975912      
  99               6.91830971E+02   8.50951178E+00   3144.85901023    7.41438715E-05   1.95987920E+19   2.71576532E+06   2.15385072E+08   2.17081697E+07   0.13829889      
  100              8.31763771E+02   9.34253010E+00   3185.70133483    8.01652220E-05   2.12415052E+19   2.36515443E+06   2.15824084E+08   1.09029924E+07   0.13699816      
  101              1.00000000E+03   1.02512221E+01   3226.13186328    8.66505385E-05   2.30154447E+19   2.19239900E+06   2.16063383E+08   0.00000000E+00   0.13584951      
