# ATMO pressure-temperature profile
# Effective temperature = 600.0K
# log(g) = 2.5cm/s^2
# M/H = 0.0
# Optical depth grid in band 17 (1.20-1.33microns)
# All parameters in cgs units
#
# Model Level      Optical Depth    Pressure         Temperature      Density          Number Density   Rad Flux         Conv Flux        Radial Extension Adiabatic Gradient
#                                   [Ba]             [K]              [g/cm^3]         [/cm^3]          [ergs/s/cm^2/sr] [ergs/s/cm^2/sr] [cm]             [K/Ba]          
  1                5.00000000E-04   1.00000000E-05   137.09170786     2.06548274E-09   5.28341412E+14   7.34804430E+06   0.00000000E+00   9.84160491E+08   0.33013631      
  2                5.78069831E-04   1.77741736E-04   179.22807343     2.81033667E-08   7.18305550E+15   7.34804430E+06   0.00000000E+00   9.14537741E+08   0.32019156      
  3                6.68329458E-04   3.50054959E-04   204.40180464     4.85318087E-08   1.24044453E+16   7.34804430E+06   0.00000000E+00   8.99783183E+08   0.31493682      
  4                7.72682194E-04   5.36330614E-04   223.55745338     6.79858297E-08   1.73767788E+16   7.34804430E+06   0.00000000E+00   8.89528231E+08   0.31136917      
  5                8.93328530E-04   7.42175543E-04   235.50289963     8.93069688E-08   2.28263367E+16   7.34804430E+06   0.00000000E+00   8.81174350E+08   0.30949057      
  6                1.03281254E-03   9.72128817E-04   247.79672041     1.11174000E-07   2.84154215E+16   7.34804430E+06   0.00000000E+00   8.73876493E+08   0.30777766      
  7                1.19407555E-03   1.23044978E-03   256.25221775     1.36072771E-07   3.47794010E+16   7.34804430E+06   0.00000000E+00   8.67234898E+08   0.3067596       
  8                1.38051810E-03   1.52168588E-03   266.52360918     1.61794701E-07   4.13537754E+16   7.34804430E+06   0.00000000E+00   8.61027959E+08   0.30565703      
  9                1.59607173E-03   1.85068695E-03   273.89605174     1.91479445E-07   4.89410216E+16   7.34804431E+06   0.00000000E+00   8.55117053E+08   0.30497007      
  10               1.84528182E-03   2.22307878E-03   283.17224966     2.22473932E-07   5.68630304E+16   7.34804431E+06   0.00000000E+00   8.49411477E+08   0.30419247      
  11               2.13340350E-03   2.64512314E-03   289.82537504     2.58633309E-07   6.61051549E+16   7.34804431E+06   0.00000000E+00   8.43847615E+08   0.30370788      
  12               2.46651240E-03   3.12402569E-03   298.46867492     2.96613428E-07   7.58126503E+16   7.34804431E+06   0.00000000E+00   8.38379854E+08   0.30313494      
  13               2.85163282E-03   3.66788889E-03   304.72176096     3.41104674E-07   8.71843516E+16   7.34804431E+06   0.00000000E+00   8.32972928E+08   0.30277273      
  14               3.29688580E-03   4.28598264E-03   313.09388250     3.87927704E-07   9.91520426E+16   7.34804431E+06   0.00000000E+00   8.27599702E+08   0.30233323      
  15               3.81166043E-03   4.98865063E-03   319.32160007     4.42720632E-07   1.13156794E+17   7.34804431E+06   0.00000000E+00   8.22237911E+08   0.30204605      
  16               4.40681180E-03   5.78762785E-03   327.84246526     5.00276803E-07   1.27867811E+17   7.34804431E+06   0.00000000E+00   8.16869270E+08   0.30169524      
  17               5.09488990E-03   6.69618733E-03   334.28585002     5.67655134E-07   1.45089318E+17   7.34804431E+06   0.00000000E+00   8.11477816E+08   0.30146392      
  18               5.89040429E-03   7.72958639E-03   343.00895407     6.38595432E-07   1.63221227E+17   7.34804431E+06   0.00000000E+00   8.06050153E+08   0.30118586      
  19               6.81013002E-03   8.90506913E-03   349.68864811     7.21656888E-07   1.84451249E+17   7.34804431E+06   0.00000000E+00   8.00574474E+08   0.30100312      
  20               7.87346142E-03   1.02424275E-02   358.63903547     8.09320064E-07   2.06857457E+17   7.34804431E+06   0.00000000E+00   7.95040689E+08   0.30076636      
  21               9.10282102E-03   1.17637984E-02   365.69622480     9.11596211E-07   2.32998399E+17   7.34804431E+06   0.00000000E+00   7.89439583E+08   0.30063349      
  22               1.05241324E-02   1.34944046E-02   375.11869121     1.01943700E-06   2.60561870E+17   7.34804431E+06   0.00000000E+00   7.83762611E+08   0.30050184      
  23               1.21673669E-02   1.54626324E-02   382.70344755     1.14497598E-06   2.92648900E+17   7.34804431E+06   0.00000000E+00   7.78001623E+08   0.30037623      
  24               1.40671754E-02   1.77005956E-02   392.70919306     1.27729741E-06   3.26469529E+17   7.34804431E+06   0.00000000E+00   7.72149563E+08   0.30020192      
  25               1.62636194E-02   2.02439103E-02   401.04689366     1.43045499E-06   3.65615910E+17   7.34804431E+06   0.00000000E+00   7.66199563E+08   0.30007386      
  26               1.88030155E-02   2.31322868E-02   412.02056836     1.59103386E-06   4.06654433E+17   7.34804431E+06   0.00000000E+00   7.60145062E+08   0.29995026      
  27               2.17389119E-02   2.64096159E-02   421.53375442     1.77545320E-06   4.53790676E+17   7.34804431E+06   0.00000000E+00   7.53978747E+08   0.29988845      
  28               2.51332183E-02   3.01261737E-02   433.80796259     1.96800187E-06   5.03004993E+17   7.34804431E+06   0.00000000E+00   7.47691312E+08   0.29980795      
  29               2.90575105E-02   3.43374276E-02   444.87275279     2.18731028E-06   5.59059188E+17   7.34804431E+06   0.00000000E+00   7.41272665E+08   0.29973133      
  30               3.35945403E-02   3.91022410E-02   459.30527423     2.41256907E-06   6.16631995E+17   7.34804431E+06   0.00000000E+00   7.34713451E+08   0.29963754      
  31               3.88399805E-02   4.44815829E-02   472.91195992     2.66570261E-06   6.81280213E+17   7.34804431E+06   0.00000000E+00   7.28005485E+08   0.29955716      
  32               4.49044419E-02   5.05511297E-02   489.03573323     2.92955036E-06   7.48714271E+17   7.34804430E+06   0.00000000E+00   7.21137174E+08   0.29946947      
  33               5.19158062E-02   5.73883953E-02   504.82358294     3.22176755E-06   8.23398907E+17   7.34804430E+06   0.00000000E+00   7.14099407E+08   0.29939017      
  34               6.00219227E-02   6.50736000E-02   524.12778389     3.51865189E-06   8.99277010E+17   7.34248484E+06   5.55814870E+03   7.06881352E+08   0.29927772      
  35               6.93937253E-02   7.36935008E-02   544.05516087     3.83878667E-06   9.81097329E+17   7.30892256E+06   3.91209078E+04   6.99464543E+08   0.2991493       
  36               8.02288381E-02   8.33592358E-02   564.43125050     4.18552229E-06   1.06971605E+18   7.25073693E+06   9.73082343E+04   6.91839135E+08   0.29899946      
  37               9.27557418E-02   9.41884838E-02   585.47457553     4.55927898E-06   1.16524059E+18   7.16750710E+06   1.80541219E+05   6.83999870E+08   0.29884165      
  38               1.07238592E-01   1.06306960E-01   606.97761308     4.96357952E-06   1.26857125E+18   7.05933204E+06   2.88720699E+05   6.75944185E+08   0.29866611      
  39               1.23982789E-01   1.19851851E-01   629.16486509     5.39865896E-06   1.37976818E+18   6.92783765E+06   4.20219137E+05   6.67669812E+08   0.29847473      
  40               1.43341420E-01   1.34988322E-01   651.83403804     5.86900546E-06   1.49997839E+18   6.77622624E+06   5.71834152E+05   6.59166279E+08   0.29822738      
  41               1.65722701E-01   1.51903667E-01   675.24527437     6.37546538E-06   1.62941813E+18   6.60872689E+06   7.39338646E+05   6.50421624E+08   0.29793432      
  42               1.91598587E-01   1.70789697E-01   699.16278407     6.92290800E-06   1.76933148E+18   6.43090981E+06   9.17162606E+05   6.41432022E+08   0.29759189      
  43               2.21514726E-01   1.91841708E-01   723.82345910     7.51131490E-06   1.91971261E+18   6.25053534E+06   1.09754583E+06   6.32200115E+08   0.29725229      
  44               2.56101960E-01   2.15260919E-01   748.95556921     8.14548886E-06   2.08178069E+18   6.07814386E+06   1.26994579E+06   6.22732161E+08   0.29686517      
  45               2.96089634E-01   2.41271133E-01   774.80441650     8.82518718E-06   2.25548070E+18   5.92424865E+06   1.42384594E+06   6.13030994E+08   0.29644472      
  46               3.42320969E-01   2.70175234E-01   801.14680797     9.55749219E-06   2.44263890E+18   5.79445913E+06   1.55363877E+06   6.03078647E+08   0.29591633      
  47               3.95770849E-01   3.02291031E-01   828.26796828     1.03434351E-05   2.64350560E+18   5.68946408E+06   1.65863833E+06   5.92864211E+08   0.29533942      
  48               4.57566375E-01   3.37928675E-01   855.88535350     1.11897351E-05   2.85979756E+18   5.60777253E+06   1.74033548E+06   5.82388905E+08   0.29466059      
  49               5.29010634E-01   3.77386682E-01   884.23385225     1.20956751E-05   3.09132931E+18   5.54879121E+06   1.79932366E+06   5.71663584E+08   0.29395651      
  50               6.11610175E-01   4.20950001E-01   912.98338440     1.30671125E-05   3.33959253E+18   5.51479301E+06   1.83332454E+06   5.60705961E+08   0.29315911      
  51               7.07106781E-01   4.68926208E-01   942.36541748     1.41029177E-05   3.60421762E+18   5.51193938E+06   1.83617143E+06   5.49530044E+08   0.29235615      
  52               8.17514195E-01   5.21779140E-01   972.13986489     1.52117226E-05   3.88761992E+18   5.54261389E+06   1.80548893E+06   5.38118998E+08   0.29146038      
  53               9.45160584E-01   5.80000552E-01   1002.60478106    1.63950924E-05   4.19010085E+18   5.60218856E+06   1.74590959E+06   5.26460659E+08   0.29057378      
  54               1.09273764E+00   6.44057715E-01   1033.47446257    1.76617203E-05   4.51388902E+18   5.68483463E+06   1.66325960E+06   5.14556619E+08   0.28956716      
  55               1.26335732E+00   7.14405212E-01   1064.98038327    1.90108587E-05   4.85879802E+18   5.78590130E+06   1.56218833E+06   5.02416264E+08   0.28861118      
  56               1.46061751E+00   7.91488349E-01   1096.82489150    2.04501036E-05   5.22676613E+18   5.90092978E+06   1.44715498E+06   4.90053634E+08   0.28750945      
  57               1.68867783E+00   8.75765575E-01   1129.20001774    2.19783187E-05   5.61749679E+18   6.03181498E+06   1.31625430E+06   4.77482762E+08   0.28645841      
  58               1.95234742E+00   9.67897135E-01   1161.90394760    2.36062049E-05   6.03371534E+18   6.17761591E+06   1.17042939E+06   4.64691946E+08   0.28524656      
  59               2.25718628E+00   1.06872775E+00   1195.19700633    2.53387673E-05   6.47669473E+18   6.33298925E+06   1.01503762E+06   4.51654675E+08   0.28409592      
  60               2.60962258E+00   1.17907176E+00   1228.91256056    2.71874925E-05   6.94936454E+18   6.48724012E+06   8.60770860E+05   4.38360188E+08   0.2828183       
  61               3.01708817E+00   1.29972243E+00   1263.20805943    2.91553950E-05   7.45249279E+18   6.63121764E+06   7.16777388E+05   4.24808737E+08   0.28163372      
  62               3.48817529E+00   1.43145844E+00   1297.91361593    3.12514861E-05   7.98838144E+18   6.75210344E+06   5.95873844E+05   4.11007761E+08   0.28032082      
  63               4.03281780E+00   1.57506074E+00   1333.11329389    3.34783109E-05   8.55768087E+18   6.84216876E+06   5.05787738E+05   3.96968495E+08   0.27913049      
  64               4.66250061E+00   1.73132586E+00   1368.68105514    3.58431583E-05   9.16225554E+18   6.89584036E+06   4.52081391E+05   3.82703314E+08   0.27784907      
  65               5.39050188E+00   1.90136752E+00   1404.70996332    3.83536634E-05   9.80404393E+18   6.91243939E+06   4.35433702E+05   3.68200606E+08   0.27662138      
  66               6.23217301E+00   2.08673385E+00   1441.22969865    4.10260289E-05   1.04872035E+19   6.88085935E+06   4.66959566E+05   3.53423198E+08   0.2752109       
  67               7.20526240E+00   2.28884446E+00   1478.27474295    4.38743221E-05   1.12146820E+19   6.78723809E+06   5.60518810E+05   3.38358464E+08   0.27387308      
  68               8.33028963E+00   2.50865736E+00   1515.78014563    4.68973915E-05   1.19875650E+19   6.61117573E+06   7.36502828E+05   3.23034370E+08   0.27242456      
  69               9.63097823E+00   2.74619587E+00   1553.48947731    5.01073234E-05   1.28040993E+19   6.33072457E+06   1.01682724E+06   3.07537730E+08   0.27108954      
  70               1.11347559E+01   2.99943582E+00   1591.00864282    5.34381132E-05   1.36550368E+19   5.90931158E+06   1.43801233E+06   2.92061791E+08   0.26964803      
  71               1.28733329E+01   3.26050610E+00   1627.09088893    5.68066226E-05   1.45143985E+19   5.35071772E+06   1.99617061E+06   2.77077467E+08   0.26838768      
  72               1.48833708E+01   3.51446913E+00   1660.13472781    6.00212724E-05   1.53335332E+19   4.83608749E+06   2.51049321E+06   2.63323683E+08   0.26706858      
  73               1.72072553E+01   3.78287881E+00   1692.96527230    6.33697635E-05   1.61845347E+19   4.31376983E+06   3.03305387E+06   2.49560732E+08   0.26583186      
  74               1.98939903E+01   4.02793619E+00   1721.42049930    6.63927119E-05   1.69481169E+19   3.68601188E+06   3.66226062E+06   2.37613080E+08   0.2646573       
  75               2.30002312E+01   4.23488688E+00   1744.30196430    6.89306404E-05   1.75851462E+19   3.24924367E+06   4.10113787E+06   2.27938909E+08   0.26380452      
  76               2.65914795E+01   4.45502342E+00   1767.80057809    7.15527200E-05   1.82533491E+19   3.03681433E+06   4.31392098E+06   2.18026640E+08   0.26280638      
  77               3.07434641E+01   4.69555757E+00   1792.28710708    7.43856012E-05   1.89760331E+19   2.79430828E+06   4.55744566E+06   2.07600600E+08   0.26179275      
  78               3.55437382E+01   4.90251676E+00   1812.65855004    7.68130073E-05   1.95897513E+19   2.47168412E+06   4.88380373E+06   1.98942199E+08   0.26099787      
  79               4.10935254E+01   5.07082721E+00   1828.61773261    7.87567186E-05   2.00854573E+19   2.27685058E+06   5.08268550E+06   1.92099145E+08   0.26032841      
  80               4.75098546E+01   5.25786822E+00   1845.98311183    8.08929628E-05   2.06304078E+19   2.19600513E+06   5.16386070E+06   1.84688812E+08   0.25964778      
  81               5.49280272E+01   5.46517716E+00   1864.52526641    8.32452167E-05   2.12305777E+19   2.10798689E+06   5.25085678E+06   1.76699983E+08   0.25871087      
  82               6.35044707E+01   5.69409624E+00   1884.44395523    8.58105960E-05   2.18860515E+19   1.90627675E+06   5.45299024E+06   1.68134891E+08   0.25788026      
  83               7.34200373E+01   5.86225382E+00   1898.55671295    8.77651904E-05   2.23648960E+19   1.62425374E+06   5.73851719E+06   1.62006631E+08   0.25722385      
  84               8.48838171E+01   5.98092220E+00   1908.41739524    8.90781970E-05   2.26997266E+19   1.47536943E+06   5.89155444E+06   1.57762505E+08   0.2568309       
  85               9.81375475E+01   6.11466982E+00   1919.22477228    9.05562804E-05   2.30766631E+19   1.43244489E+06   5.93463934E+06   1.53053371E+08   0.25631824      
  86               1.13460711E+02   6.26498719E+00   1931.25141332    9.22034030E-05   2.34967184E+19   1.38809291E+06   5.97723718E+06   1.47851298E+08   0.2556862       
  87               1.31176428E+02   6.43344035E+00   1944.32574479    9.40443932E-05   2.39662504E+19   1.33809966E+06   6.02490192E+06   1.42130728E+08   0.25499755      
  88               1.51658271E+02   6.62157099E+00   1958.70623122    9.60821400E-05   2.44859847E+19   1.28475271E+06   6.07543142E+06   1.35872205E+08   0.25418304      
  89               1.75338142E+02   6.83096637E+00   1974.18480890    9.83412738E-05   2.50622571E+19   1.22654880E+06   6.13062788E+06   1.29060153E+08   0.25330138      
  90               2.02715380E+02   7.06312870E+00   1990.99894989    1.00822451E-04   2.56951956E+19   1.16565769E+06   6.18848475E+06   1.21687133E+08   0.25226289      
  91               2.34367291E+02   7.31951655E+00   2008.88886190    1.03548720E-04   2.63907861E+19   1.11034668E+06   6.24095775E+06   1.13752139E+08   0.25118438      
  92               2.70961321E+02   7.60365697E+00   2028.22192008    1.06539333E-04   2.71539418E+19   1.06278439E+06   6.28597908E+06   1.05197418E+08   0.24991336      
  93               3.13269130E+02   7.91776142E+00   2048.72244819    1.09825804E-04   2.79927216E+19   1.01405694E+06   6.33241176E+06   9.60147873E+07   0.24859873      
  94               3.62182865E+02   8.26415422E+00   2070.66063488    1.13410568E-04   2.89078189E+19   9.65061754E+05   6.37944127E+06   8.61997899E+07   0.2470294       
  95               4.18733975E+02   8.64529201E+00   2093.69881598    1.17328917E-04   2.99082704E+19   9.15412553E+05   6.42749759E+06   7.57513115E+07   0.24544257      
  96               4.84114957E+02   9.06377402E+00   2118.13662436    1.21581055E-04   3.09942362E+19   8.65635522E+05   6.47606186E+06   6.46712615E+07   0.24358582      
  97               5.59704502E+02   9.52237500E+00   2143.56480618    1.26207811E-04   3.21761814E+19   8.15958195E+05   6.52486765E+06   5.29638902E+07   0.24174497      
  98               6.47096573E+02   1.00240580E+01   2170.33487025    1.31206518E-04   3.34535847E+19   7.66533976E+05   6.57370580E+06   4.06354218E+07   0.23950175      
  99               7.48134013E+02   1.05720279E+01   2197.92717519    1.36627763E-04   3.48394140E+19   7.17784620E+05   6.62207401E+06   2.76931594E+07   0.23727567      
  100              8.64947405E+02   1.11697407E+01   2226.78749092    1.42464359E-04   3.63320714E+19   6.69627552E+05   6.66999985E+06   1.41452977E+07   0.23456821      
  101              1.00000000E+03   1.18209754E+01   2256.25856081    1.48780630E-04   3.79481219E+19   6.42248677E+05   6.69721552E+06   0.00000000E+00   0.23201769      
