# ATMO pressure-temperature profile
# Effective temperature = 800.0K
# log(g) = 5.0cm/s^2
# M/H = 0.0
# Optical depth grid in band 17 (1.20-1.33microns)
# All parameters in cgs units
#
# Model Level      Optical Depth    Pressure         Temperature      Density          Number Density   Rad Flux         Conv Flux        Radial Extension Adiabatic Gradient
#                                   [Ba]             [K]              [g/cm^3]         [/cm^3]          [ergs/s/cm^2/sr] [ergs/s/cm^2/sr] [cm]             [K/Ba]          
  1                5.00000000E-07   1.00000000E-05   169.78368587     1.66885421E-09   4.26608871E+14   2.32237390E+07   0.00000000E+00   4.54357347E+06   0.32224842      
  2                6.19412983E-07   2.99990576E-05   210.17156762     4.04434323E-09   1.03385466E+15   2.32237390E+07   0.00000000E+00   4.46659375E+06   0.31779092      
  3                7.67344888E-07   5.37218833E-05   209.77408973     7.25627513E-09   1.85492017E+15   2.32237390E+07   0.00000000E+00   4.42280268E+06   0.3153213       
  4                9.50606773E-07   8.27797168E-05   221.55261298     1.05867198E-08   2.70628107E+15   2.32237390E+07   0.00000000E+00   4.38964947E+06   0.3135168       
  5                1.17763635E-06   1.18387822E-04   220.36949612     1.52219366E-08   3.89118064E+15   2.32237390E+07   0.00000000E+00   4.36159945E+06   0.31258058      
  6                1.45888650E-06   1.62074039E-04   231.19617046     1.98631068E-08   5.07760203E+15   2.32237390E+07   0.00000000E+00   4.33647561E+06   0.3116028       
  7                1.80730647E-06   2.15615218E-04   230.68680600     2.64832336E-08   6.76990375E+15   2.32237390E+07   0.00000000E+00   4.31313142E+06   0.31097745      
  8                2.23893819E-06   2.81308582E-04   240.65084023     3.31214969E-08   8.46684168E+15   2.32237390E+07   0.00000000E+00   4.29095043E+06   0.31012691      
  9                2.77365477E-06   3.61882676E-04   240.32606711     4.26659354E-08   1.09066846E+16   2.32237390E+07   0.00000000E+00   4.26951660E+06   0.31099399      
  10               3.43607555E-06   4.60779876E-04   249.80703944     5.22640654E-08   1.33602527E+16   2.32237391E+07   0.00000000E+00   4.24857346E+06   0.31009545      
  11               4.25669961E-06   5.82107820E-04   249.81344580     6.60240227E-08   1.68777078E+16   2.32237391E+07   0.00000000E+00   4.22791926E+06   0.30945205      
  12               5.27331001E-06   7.30972881E-04   259.36070437     7.98567158E-08   2.04137564E+16   2.32237391E+07   0.00000000E+00   4.20741774E+06   0.30863912      
  13               6.53271338E-06   9.13505379E-04   259.88159409     9.95978457E-08   2.54601775E+16   2.32237391E+07   0.00000000E+00   4.18695049E+06   0.30807216      
  14               8.09289496E-06   1.13731852E-03   269.63689730     1.19513551E-07   3.05512252E+16   2.32237391E+07   0.00000000E+00   4.16643641E+06   0.30738473      
  15               1.00256884E-05   1.41162312E-03   270.44347546     1.47896063E-07   3.78066410E+16   2.32237391E+07   0.00000000E+00   4.14580418E+06   0.30691385      
  16               1.24200832E-05   1.74784503E-03   280.28339955     1.76693229E-07   4.51680549E+16   2.32237391E+07   0.00000000E+00   4.12500541E+06   0.30634887      
  17               1.53863215E-05   2.15984563E-03   281.22271854     2.17613918E-07   5.56286026E+16   2.32237391E+07   0.00000000E+00   4.10399451E+06   0.30591478      
  18               1.90609746E-05   2.66473827E-03   291.19838433     2.59286530E-07   6.62813642E+16   2.32237391E+07   0.00000000E+00   4.08273929E+06   0.3054483       
  19               2.36132303E-05   3.28327971E-03   292.32375196     3.18242470E-07   8.13522593E+16   2.32237391E+07   0.00000000E+00   4.06120652E+06   0.305049        
  20               2.92526829E-05   4.04093517E-03   302.71749654     3.78232390E-07   9.66874707E+16   2.32237391E+07   0.00000000E+00   4.03936850E+06   0.30463439      
  21               3.62389832E-05   4.96856654E-03   304.17552450     4.62829681E-07   1.18313059E+17   2.32237391E+07   0.00000000E+00   4.01719749E+06   0.30425165      
  22               4.48937934E-05   6.10394776E-03   315.05563989     5.48956476E-07   1.40329633E+17   2.32237391E+07   0.00000000E+00   3.99467263E+06   0.30386758      
  23               5.56155970E-05   7.49269271E-03   317.08265255     6.69545049E-07   1.71155665E+17   2.32237391E+07   0.00000000E+00   3.97176587E+06   0.30350313      
  24               6.88980457E-05   9.19073128E-03   328.55447915     7.92605421E-07   2.02613564E+17   2.32237391E+07   0.00000000E+00   3.94845657E+06   0.30316033      
  25               8.53526881E-05   1.12654223E-02   331.11444348     9.64014823E-07   2.46430915E+17   2.32237391E+07   0.00000000E+00   3.92472191E+06   0.30280922      
  26               1.05737126E-04   1.37994430E-02   343.05890015     1.13974385E-06   2.91352470E+17   2.32237391E+07   0.00000000E+00   3.90054701E+06   0.3025101       
  27               1.30989898E-04   1.68929327E-02   346.01841418     1.38331228E-06   3.53615815E+17   2.32237391E+07   0.00000000E+00   3.87591018E+06   0.30218963      
  28               1.62273687E-04   2.06692040E-02   358.33936116     1.63434454E-06   4.17787149E+17   2.32237391E+07   0.00000000E+00   3.85079529E+06   0.30193686      
  29               2.01028857E-04   2.52767508E-02   361.63353919     1.98046465E-06   5.06265561E+17   2.32237391E+07   0.00000000E+00   3.82518500E+06   0.30165052      
  30               2.49039768E-04   3.08963941E-02   374.64523071     2.33669553E-06   5.97328763E+17   2.32237391E+07   0.00000000E+00   3.79906194E+06   0.30139032      
  31               3.08516931E-04   3.77455102E-02   378.57122674     2.82508967E-06   7.22176807E+17   2.32237391E+07   0.00000000E+00   3.77240456E+06   0.30122294      
  32               3.82198786E-04   4.60864143E-02   392.56699292     3.32639351E-06   8.50325059E+17   2.32237391E+07   0.00000000E+00   3.74519571E+06   0.30102888      
  33               4.73477780E-04   5.62310374E-02   397.52598237     4.00798381E-06   1.02455769E+18   2.32237391E+07   0.00000000E+00   3.71741225E+06   0.3007709       
  34               5.86556569E-04   6.85579469E-02   412.68679899     4.70709078E-06   1.20326994E+18   2.32237392E+07   0.00000000E+00   3.68903209E+06   0.30063825      
  35               7.26641509E-04   8.35148432E-02   418.77045430     5.65070955E-06   1.44448646E+18   2.32237392E+07   0.00000000E+00   3.66003104E+06   0.30050089      
  36               9.00182369E-04   1.01645889E-01   435.06997568     6.61981388E-06   1.69221891E+18   2.32237392E+07   0.00000000E+00   3.63038624E+06   0.30039607      
  37               1.11516929E-03   1.23597741E-01   442.48031500     7.91474323E-06   2.02321678E+18   2.32237393E+07   0.00000000E+00   3.60005914E+06   0.30021925      
  38               1.38150068E-03   1.50144881E-01   460.42322152     9.24003549E-06   2.36199596E+18   2.32237396E+07   0.00000000E+00   3.56901622E+06   0.30008945      
  39               1.71143891E-03   1.82177641E-01   469.86132659     1.09861673E-05   2.80834988E+18   2.32237408E+07   0.00000000E+00   3.53722300E+06   0.29993754      
  40               2.12017497E-03   2.20746666E-01   489.84960746     1.27688822E-05   3.26405319E+18   2.32237431E+07   0.00000000E+00   3.50465887E+06   0.29986225      
  41               2.62652780E-03   2.67085276E-01   500.99175486     1.51068311E-05   3.86140369E+18   2.32237436E+07   0.00000000E+00   3.47129421E+06   0.29977933      
  42               3.25381085E-03   3.22696150E-01   522.08986227     1.75146762E-05   4.47686876E+18   2.32237441E+07   0.00000000E+00   3.43710634E+06   0.29972265      
  43               4.03090537E-03   3.89317568E-01   535.29198424     2.06094626E-05   5.26791915E+18   2.32237443E+07   0.00000000E+00   3.40204089E+06   0.29960235      
  44               4.99359024E-03   4.69019488E-01   558.73016809     2.37871001E-05   6.08015438E+18   2.32237447E+07   0.00000000E+00   3.36604402E+06   0.29951522      
  45               6.18618926E-03   5.64193529E-01   574.67894290     2.78198770E-05   7.11096689E+18   2.32237445E+07   0.00000000E+00   3.32904671E+06   0.2994208       
  46               7.66361189E-03   6.77596840E-01   601.07959405     3.19441136E-05   8.16516993E+18   2.32237445E+07   0.00000000E+00   3.29100564E+06   0.2993414       
  47               9.49388141E-03   8.12232213E-01   620.53279295     3.70908177E-05   9.48071981E+18   2.32237437E+07   0.00000000E+00   3.25189179E+06   0.29917367      
  48               1.17612668E-02   9.71671054E-01   650.54329496     4.23246072E-05   1.08185461E+19   2.32237435E+07   0.00000000E+00   3.21165119E+06   0.29901421      
  49               1.45701627E-02   1.16024062E+00   674.16575392     4.87675174E-05   1.24654287E+19   2.32237422E+07   0.00000000E+00   3.17014529E+06   0.29879583      
  50               1.80498959E-02   1.38271332E+00   708.22110353     5.53237478E-05   1.41412931E+19   2.32237410E+07   0.00000000E+00   3.12731455E+06   0.29855116      
  51               2.23606798E-02   1.64396337E+00   736.24128341     6.32732003E-05   1.61732690E+19   2.32237398E+07   0.00000000E+00   3.08315845E+06   0.29813126      
  52               2.77009907E-02   1.94940335E+00   774.56932391     7.13163256E-05   1.82291851E+19   2.32237380E+07   0.00000000E+00   3.03768880E+06   0.29776378      
  53               3.43167066E-02   2.30623967E+00   807.03833265     8.09766961E-05   2.06983685E+19   2.32237372E+07   0.00000000E+00   2.99073237E+06   0.29720502      
  54               4.25124273E-02   2.72278972E+00   849.46960304     9.08276901E-05   2.32162514E+19   2.32237349E+07   0.00000000E+00   2.94216119E+06   0.29655378      
  55               5.26654988E-02   3.20723222E+00   885.72138910     1.02608898E-04   2.62276339E+19   2.32237346E+07   0.00000000E+00   2.89198004E+06   0.29562761      
  56               6.52433875E-02   3.76804970E+00   931.23159777     1.14659699E-04   2.93079039E+19   2.32237323E+07   0.00000000E+00   2.84027609E+06   0.29478679      
  57               8.08252026E-02   4.41609812E+00   969.92419077     1.29019151E-04   3.29781860E+19   2.32237339E+07   0.00000000E+00   2.78699474E+06   0.29360695      
  58               1.00128360E-01   5.16521261E+00   1017.30826643    1.43878628E-04   3.67757441E+19   2.32237322E+07   0.00000000E+00   2.73201231E+06   0.29242457      
  59               1.24041612E-01   6.02965834E+00   1057.30085908    1.61607382E-04   4.13066485E+19   2.32237341E+07   0.00000000E+00   2.67532194E+06   0.29085818      
  60               1.53665970E-01   7.02525451E+00   1105.44092469    1.80091104E-04   4.60312070E+19   2.32237313E+07   0.00000000E+00   2.61696311E+06   0.28939705      
  61               1.90365394E-01   8.17096093E+00   1145.68271529    2.02103199E-04   5.16576461E+19   2.32237300E+07   0.00000000E+00   2.55690928E+06   0.28761229      
  62               2.35829593E-01   9.49336373E+00   1193.93309863    2.25321392E-04   5.75925050E+19   2.32237270E+07   0.00000000E+00   2.49494006E+06   0.28600457      
  63               2.92151824E-01   1.10209253E+01   1233.87411921    2.53109359E-04   6.46953463E+19   2.32237293E+07   0.00000000E+00   2.43097490E+06   0.28410346      
  64               3.61925265E-01   1.27833976E+01   1281.80036555    2.82609261E-04   7.22356766E+19   2.32237249E+07   0.00000000E+00   2.36507646E+06   0.28246478      
  65               4.48362417E-01   1.48113076E+01   1320.89985698    3.17753277E-04   8.12174497E+19   2.32237272E+07   0.00000000E+00   2.29740422E+06   0.28056843      
  66               5.55443005E-01   1.71445918E+01   1368.36667360    3.55064808E-04   9.07508079E+19   2.32237285E+07   0.00000000E+00   2.22793872E+06   0.27898817      
  67               6.88097217E-01   1.98346640E+01   1406.81620230    3.99577407E-04   1.02120593E+20   2.32237266E+07   0.00000000E+00   2.15652027E+06   0.27716894      
  68               8.52432700E-01   2.29465105E+01   1454.72566836    4.47084950E-04   1.14251363E+20   2.32237299E+07   0.00000000E+00   2.08289535E+06   0.27563481      
  69               1.05601576E+00   2.65497144E+01   1494.06942384    5.03681442E-04   1.28710778E+20   2.32237325E+07   0.00000000E+00   2.00696456E+06   0.27376192      
  70               1.30821975E+00   3.07196677E+01   1544.32336568    5.63832110E-04   1.44080136E+20   2.32237364E+07   0.00000000E+00   1.92871468E+06   0.27218636      
  71               1.62065660E+00   3.55266794E+01   1586.82447205    6.34569241E-04   1.62162924E+20   2.32237410E+07   0.00000000E+00   1.84835045E+06   0.27024794      
  72               2.00771148E+00   4.10294256E+01   1641.61384236    7.08391055E-04   1.81029883E+20   2.32237588E+07   0.00000000E+00   1.76627554E+06   0.26859706      
  73               2.48720511E+00   4.72070200E+01   1689.73657501    7.91887605E-04   2.02354758E+20   2.32237641E+07   0.00000000E+00   1.68379365E+06   0.26650117      
  74               3.08121427E+00   5.39745373E+01   1751.27815632    8.73873522E-04   2.23233638E+20   2.32037923E+07   0.00000000E+00   1.60243626E+06   0.26463699      
  75               3.81708825E+00   6.11606911E+01   1808.22017276    9.59075586E-04   2.44989185E+20   2.14681832E+07   1.75470445E+06   1.52393942E+06   0.2622593       
  76               4.72870805E+00   6.86484312E+01   1865.28841693    1.04389472E-03   2.66569504E+20   1.90126773E+07   4.20997153E+06   1.44910321E+06   0.26068737      
  77               5.85804632E+00   7.61424588E+01   1914.50708306    1.12884786E-03   2.88068492E+20   1.62217527E+07   7.00130581E+06   1.38006495E+06   0.2586423       
  78               7.25709989E+00   8.32887228E+01   1960.92308350    1.20642352E-03   3.07646149E+20   1.35411819E+07   9.68257308E+06   1.31882593E+06   0.25743849      
  79               8.99028379E+00   8.97826412E+01   1997.47238738    1.27664868E-03   3.25564792E+20   1.17600922E+07   1.14651135E+07   1.26649941E+06   0.25561947      
  80               1.11373970E+01   9.71640463E+01   2039.70121625    1.35292782E-03   3.45036371E+20   1.02079958E+07   1.30212294E+07   1.21033426E+06   0.25466763      
  81               1.37972966E+01   1.03404311E+02   2070.63610960    1.41872991E-03   3.61710153E+20   8.22015076E+06   1.50214589E+07   1.16529027E+06   0.25303805      
  82               1.70924493E+01   1.08336438E+02   2096.65741156    1.46791111E-03   3.74259574E+20   7.12067604E+06   1.61395749E+07   1.13111320E+06   0.25226114      
  83               2.11745701E+01   1.14120334E+02   2122.78876066    1.52720473E-03   3.89387578E+20   6.66692475E+06   1.66081970E+07   1.09248342E+06   0.25077436      
  84               2.62316072E+01   1.20861983E+02   2154.97943844    1.59320401E-03   4.06230403E+20   6.32207408E+06   1.69687099E+07   1.04926367E+06   0.2501758       
  85               3.24963962E+01   1.28665877E+02   2187.46495450    1.67076503E-03   4.26037786E+20   5.50038091E+06   1.77887732E+07   1.00143169E+06   0.24891826      
  86               4.02573794E+01   1.34823228E+02   2214.42306165    1.73081516E-03   4.40991242E+20   4.44202777E+06   1.88114653E+07   9.65219240E+05   0.24879633      
  87               4.98718870E+01   1.39566528E+02   2232.17436873    1.77741723E-03   4.52875679E+20   3.90141552E+06   1.93215088E+07   9.38175877E+05   0.24757587      
  88               6.17825886E+01   1.45225562E+02   2255.54751884    1.83025640E-03   4.66355307E+20   3.78899621E+06   1.94329640E+07   9.06800292E+05   0.24722411      
  89               7.65378750E+01   1.51943648E+02   2279.56013349    1.89468284E-03   4.82788966E+20   3.57208703E+06   1.96487874E+07   8.70724026E+05   0.24547361      
  90               9.48171070E+01   1.59880143E+02   2309.40935047    1.96777549E-03   5.01440545E+20   3.41478536E+06   1.98048256E+07   8.29621070E+05   0.24506826      
  91               1.17461894E+02   1.69208363E+02   2340.48265386    2.05502801E-03   5.23651361E+20   3.17834879E+06   2.00399079E+07   7.83231903E+05   0.24292339      
  92               1.45514845E+02   1.80123334E+02   2377.26968913    2.15358011E-03   5.48804120E+20   2.98885527E+06   2.02278805E+07   7.31347858E+05   0.24247546      
  93               1.80267568E+02   1.92838513E+02   2415.85742208    2.26858988E-03   5.78160362E+20   2.74539617E+06   2.04698047E+07   6.73821793E+05   0.23991561      
  94               2.23320145E+02   2.07596574E+02   2459.62767008    2.39849226E-03   6.11331326E+20   2.52874841E+06   2.06848040E+07   6.10553941E+05   0.23858368      
  95               2.76654794E+02   2.24668172E+02   2505.53728043    2.54785668E-03   6.49481107E+20   2.28860566E+06   2.09234331E+07   5.41495205E+05   0.23624129      
  96               3.42727143E+02   2.44372707E+02   2556.24813580    2.71592246E-03   6.92429450E+20   2.07315199E+06   2.11375608E+07   4.66588371E+05   0.23468481      
  97               4.24579284E+02   2.67087455E+02   2609.32738597    2.90746590E-03   7.41396885E+20   1.85645105E+06   2.13532563E+07   3.85754462E+05   0.23188693      
  98               5.25979842E+02   2.93267943E+02   2666.68232711    3.12311078E-03   7.96561202E+20   1.66103021E+06   2.15479477E+07   2.98872664E+05   0.22867829      
  99               6.51597486E+02   3.23462184E+02   2726.13790620    3.36867236E-03   8.59412236E+20   1.47694176E+06   2.17315783E+07   2.05782582E+05   0.22545914      
  100              8.07215886E+02   3.58337094E+02   2789.92432177    3.64541831E-03   9.30304633E+20   1.30737875E+06   2.19010450E+07   1.06261988E+05   0.22171462      
  101              1.00000000E+03   3.98718707E+02   2855.54579849    3.96160028E-03   1.01135429E+21   1.21178944E+06   2.19960345E+07   0.00000000E+00   0.21771882      
