# ATMO pressure-temperature profile
# Effective temperature = 450.0K
# log(g) = 4.5cm/s^2
# M/H = 0.0
# Optical depth grid in band 17 (1.20-1.33microns)
# All parameters in cgs units
#
# Model Level      Optical Depth    Pressure         Temperature      Density          Number Density   Rad Flux         Conv Flux        Radial Extension Adiabatic Gradient
#                                   [Ba]             [K]              [g/cm^3]         [/cm^3]          [ergs/s/cm^2/sr] [ergs/s/cm^2/sr] [cm]             [K/Ba]          
  1                5.00000000E-05   1.00000000E-05   57.19999626      4.95524664E-09   1.26628027E+15   2.32490289E+06   0.00000000E+00   1.02469649E+07   0.3457447       
  2                5.91534807E-05   5.32351765E-04   77.58755601      1.94476846E-07   4.96972623E+16   2.32490289E+06   0.00000000E+00   9.71486094E+06   0.31484755      
  3                6.99826855E-05   1.10409078E-03   92.48022849      3.38389723E-07   8.64732391E+16   2.32490289E+06   0.00000000E+00   9.64438266E+06   0.3148777       
  4                8.27943887E-05   1.73507762E-03   102.46092896     4.79974947E-07   1.22655340E+17   2.32490289E+06   0.00000000E+00   9.59487157E+06   0.31489775      
  5                9.79515255E-05   2.45179201E-03   110.64548009     6.28004149E-07   1.60500277E+17   2.32490289E+06   0.00000000E+00   9.55359006E+06   0.31491392      
  6                1.15883473E-04   3.27437055E-03   118.24473306     7.84887407E-07   2.00572718E+17   2.32490289E+06   0.00000000E+00   9.51653970E+06   0.32103189      
  7                1.37098216E-04   4.22315056E-03   125.30912471     9.55246836E-07   2.44106704E+17   2.32490289E+06   0.00000000E+00   9.48188964E+06   0.32198997      
  8                1.62196734E-04   5.32018070E-03   132.32786330     1.13955901E-06   2.91206405E+17   2.32490289E+06   0.00000000E+00   9.44863959E+06   0.325103        
  9                1.91890027E-04   6.59083355E-03   139.18763532     1.34215115E-06   3.42977418E+17   2.32490289E+06   0.00000000E+00   9.41614898E+06   0.32537042      
  10               2.27019260E-04   8.06473281E-03   146.10216230     1.56457028E-06   3.99815088E+17   2.32490289E+06   0.00000000E+00   9.38398502E+06   0.32600504      
  11               2.68579588E-04   9.77604217E-03   152.93328799     1.81185216E-06   4.63006279E+17   2.32490289E+06   0.00000000E+00   9.35184326E+06   0.32597225      
  12               3.17748350E-04   1.17642651E-02   159.96558794     2.08449035E-06   5.32677160E+17   2.32490289E+06   0.00000000E+00   9.31949107E+06   0.32460041      
  13               3.75918418E-04   1.40762344E-02   166.93187084     2.39005898E-06   6.10763491E+17   2.32490289E+06   0.00000000E+00   9.28673605E+06   0.32459921      
  14               4.44737657E-04   1.67664097E-02   174.08626015     2.72983424E-06   6.97591882E+17   2.32490289E+06   0.00000000E+00   9.25343115E+06   0.32303379      
  15               5.26155608E-04   1.98972018E-02   181.19385971     3.11248164E-06   7.95379454E+17   2.32490289E+06   0.00000000E+00   9.21946607E+06   0.32266728      
  16               6.22478712E-04   2.35399708E-02   188.59476464     3.53776285E-06   9.04070142E+17   2.32490289E+06   0.00000000E+00   9.18475133E+06   0.3199548       
  17               7.36435649E-04   2.77753946E-02   196.16652924     4.01242157E-06   1.02556022E+18   2.32490289E+06   0.00000000E+00   9.14920218E+06   0.31951124      
  18               8.71254639E-04   3.26983898E-02   204.06492172     4.54171734E-06   1.16060343E+18   2.32490289E+06   0.00000000E+00   9.11273383E+06   0.31671482      
  19               1.03075489E-03   3.84178040E-02   211.85887281     5.13708778E-06   1.31344448E+18   2.32490289E+06   0.00000000E+00   9.07528977E+06   0.31620132      
  20               1.21945479E-03   4.50621685E-02   219.79371309     5.81111218E-06   1.48498703E+18   2.32490289E+06   0.00000000E+00   9.03683366E+06   0.31361103      
  21               1.44269991E-03   5.27793451E-02   227.52904972     6.57494116E-06   1.68016906E+18   2.32490289E+06   0.00000000E+00   8.99735314E+06   0.31303035      
  22               1.70681442E-03   6.17391698E-02   235.32940707     7.43617009E-06   1.90024861E+18   2.32490289E+06   0.00000000E+00   8.95683225E+06   0.31079008      
  23               2.01928028E-03   7.21465958E-02   242.93917081     8.41749773E-06   2.15101847E+18   2.32490289E+06   0.00000000E+00   8.91523380E+06   0.31030446      
  24               2.38894914E-03   8.42372824E-02   250.72852557     9.52281465E-06   2.43347249E+18   2.32490289E+06   0.00000000E+00   8.87252899E+06   0.30849529      
  25               2.82629313E-03   9.82833807E-02   258.47855354     1.07775564E-05   2.75411082E+18   2.32490289E+06   0.00000000E+00   8.82868472E+06   0.30810365      
  26               3.34370152E-03   1.14598349E-01   266.51055127     1.21878944E-05   3.11451044E+18   2.32490289E+06   0.00000000E+00   8.78366925E+06   0.30663118      
  27               3.95583167E-03   1.33543255E-01   274.56721929     1.37859914E-05   3.52289022E+18   2.32490289E+06   0.00000000E+00   8.73745147E+06   0.30625549      
  28               4.68002425E-03   1.55535615E-01   282.99386976     1.55782100E-05   3.98087612E+18   2.32490289E+06   0.00000000E+00   8.68999515E+06   0.30497532      
  29               5.53679448E-03   1.81060696E-01   291.56513847     1.76016476E-05   4.49794800E+18   2.32490289E+06   0.00000000E+00   8.64124997E+06   0.30459135      
  30               6.55041330E-03   2.10684075E-01   300.66681831     1.98614495E-05   5.07542071E+18   2.32490289E+06   0.00000000E+00   8.59114827E+06   0.30359632      
  31               7.74959494E-03   2.45055364E-01   310.12031374     2.23974580E-05   5.72347564E+18   2.32490289E+06   0.00000000E+00   8.53961461E+06   0.3033141       
  32               9.16831029E-03   2.84911548E-01   320.26650638     2.52152492E-05   6.44353764E+18   2.32490289E+06   0.00000000E+00   8.48657935E+06   0.30259517      
  33               1.08467493E-02   3.31081722E-01   330.88974240     2.83606797E-05   7.24732505E+18   2.32490289E+06   0.00000000E+00   8.43198200E+06   0.30232169      
  34               1.28324595E-02   3.84494610E-01   342.33949581     3.18344968E-05   8.13502869E+18   2.32490289E+06   0.00000000E+00   8.37576874E+06   0.30168599      
  35               1.51816929E-02   4.46195374E-01   354.49668025     3.56761211E-05   9.11672239E+18   2.32490289E+06   0.00000000E+00   8.31787218E+06   0.30140461      
  36               1.79609996E-02   5.17399092E-01   367.79597793     3.98734167E-05   1.01893041E+19   2.32490289E+06   0.00000000E+00   8.25817248E+06   0.30094732      
  37               2.12491128E-02   5.99450655E-01   382.24351401     4.44506342E-05   1.13589753E+19   2.32490283E+06   0.00000000E+00   8.19654050E+06   0.30076765      
  38               2.51391797E-02   6.93789751E-01   398.61936652     4.93329411E-05   1.26065231E+19   2.32342472E+06   1.47819329E+03   8.13283376E+06   0.30046561      
  39               2.97413996E-02   8.01893972E-01   417.16516551     5.44849383E-05   1.39230618E+19   2.31085987E+06   1.40430148E+04   8.06689574E+06   0.30029519      
  40               3.51861462E-02   9.25573057E-01   434.66060912     6.03570452E-05   1.54236180E+19   2.29026556E+06   3.46373467E+04   7.99869422E+06   0.30003605      
  41               4.16276604E-02   1.06700425E+00   454.49322690     6.65435984E-05   1.70045277E+19   2.26169792E+06   6.32049614E+04   7.92812292E+06   0.29993429      
  42               4.92484201E-02   1.22857132E+00   473.19407385     7.35916708E-05   1.88055879E+19   2.22625870E+06   9.86442073E+04   7.85511240E+06   0.29978837      
  43               5.82643093E-02   1.41285477E+00   494.40317870     8.10000509E-05   2.06986541E+19   2.18671499E+06   1.38187900E+05   7.77963271E+06   0.29970786      
  44               6.89307339E-02   1.62265745E+00   514.34224878     8.94291927E-05   2.28507515E+19   2.15042583E+06   1.74477085E+05   7.70167862E+06   0.29952699      
  45               8.15498567E-02   1.86129271E+00   536.95766083     9.82606351E-05   2.51073266E+19   2.11596826E+06   2.08934628E+05   7.62117690E+06   0.29941626      
  46               9.64791575E-02   2.13285707E+00   558.21773675     1.08308614E-04   2.76747662E+19   2.08615758E+06   2.38745328E+05   7.53793317E+06   0.29923937      
  47               1.14141560E-01   2.44169141E+00   582.38942139     1.18845316E-04   3.03670872E+19   2.05849143E+06   2.66411469E+05   7.45185302E+06   0.29914252      
  48               1.35037411E-01   2.79224184E+00   605.06349552     1.30814745E-04   3.34255005E+19   2.03157511E+06   2.93327798E+05   7.36294700E+06   0.29891182      
  49               1.59758657E-01   3.18903843E+00   630.78044101     1.43313099E-04   3.66190753E+19   2.00158752E+06   3.23315373E+05   7.27130457E+06   0.29874029      
  50               1.89005613E-01   3.63723952E+00   654.79025338     1.57461265E-04   4.02342152E+19   1.96906424E+06   3.55838675E+05   7.17695431E+06   0.29840605      
  51               2.23606798E-01   4.14367969E+00   682.04823925     1.72216450E-04   4.40044831E+19   1.93184036E+06   3.93062530E+05   7.07970109E+06   0.29820701      
  52               2.64542408E-01   4.71571649E+00   707.51059617     1.88937332E-04   4.82770338E+19   1.89195794E+06   4.32944986E+05   6.97941799E+06   0.29778312      
  53               3.12972084E-01   5.36079122E+00   736.41083139     2.06353155E-04   5.27271825E+19   1.84886712E+06   4.76035778E+05   6.87610722E+06   0.29749402      
  54               3.70267763E-01   6.08646476E+00   763.30949283     2.26030105E-04   5.77550931E+19   1.80741957E+06   5.17483364E+05   6.76985143E+06   0.29687809      
  55               4.38052539E-01   6.90159469E+00   793.76871986     2.46466283E-04   6.29769045E+19   1.76945037E+06   5.55452554E+05   6.66064074E+06   0.29647702      
  56               5.18246648E-01   7.81747636E+00   822.10695529     2.69550293E-04   6.88753936E+19   1.74029705E+06   5.84605863E+05   6.54827323E+06   0.29567565      
  57               6.13121862E-01   8.84808915E+00   854.27472270     2.93599514E-04   7.50201233E+19   1.72304795E+06   6.01855001E+05   6.43242263E+06   0.29516751      
  58               7.25365844E-01   1.00067912E+01   884.25753662     3.20790429E-04   8.19675414E+19   1.71961584E+06   6.05287057E+05   6.31302827E+06   0.2941478       
  59               8.58158289E-01   1.13058145E+01   918.14319523     3.49056967E-04   8.91902286E+19   1.73342970E+06   5.91473273E+05   6.19026792E+06   0.2935232       
  60               1.01526100E+00   1.27563287E+01   949.56630047     3.80807181E-04   9.73030035E+19   1.76383931E+06   5.61063625E+05   6.06445615E+06   0.29230127      
  61               1.20112443E+00   1.43714123E+01   984.84437975     4.13653773E-04   1.05695787E+20   1.81248716E+06   5.12415804E+05   5.93577230E+06   0.29159149      
  62               1.42101382E+00   1.61679653E+01   1017.51025870    4.50425949E-04   1.15091277E+20   1.87800423E+06   4.46898793E+05   5.80415589E+06   0.29016527      
  63               1.68115827E+00   1.81679233E+01   1054.16405167    4.88550217E-04   1.24831136E+20   1.95951010E+06   3.65392854E+05   5.66933566E+06   0.2893193       
  64               1.98892727E+00   2.03916384E+01   1088.18140330    5.31215869E-04   1.35730254E+20   2.05406176E+06   2.70841460E+05   5.53130058E+06   0.28771632      
  65               2.35303941E+00   2.28597985E+01   1126.19312173    5.75412254E-04   1.47023030E+20   2.15582242E+06   1.69080638E+05   5.39012866E+06   0.2867608       
  66               2.78380943E+00   2.55947093E+01   1161.45949231    6.24690903E-04   1.59614364E+20   2.25700255E+06   6.79012966E+04   5.24587693E+06   0.28508084      
  67               3.29344035E+00   2.86198963E+01   1200.70283576    6.75695562E-04   1.72646731E+20   2.32488657E+06   0.00000000E+00   5.09863071E+06   0.28415975      
  68               3.89636920E+00   3.19637219E+01   1236.08193694    7.33041842E-04   1.87299200E+20   2.32490286E+06   0.00000000E+00   4.94838442E+06   0.28255093      
  69               4.60967600E+00   3.56718031E+01   1272.80243688    7.94481991E-04   2.02997133E+20   2.32490291E+06   0.00000000E+00   4.79473077E+06   0.28165533      
  70               5.45356761E+00   3.97849460E+01   1307.40336970    8.62646672E-04   2.20411887E+20   2.32490287E+06   0.00000000E+00   4.63761658E+06   0.28004884      
  71               6.45195012E+00   4.43383687E+01   1344.28117273    9.35019855E-04   2.38899606E+20   2.32490289E+06   0.00000000E+00   4.47728784E+06   0.27911262      
  72               7.63310614E+00   4.93608386E+01   1379.82925854    1.01414451E-03   2.59109311E+20   2.32490287E+06   0.00000000E+00   4.31418650E+06   0.27750369      
  73               9.03049593E+00   5.48874686E+01   1418.10943011    1.09728831E-03   2.80342729E+20   2.32490285E+06   0.00000000E+00   4.14851380E+06   0.27650076      
  74               1.06837053E+01   6.09588356E+01   1455.57181890    1.18733347E-03   3.03339428E+20   2.32490290E+06   0.00000000E+00   3.98030806E+06   0.27479826      
  75               1.26395671E+01   6.76374643E+01   1496.07291016    1.28177676E-03   3.27461614E+20   2.32490284E+06   0.00000000E+00   3.80911103E+06   0.27369681      
  76               1.49534878E+01   7.49925633E+01   1536.02659972    1.38419101E-03   3.53626906E+20   2.32490295E+06   0.00000000E+00   3.63449428E+06   0.27194103      
  77               1.76910170E+01   8.30718151E+01   1579.21218295    1.49136523E-03   3.81012351E+20   2.32486528E+06   0.00000000E+00   3.45667317E+06   0.27079483      
  78               2.09297047E+01   9.18894672E+01   1621.96082782    1.60619618E-03   4.10346952E+20   2.27712078E+06   4.77830335E+04   3.27651003E+06   0.26900102      
  79               2.47612977E+01   1.01432676E+02   1666.36211584    1.72569109E-03   4.40894154E+20   2.18427507E+06   1.40628626E+05   3.09524413E+06   0.26784507      
  80               2.92943389E+01   1.11642373E+02   1708.79607229    1.85308080E-03   4.73221710E+20   2.06294474E+06   2.61958932E+05   2.91467907E+06   0.26605665      
  81               3.46572422E+01   1.22504835E+02   1752.18306628    1.98299403E-03   5.06406874E+20   1.93468505E+06   3.90222039E+05   2.73548517E+06   0.26496326      
  82               4.10019301E+01   1.34009374E+02   1793.50856701    2.11921435E-03   5.41199718E+20   1.78560569E+06   5.39297885E+05   2.55801570E+06   0.2632066       
  83               4.85081376E+01   1.46062507E+02   1835.20533368    2.25734434E-03   5.76474268E+20   1.66334689E+06   6.61573842E+05   2.38374839E+06   0.26218495      
  84               5.73885036E+01   1.59020555E+02   1875.80872288    2.40454024E-03   6.14031360E+20   1.53475011E+06   7.90160616E+05   2.20786379E+06   0.26042748      
  85               6.78945948E+01   1.72444240E+02   1916.30258903    2.55291226E-03   6.51794132E+20   1.38033164E+06   9.44595113E+05   2.03652927E+06   0.25945204      
  86               8.03240320E+01   1.86021660E+02   1953.70913464    2.70201964E-03   6.89651122E+20   1.24997576E+06   1.07494554E+06   1.87305007E+06   0.2577733       
  87               9.50289215E+01   2.00625067E+02   1992.54993284    2.86061132E-03   7.29292625E+20   1.12678038E+06   1.19815275E+06   1.70693210E+06   0.25685         
  88               1.12425830E+02   2.14963171E+02   2027.63714734    3.01218443E-03   7.67891147E+20   9.69601794E+05   1.35541088E+06   1.55246800E+06   0.25522143      
  89               1.33007583E+02   2.28462529E+02   2059.73483899    3.15136468E-03   8.03395704E+20   8.73333587E+05   1.45160811E+06   1.41391257E+06   0.25453063      
  90               1.57357229E+02   2.43432515E+02   2092.85240301    3.30462211E-03   8.42492077E+20   8.25066546E+05   1.49995263E+06   1.26721880E+06   0.25281146      
  91               1.86164557E+02   2.60014054E+02   2128.21127290    3.47091412E-03   8.84927973E+20   7.35083489E+05   1.58984571E+06   1.11239328E+06   0.25211623      
  92               2.20245630E+02   2.74609629E+02   2157.41484114    3.61707436E-03   9.21951212E+20   6.02649962E+05   1.72299226E+06   9.82124932E+05   0.25071993      
  93               2.60565913E+02   2.86565209E+02   2180.72954509    3.73411056E-03   9.51803934E+20   5.30046100E+05   1.79489858E+06   8.79252602E+05   0.25003136      
  94               3.08267614E+02   3.00132563E+02   2205.89186130    3.86618988E-03   9.85495710E+20   5.07116663E+05   1.81850469E+06   7.66335376E+05   0.24868327      
  95               3.64702046E+02   3.15492879E+02   2233.51228179    4.01368122E-03   1.02312113E+21   4.84295378E+05   1.84065278E+06   6.43028468E+05   0.24780299      
  96               4.31467909E+02   3.32794078E+02   2263.08716192    4.17832693E-03   1.06512394E+21   4.58303146E+05   1.86777214E+06   5.09429252E+05   0.2461779       
  97               5.10456573E+02   3.52239351E+02   2294.91999474    4.36079335E-03   1.11172190E+21   3.99775247E+05   1.92519639E+06   3.65373551E+05   0.24528599      
  98               6.03905660E+02   3.67241754E+02   2318.42875894    4.50434881E-03   1.14731887E+21   3.17039999E+05   2.00834938E+06   2.58316091E+05   0.24423224      
  99               7.14462436E+02   3.78235430E+02   2335.17952702    4.60579600E-03   1.17318843E+21   2.76059599E+05   2.04904606E+06   1.81989702E+05   0.24352168      
  100              8.45258798E+02   3.90900110E+02   2353.94625794    4.72241164E-03   1.20280462E+21   2.65470446E+05   2.06410012E+06   9.61131329E+04   0.24204374      
  101              1.00000000E+03   4.05453468E+02   2374.78814263    4.85509226E-03   1.23663629E+21   2.59767553E+05   2.06530947E+06   0.00000000E+00   0.24115094      
