# ATMO pressure-temperature profile
# Effective temperature = 450.0K
# log(g) = 3.0cm/s^2
# M/H = 0.0
# Optical depth grid in band 17 (1.20-1.33microns)
# All parameters in cgs units
#
# Model Level      Optical Depth    Pressure         Temperature      Density          Number Density   Rad Flux         Conv Flux        Radial Extension Adiabatic Gradient
#                                   [Ba]             [K]              [g/cm^3]         [/cm^3]          [ergs/s/cm^2/sr] [ergs/s/cm^2/sr] [cm]             [K/Ba]          
  1                1.00000000E-04   1.00000000E-05   65.59917039      4.31904199E-09   1.10414851E+15   2.32490286E+06   0.00000000E+00   2.78631530E+08   0.34573761      
  2                1.17489755E-04   9.71369847E-05   85.85810067      3.20545081E-08   8.19462682E+15   2.32490286E+06   0.00000000E+00   2.71225862E+08   0.34573759      
  3                1.38038426E-04   1.87738041E-04   100.54156615     5.28982230E-08   1.35248505E+16   2.32490286E+06   0.00000000E+00   2.69025632E+08   0.31479466      
  4                1.62181010E-04   2.87309572E-04   110.04309381     7.39730474E-08   1.89109411E+16   2.32490286E+06   0.00000000E+00   2.67433870E+08   0.3148092       
  5                1.90546072E-04   3.99376120E-04   119.71537368     9.45188392E-08   2.41633980E+16   2.32490286E+06   0.00000000E+00   2.66093638E+08   0.3178775       
  6                2.23872114E-04   5.26726823E-04   126.72753881     1.17760773E-07   3.01051139E+16   2.32490286E+06   0.00000000E+00   2.64886542E+08   0.32092332      
  7                2.63026799E-04   6.72099648E-04   135.23985991     1.40804056E-07   3.59960457E+16   2.32490286E+06   0.00000000E+00   2.63757591E+08   0.32379181      
  8                3.09029543E-04   8.38576550E-04   141.35400508     1.68081838E-07   4.29695133E+16   2.32490286E+06   0.00000000E+00   2.62675444E+08   0.32493171      
  9                3.63078055E-04   1.02969919E-03   149.40611738     1.95266678E-07   4.99192247E+16   2.32490286E+06   0.00000000E+00   2.61620480E+08   0.32580028      
  10               4.26579519E-04   1.24945215E-03   155.24482153     2.28028065E-07   5.82946027E+16   2.32490286E+06   0.00000000E+00   2.60579059E+08   0.32592913      
  11               5.01187234E-04   1.50245379E-03   163.32875102     2.60629553E-07   6.66291575E+16   2.32490286E+06   0.00000000E+00   2.59541250E+08   0.32560351      
  12               5.88843655E-04   1.79408788E-03   169.13738766     3.00520548E-07   7.68298410E+16   2.32490286E+06   0.00000000E+00   2.58499198E+08   0.32514552      
  13               6.91830971E-04   2.13055022E-03   177.26999288     3.40520226E-07   8.70527286E+16   2.32490286E+06   0.00000000E+00   2.57447411E+08   0.32406114      
  14               8.12830516E-04   2.51880865E-03   183.19443164     3.89513670E-07   9.95883982E+16   2.32490286E+06   0.00000000E+00   2.56381335E+08   0.32323342      
  15               9.54992586E-04   2.96677784E-03   191.61154573     4.38404387E-07   1.12147395E+17   2.32490286E+06   0.00000000E+00   2.55297285E+08   0.32167504      
  16               1.12201845E-03   3.48323132E-03   198.07816823     4.98235613E-07   1.27371289E+17   2.32490286E+06   0.00000000E+00   2.54192249E+08   0.32062788      
  17               1.31825674E-03   4.07888471E-03   206.74178974     5.58987667E-07   1.42902227E+17   2.32490286E+06   0.00000000E+00   2.53063558E+08   0.31885463      
  18               1.54881662E-03   4.76613408E-03   213.28420497     6.33135424E-07   1.61857713E+17   2.32490286E+06   0.00000000E+00   2.51908337E+08   0.31769399      
  19               1.81970086E-03   5.55919735E-03   221.89911834     7.09815673E-07   1.81460605E+17   2.32490286E+06   0.00000000E+00   2.50725332E+08   0.31585642      
  20               2.13796209E-03   6.47431141E-03   228.34735573     8.03316465E-07   2.05363585E+17   2.32490286E+06   0.00000000E+00   2.49513453E+08   0.31470084      
  21               2.51188643E-03   7.53065752E-03   236.63872254     9.01646201E-07   2.30501059E+17   2.32490286E+06   0.00000000E+00   2.48272244E+08   0.31300266      
  22               2.95120923E-03   8.75050134E-03   242.74275246     1.02135269E-06   2.61103386E+17   2.32490286E+06   0.00000000E+00   2.47001090E+08   0.3119579       
  23               3.46736850E-03   1.01596814E-02   250.80610893     1.14770707E-06   2.93405209E+17   2.32490286E+06   0.00000000E+00   2.45699533E+08   0.31046432      
  24               4.07380278E-03   1.17874493E-02   256.94651902     1.29976900E-06   3.32279033E+17   2.32490286E+06   0.00000000E+00   2.44366798E+08   0.3095652       
  25               4.78630092E-03   1.36676184E-02   265.20010745     1.46018616E-06   3.73288825E+17   2.32490286E+06   0.00000000E+00   2.43002027E+08   0.30831859      
  26               5.62341325E-03   1.58387618E-02   271.65879233     1.65191061E-06   4.22302158E+17   2.32490286E+06   0.00000000E+00   2.41604079E+08   0.30757416      
  27               6.60693448E-03   1.83452937E-02   280.29678523     1.85436677E-06   4.74058996E+17   2.32490286E+06   0.00000000E+00   2.40171950E+08   0.30652844      
  28               7.76247117E-03   2.12376716E-02   287.22780320     2.09492997E-06   5.35557696E+17   2.32490286E+06   0.00000000E+00   2.38704469E+08   0.30593801      
  29               9.12010839E-03   2.45744068E-02   296.30779332     2.34979003E-06   6.00711311E+17   2.32490286E+06   0.00000000E+00   2.37200557E+08   0.30506635      
  30               1.07151931E-02   2.84227193E-02   303.68626412     2.65173161E-06   6.77901065E+17   2.32490286E+06   0.00000000E+00   2.35658888E+08   0.30448921      
  31               1.25892541E-02   3.28602871E-02   313.19794828     2.97263466E-06   7.59938217E+17   2.32490286E+06   0.00000000E+00   2.34078334E+08   0.3037288       
  32               1.47910839E-02   3.79747859E-02   321.16615378     3.35007601E-06   8.56429076E+17   2.32490286E+06   0.00000000E+00   2.32457625E+08   0.30324332      
  33               1.73780083E-02   4.38656667E-02   331.48089572     3.74934436E-06   9.58499897E+17   2.32490286E+06   0.00000000E+00   2.30795456E+08   0.30266034      
  34               2.04173794E-02   5.06437315E-02   340.56259341     4.21325620E-06   1.07709645E+18   2.32490286E+06   0.00000000E+00   2.29090084E+08   0.30229297      
  35               2.39883292E-02   5.84359403E-02   352.16285768     4.70138268E-06   1.20188337E+18   2.32490286E+06   0.00000000E+00   2.27339275E+08   0.30183807      
  36               2.81838293E-02   6.73878429E-02   362.63995556     5.26495993E-06   1.34595872E+18   2.32490286E+06   0.00000000E+00   2.25539969E+08   0.30151508      
  37               3.31131121E-02   7.76633803E-02   375.81402499     5.85507259E-06   1.49681851E+18   2.32490286E+06   0.00000000E+00   2.23689248E+08   0.30112673      
  38               3.89045145E-02   8.94394577E-02   388.42117872     6.52408969E-06   1.66783120E+18   2.32490286E+06   0.00000000E+00   2.21783891E+08   0.30085087      
  39               4.57088190E-02   1.02897203E-01   405.11297218     7.19649587E-06   1.83972648E+18   2.32157331E+06   3.32955083E+03   2.19819844E+08   0.30054017      
  40               5.37031796E-02   1.18216520E-01   422.38956454     7.92973415E-06   2.02717307E+18   2.30287919E+06   2.20236754E+04   2.17791930E+08   0.30031787      
  41               6.30957344E-02   1.35643415E-01   440.16271556     8.73130261E-06   2.23208794E+18   2.26952968E+06   5.53731853E+04   2.15697571E+08   0.30009296      
  42               7.41310241E-02   1.55459978E-01   458.57149319     9.60516949E-06   2.45548558E+18   2.21989766E+06   1.05005202E+05   2.13533675E+08   0.2999434       
  43               8.70963590E-02   1.77968951E-01   477.51956977     1.05596098E-05   2.69947248E+18   2.15323133E+06   1.71671537E+05   2.11298662E+08   0.29981484      
  44               1.02329299E-01   2.03494208E-01   497.12614511     1.15988249E-05   2.96490846E+18   2.07261944E+06   2.52283427E+05   2.08992194E+08   0.29969961      
  45               1.20226443E-01   2.32409244E-01   517.28567466     1.27306581E-05   3.25423406E+18   1.98535086E+06   3.39552008E+05   2.06612664E+08   0.29956551      
  46               1.41253754E-01   2.65149815E-01   538.14575281     1.39610622E-05   3.56875924E+18   1.89277313E+06   4.32129738E+05   2.04156815E+08   0.29945389      
  47               1.65958691E-01   3.02211235E-01   559.61181356     1.53020555E-05   3.91155617E+18   1.79641844E+06   5.28484424E+05   2.01621173E+08   0.29934582      
  48               1.94984460E-01   3.44124724E-01   581.82824627     1.67589210E-05   4.28397486E+18   1.69752422E+06   6.27378642E+05   1.99003859E+08   0.29923479      
  49               2.29086765E-01   3.91458584E-01   604.66530182     1.83440297E-05   4.68917686E+18   1.59875750E+06   7.26145368E+05   1.96304246E+08   0.29908101      
  50               2.69153480E-01   4.44828176E-01   628.25631563     2.00621975E-05   5.12839260E+18   1.50567085E+06   8.19232012E+05   1.93522245E+08   0.29891434      
  51               3.16227766E-01   5.04998497E-01   652.49590742     2.19297965E-05   5.60580689E+18   1.42442758E+06   9.00475287E+05   1.90653606E+08   0.2987095       
  52               3.71535229E-01   5.72849864E-01   677.56527724     2.39558370E-05   6.12372264E+18   1.35726275E+06   9.67640114E+05   1.87693307E+08   0.29849619      
  53               4.36515832E-01   6.49288297E-01   703.33025885     2.61576953E-05   6.68658104E+18   1.30327742E+06   1.02162544E+06   1.84639748E+08   0.29821926      
  54               5.12861384E-01   7.35244608E-01   729.92248811     2.85414512E-05   7.29593479E+18   1.26062860E+06   1.06427426E+06   1.81493883E+08   0.29789526      
  55               6.02559586E-01   8.31677234E-01   757.16301085     3.11233635E-05   7.95593568E+18   1.22828899E+06   1.09661388E+06   1.78258373E+08   0.2974683       
  56               7.07945784E-01   9.39749899E-01   785.20337975     3.39120114E-05   8.66873979E+18   1.20766499E+06   1.11723788E+06   1.74931806E+08   0.29703015      
  57               8.31763771E-01   1.06102020E+00   813.96726768     3.69353891E-05   9.44153374E+18   1.19948174E+06   1.12542113E+06   1.71505257E+08   0.29651183      
  58               9.77237221E-01   1.19705157E+00   843.61957456     4.02061066E-05   1.02776081E+19   1.20342902E+06   1.12147385E+06   1.67975281E+08   0.29597785      
  59               1.14815362E+00   1.34937913E+00   873.99897399     4.37470546E-05   1.11827574E+19   1.21899560E+06   1.10590726E+06   1.64343179E+08   0.29529172      
  60               1.34896288E+00   1.51950046E+00   905.18232880     4.75653576E-05   1.21587970E+19   1.24640230E+06   1.07850057E+06   1.60613778E+08   0.29455493      
  61               1.58489319E+00   1.70887391E+00   936.97037915     5.16786596E-05   1.32102184E+19   1.28619592E+06   1.03870694E+06   1.56794175E+08   0.29364682      
  62               1.86208714E+00   1.91954392E+00   969.48476043     5.61031678E-05   1.43411146E+19   1.33958294E+06   9.85319927E+05   1.52881680E+08   0.29275018      
  63               2.18776162E+00   2.15396778E+00   1002.66604435    6.08729563E-05   1.55599692E+19   1.40634883E+06   9.18554033E+05   1.48870271E+08   0.29170017      
  64               2.57039578E+00   2.41464115E+00   1036.59873539    6.60058067E-05   1.68720465E+19   1.48580151E+06   8.39101354E+05   1.44757889E+08   0.29065686      
  65               3.01995172E+00   2.70414647E+00   1071.20099619    7.15315348E-05   1.82845840E+19   1.57387659E+06   7.51026276E+05   1.40544643E+08   0.28940368      
  66               3.54813389E+00   3.02511792E+00   1106.47252335    7.74706514E-05   1.98028416E+19   1.66774987E+06   6.57152991E+05   1.36232938E+08   0.2881686       
  67               4.16869383E+00   3.38032681E+00   1142.35996423    8.38469778E-05   2.14329305E+19   1.76452521E+06   5.60377651E+05   1.31825648E+08   0.28674054      
  68               4.89778819E+00   3.77348664E+00   1178.87588910    9.06987629E-05   2.31846514E+19   1.86351167E+06   4.61391194E+05   1.27317223E+08   0.28537915      
  69               5.75439937E+00   4.20926356E+00   1216.14336798    9.80712517E-05   2.50695872E+19   1.96008233E+06   3.64820536E+05   1.22696683E+08   0.28385708      
  70               6.76082975E+00   4.69238347E+00   1254.10957770    1.06015988E-04   2.71009086E+19   2.04892064E+06   2.75982223E+05   1.17958645E+08   0.28243854      
  71               7.94328235E+00   5.22757747E+00   1292.88754115    1.14563466E-04   2.92863715E+19   2.12316027E+06   2.01742798E+05   1.13102377E+08   0.28100254      
  72               9.33254301E+00   5.81965216E+00   1332.32534358    1.23762111E-04   3.16382591E+19   2.17827007E+06   1.46633429E+05   1.08130050E+08   0.27951911      
  73               1.09647820E+01   6.47380721E+00   1372.51389453    1.33641501E-04   3.41640109E+19   2.21464450E+06   1.10258428E+05   1.03043582E+08   0.27813482      
  74               1.28824955E+01   7.19726959E+00   1413.42912868    1.44275463E-04   3.68824339E+19   2.24005558E+06   8.48480316E+04   9.78334438E+07   0.27661707      
  75               1.51356125E+01   8.00317591E+00   1455.43875058    1.55800116E-04   3.98285292E+19   2.26693970E+06   5.79631835E+04   9.24581154E+07   0.2751172       
  76               1.77827941E+01   8.90959178E+00   1498.90698613    1.68414403E-04   4.30535494E+19   2.29605645E+06   2.88464121E+04   8.68624010E+07   0.27348948      
  77               2.08929613E+01   9.93711593E+00   1544.19239737    1.82325297E-04   4.66106099E+19   2.31579006E+06   9.11334781E+03   8.09985618E+07   0.27193559      
  78               2.45470892E+01   1.11002985E+01   1591.24936294    1.97649180E-04   5.05268534E+19   2.29552054E+06   2.93823137E+04   7.48710488E+07   0.2702702       
  79               2.88403150E+01   1.23897718E+01   1639.05717941    2.14251216E-04   5.47513766E+19   2.21595672E+06   1.08946133E+05   6.86043899E+07   0.26867167      
  80               3.38844156E+01   1.37818712E+01   1686.49979924    2.31624909E-04   5.91899173E+19   2.07314245E+06   2.51760388E+05   6.23552592E+07   0.26695501      
  81               3.98107171E+01   1.52342319E+01   1732.02952868    2.49324900E-04   6.37075804E+19   1.88885931E+06   4.36043531E+05   5.63115501E+07   0.26530449      
  82               4.67735141E+01   1.67044751E+01   1774.78522616    2.66879766E-04   6.81730724E+19   1.67624963E+06   6.48653207E+05   5.06117669E+07   0.26378868      
  83               5.49540874E+01   1.81203406E+01   1813.13737960    2.83515349E-04   7.23871511E+19   1.43197555E+06   8.92927299E+05   4.54643704E+07   0.26246233      
  84               6.45654229E+01   1.93963549E+01   1845.76465959    2.98400541E-04   7.61148920E+19   1.20674425E+06   1.11823025E+06   4.10771243E+07   0.26135687      
  85               7.58577575E+01   2.05237548E+01   1873.12893488    3.11129466E-04   7.93624348E+19   1.08698882E+06   1.23791403E+06   3.73770717E+07   0.26038035      
  86               8.91250938E+01   2.17666312E+01   1902.01484076    3.24949799E-04   8.28901944E+19   9.75609174E+05   1.34929367E+06   3.34682173E+07   0.25934739      
  87               1.04712855E+02   2.27774432E+01   1924.43259748    3.36168868E-04   8.57290688E+19   8.08770935E+05   1.51613197E+06   3.04097657E+07   0.25851717      
  88               1.23026877E+02   2.35322280E+01   1940.75352077    3.44379526E-04   8.78250700E+19   7.14408916E+05   1.61049403E+06   2.81914362E+07   0.25788448      
  89               1.44543977E+02   2.43693128E+01   1958.25222299    3.53435855E-04   9.01364593E+19   6.85442664E+05   1.63946023E+06   2.57920747E+07   0.25717735      
  90               1.69824365E+02   2.53061538E+01   1977.36902087    3.63468699E-04   9.26966965E+19   6.58701598E+05   1.66652918E+06   2.31782457E+07   0.25640287      
  91               1.99526231E+02   2.63584515E+01   1998.04838468    3.74643029E-04   9.55519891E+19   5.84779361E+05   1.74012352E+06   2.03265943E+07   0.25553996      
  92               2.34422882E+02   2.71071414E+01   2012.41505650    3.82870715E-04   9.75645404E+19   4.76912946E+05   1.84799041E+06   1.83495239E+07   0.25490519      
  93               2.75422870E+02   2.76160880E+01   2021.92889262    3.88213800E-04   9.89286583E+19   4.22725358E+05   1.90217883E+06   1.70294118E+07   0.25445991      
  94               3.23593657E+02   2.81851163E+01   2032.48399822    3.94143194E-04   1.00442737E+20   4.08815676E+05   1.91608909E+06   1.55747177E+07   0.25399096      
  95               3.80189396E+02   2.88198480E+01   2043.95922708    4.00741219E-04   1.02128110E+20   3.95777553E+05   1.92912687E+06   1.39776203E+07   0.25345734      
  96               4.46683592E+02   2.95326524E+01   2056.68572360    4.08099435E-04   1.04006471E+20   3.84455991E+05   1.94044712E+06   1.22150130E+07   0.25286313      
  97               5.24807460E+02   3.03421171E+01   2070.73631663    4.16430601E-04   1.06132140E+20   3.73121010E+05   1.95252999E+06   1.02514554E+07   0.25219216      
  98               6.16595002E+02   3.12644417E+01   2086.45615914    4.25844824E-04   1.08534361E+20   3.61616039E+05   1.96677552E+06   8.06123955E+06   0.25144341      
  99               7.24435960E+02   3.23123936E+01   2103.75458579    4.36486276E-04   1.11249968E+20   3.49120387E+05   1.98004709E+06   5.63054446E+06   0.2506088       
  100              8.51138038E+02   3.34996443E+01   2122.87746155    4.48431417E-04   1.14298652E+20   3.36150678E+05   1.99270678E+06   2.94699710E+06   0.24969914      
  101              1.00000000E+03   3.48407705E+01   2143.70447335    4.61832248E-04   1.17719572E+20   3.28706602E+05   1.99667807E+06   0.00000000E+00   0.2487145       
