# ATMO pressure-temperature profile
# Effective temperature = 900.0K
# log(g) = 5.5cm/s^2
# M/H = 0.0
# Optical depth grid in band 17 (1.20-1.33microns)
# All parameters in cgs units
#
# Model Level      Optical Depth    Pressure         Temperature      Density          Number Density   Rad Flux         Conv Flux        Radial Extension Adiabatic Gradient
#                                   [Ba]             [K]              [g/cm^3]         [/cm^3]          [ergs/s/cm^2/sr] [ergs/s/cm^2/sr] [cm]             [K/Ba]          
  1                8.00000000E-07   1.00000000E-05   220.91071643     1.28278329E-09   3.27875568E+14   3.72000057E+07   0.00000000E+00   1.63462598E+06   0.31232634      
  2                9.86413681E-07   8.80272821E-05   249.92114883     9.98123694E-09   2.55117426E+15   3.72000057E+07   0.00000000E+00   1.56566910E+06   0.30708216      
  3                1.21626494E-06   1.79855089E-04   268.33436161     1.89940039E-08   4.85481049E+15   3.72000057E+07   0.00000000E+00   1.54457923E+06   0.30577886      
  4                1.49967547E-06   2.90631125E-04   272.41988511     3.02324542E-08   7.72732461E+15   3.72000057E+07   0.00000000E+00   1.52996080E+06   0.30604062      
  5                1.84912550E-06   4.25185219E-04   284.15908314     4.24020351E-08   1.08378330E+16   3.72000057E+07   0.00000000E+00   1.51807668E+06   0.30538977      
  6                2.28000336E-06   5.88961338E-04   285.92808188     5.83713945E-08   1.49195531E+16   3.72000057E+07   0.00000000E+00   1.50766653E+06   0.30482416      
  7                2.81128314E-06   7.88700761E-04   295.86373780     7.55423709E-08   1.93084032E+16   3.72000057E+07   0.00000000E+00   1.49815460E+06   0.30437671      
  8                3.46636019E-06   1.03233547E-03   297.41845092     9.83610237E-08   2.51407819E+16   3.72000057E+07   0.00000000E+00   1.48921677E+06   0.30396865      
  9                4.27408139E-06   1.32968785E-03   306.91731720     1.22771737E-07   3.13800872E+16   3.72000057E+07   0.00000000E+00   1.48065998E+06   0.30362786      
  10               5.27001545E-06   1.69254092E-03   308.54779111     1.55448609E-07   3.97321966E+16   3.72000057E+07   0.00000000E+00   1.47235405E+06   0.30329852      
  11               6.49801917E-06   2.13546293E-03   317.88907347     1.90364754E-07   4.86566579E+16   3.72000057E+07   0.00000000E+00   1.46421188E+06   0.30300868      
  12               8.01216876E-06   2.67604952E-03   319.53640793     2.37325231E-07   6.06596131E+16   3.72000057E+07   0.00000000E+00   1.45616921E+06   0.30272178      
  13               9.87914110E-06   3.33593464E-03   328.82286538     2.87491913E-07   7.34820669E+16   3.72000057E+07   0.00000000E+00   1.44818037E+06   0.30246912      
  14               1.21811499E-05   4.14126855E-03   330.61604450     3.54960140E-07   9.07267404E+16   3.72000057E+07   0.00000000E+00   1.44020826E+06   0.30221911      
  15               1.50195662E-05   5.12403964E-03   340.07034651     4.26986217E-07   1.09136383E+17   3.72000057E+07   0.00000000E+00   1.43222545E+06   0.30199791      
  16               1.85193820E-05   6.32288060E-03   342.08744119     5.23778905E-07   1.33876297E+17   3.72000057E+07   0.00000000E+00   1.42420903E+06   0.30178725      
  17               2.28347147E-05   7.78516426E-03   351.86355972     6.26994348E-07   1.60257856E+17   3.72000057E+07   0.00000000E+00   1.41613992E+06   0.30158864      
  18               2.81555937E-05   9.56816022E-03   354.24755662     7.65405758E-07   1.95635388E+17   3.72000057E+07   0.00000000E+00   1.40800089E+06   0.30140223      
  19               3.47163285E-05   1.17414911E-02   364.51828737     9.12796921E-07   2.33308075E+17   3.72000057E+07   0.00000000E+00   1.39977859E+06   0.30122734      
  20               4.28058268E-05   1.43891347E-02   367.41862595     1.10979756E-06   2.83660817E+17   3.72000057E+07   0.00000000E+00   1.39145999E+06   0.3010657       
  21               5.27803164E-05   1.76135536E-02   378.23737054     1.31963176E-06   3.37293825E+17   3.72000057E+07   0.00000000E+00   1.38303434E+06   0.3009151       
  22               6.50790328E-05   2.15379897E-02   381.60500375     1.59941693E-06   4.08805701E+17   3.72000057E+07   0.00000000E+00   1.37449213E+06   0.30077313      
  23               8.02435604E-05   2.63121774E-02   392.87350677     1.89790552E-06   4.85098447E+17   3.72000057E+07   0.00000000E+00   1.36582688E+06   0.30059632      
  24               9.89416822E-05   3.21169071E-02   396.61432868     2.29475270E-06   5.86531249E+17   3.72000057E+07   0.00000000E+00   1.35703105E+06   0.30055673      
  25               1.21996786E-04   3.91712641E-02   408.36986324     2.71821854E-06   6.94767896E+17   3.72000057E+07   0.00000000E+00   1.34809908E+06   0.30043781      
  26               1.50424124E-04   4.77368561E-02   412.63580983     3.27837496E-06   8.37939644E+17   3.72000057E+07   0.00000000E+00   1.33902535E+06   0.30028719      
  27               1.85475517E-04   5.81282116E-02   425.27064033     3.87340770E-06   9.90027823E+17   3.72000057E+07   0.00000000E+00   1.32980396E+06   0.30019987      
  28               2.28694484E-04   7.07247812E-02   430.42105959     4.65639475E-06   1.19015614E+18   3.72000057E+07   0.00000000E+00   1.32042443E+06   0.30015431      
  29               2.81984210E-04   8.59831907E-02   444.09874502     5.48662387E-06   1.40236108E+18   3.72000057E+07   0.00000000E+00   1.31087821E+06   0.30007916      
  30               3.47691354E-04   1.04443195E-01   450.33522309     6.57243736E-06   1.67984832E+18   3.72000057E+07   0.00000000E+00   1.30115704E+06   0.29996212      
  31               4.28709385E-04   1.26753146E-01   465.27633376     7.72023014E-06   1.97321144E+18   3.72000057E+07   0.00000000E+00   1.29125281E+06   0.2998574       
  32               5.28606003E-04   1.53663601E-01   473.39029165     9.19891764E-06   2.35113464E+18   3.72000057E+07   0.00000000E+00   1.28115475E+06   0.29977788      
  33               6.51780242E-04   1.86080381E-01   489.47184106     1.07735224E-05   2.75358644E+18   3.72000057E+07   0.00000000E+00   1.27085747E+06   0.29972759      
  34               8.03656185E-04   2.25089986E-01   497.90422991     1.28113585E-05   3.27443368E+18   3.72000057E+07   0.00000000E+00   1.26035733E+06   0.29968946      
  35               9.90921819E-04   2.71969971E-01   515.24826046     1.49584934E-05   3.82322855E+18   3.72000057E+07   0.00000000E+00   1.24964840E+06   0.29963597      
  36               1.22182355E-03   3.28224345E-01   525.18778054     1.77119176E-05   4.52670317E+18   3.72000058E+07   0.00000000E+00   1.23871934E+06   0.29954796      
  37               1.50652933E-03   3.95658506E-01   544.12608108     2.06077191E-05   5.26679971E+18   3.72000057E+07   0.00000000E+00   1.22755759E+06   0.29946885      
  38               1.85757643E-03   4.76369064E-01   555.92600514     2.42848489E-05   6.20658061E+18   3.72000058E+07   0.00000000E+00   1.21614858E+06   0.29940948      
  39               2.29042351E-03   5.72862729E-01   576.87846574     2.81432662E-05   7.19270220E+18   3.72000057E+07   0.00000000E+00   1.20447662E+06   0.29934542      
  40               2.82413135E-03   6.87990357E-01   590.89942913     3.29971801E-05   8.43324311E+18   3.72000058E+07   0.00000000E+00   1.19252976E+06   0.29924003      
  41               3.48220225E-03   8.25047277E-01   614.12743980     3.80739267E-05   9.73074681E+18   3.72000057E+07   0.00000000E+00   1.18030195E+06   0.29910871      
  42               4.29361493E-03   9.87782412E-01   630.83787882     4.43762461E-05   1.13414705E+19   3.72000058E+07   0.00000000E+00   1.16778230E+06   0.29897144      
  43               5.29410063E-03   1.18087678E+00   656.87286486     5.09482781E-05   1.30211427E+19   3.72000057E+07   0.00000000E+00   1.15494039E+06   0.29882647      
  44               6.52771662E-03   1.40948198E+00   676.90067387     5.90120140E-05   1.50820515E+19   3.72000058E+07   0.00000000E+00   1.14175627E+06   0.29858952      
  45               8.04878622E-03   1.67930651E+00   706.15327656     6.73963047E-05   1.72249048E+19   3.72000057E+07   0.00000000E+00   1.12822641E+06   0.29830452      
  46               9.92429106E-03   1.99665076E+00   729.68325523     7.75483279E-05   1.98195398E+19   3.72000058E+07   0.00000000E+00   1.11434523E+06   0.29800052      
  47               1.22368206E-02   2.36908474E+00   762.27205634     8.80796005E-05   2.25110854E+19   3.72000058E+07   0.00000000E+00   1.10009488E+06   0.29765249      
  48               1.50882091E-02   2.80492605E+00   789.48414829     1.00689086E-04   2.57337952E+19   3.72000057E+07   0.00000000E+00   1.08545965E+06   0.29711456      
  49               1.86040198E-02   3.31418356E+00   825.55717485     1.13772152E-04   2.90773780E+19   3.72000059E+07   0.00000000E+00   1.07041339E+06   0.29649052      
  50               2.29390746E-02   3.90757059E+00   856.35901725     1.29318230E-04   3.30504058E+19   3.72000057E+07   0.00000000E+00   1.05494338E+06   0.29578931      
  51               2.82842712E-02   4.59827805E+00   895.68179817     1.45495625E-04   3.71849601E+19   3.72000059E+07   0.00000000E+00   1.03901985E+06   0.2950384       
  52               3.48749902E-02   5.39928817E+00   929.62107741     1.64603486E-04   4.20684378E+19   3.72000058E+07   0.00000000E+00   1.02265192E+06   0.2940736       
  53               4.30014593E-02   6.32474827E+00   971.66227545     1.84474944E-04   4.71469652E+19   3.72000059E+07   0.00000000E+00   1.00585732E+06   0.29303707      
  54               5.30215347E-02   7.39065248E+00   1008.12514731    2.07769055E-04   5.30999575E+19   3.72000058E+07   0.00000000E+00   9.88640246E+05   0.29179772      
  55               6.53764590E-02   8.61777290E+00   1052.34519943    2.32092547E-04   5.93147440E+19   3.72000059E+07   0.00000000E+00   9.70968994E+05   0.29055372      
  56               8.06102920E-02   1.00296368E+01   1090.67819138    2.60622733E-04   6.66061632E+19   3.72000057E+07   0.00000000E+00   9.52815671E+05   0.28909501      
  57               9.93938685E-02   1.16514620E+01   1136.32724257    2.90602747E-04   7.42681908E+19   3.72000061E+07   0.00000000E+00   9.34179868E+05   0.28765604      
  58               1.22554340E-01   1.35102333E+01   1175.86881119    3.25631074E-04   8.32204037E+19   3.72000055E+07   0.00000000E+00   9.15071956E+05   0.28597647      
  59               1.51111597E-01   1.56374755E+01   1222.54362574    3.62512665E-04   9.26463079E+19   3.72000061E+07   0.00000000E+00   8.95492865E+05   0.28437951      
  60               1.86323183E-01   1.80767547E+01   1262.75391088    4.05717252E-04   1.03687782E+20   3.72000050E+07   0.00000000E+00   8.75379337E+05   0.28256956      
  61               2.29739671E-01   2.08739718E+01   1309.81001652    4.51671823E-04   1.15431044E+20   3.72000061E+07   0.00000000E+00   8.54715876E+05   0.28093833      
  62               2.83272943E-01   2.40727520E+01   1349.80595369    5.05469294E-04   1.29175527E+20   3.72000048E+07   0.00000000E+00   8.33545634E+05   0.27914117      
  63               3.49280383E-01   2.77155252E+01   1396.69266995    5.62458643E-04   1.43730223E+20   3.72000051E+07   0.00000000E+00   8.11941322E+05   0.27759777      
  64               4.30668686E-01   3.18620743E+01   1436.27590516    6.28831847E-04   1.60680070E+20   3.72000052E+07   0.00000000E+00   7.89892988E+05   0.27583257      
  65               5.31021855E-01   3.66102665E+01   1483.45727308    6.99607545E-04   1.78753143E+20   3.72000039E+07   0.00000000E+00   7.67255064E+05   0.2742667       
  66               6.54759028E-01   4.20564008E+01   1523.47031604    7.82567394E-04   1.99951168E+20   3.72000041E+07   0.00000000E+00   7.43979398E+05   0.27249334      
  67               8.07329079E-01   4.82832039E+01   1572.04028867    8.70668830E-04   2.22463235E+20   3.72000032E+07   0.00000000E+00   7.20124231E+05   0.27094354      
  68               9.95450561E-01   5.53246689E+01   1614.01212963    9.71670369E-04   2.48277789E+20   3.72000020E+07   0.00000000E+00   6.95915117E+05   0.26912494      
  69               1.22740757E+00   6.31804036E+01   1665.67268071    1.07520651E-03   2.74737899E+20   3.72000020E+07   0.00000000E+00   6.71610600E+05   0.26750643      
  70               1.51341452E+00   7.18333261E+01   1711.86509839    1.18999568E-03   3.03936094E+20   3.72000020E+07   0.00000000E+00   6.47417896E+05   0.26557122      
  71               1.86606598E+00   8.12889351E+01   1769.26418650    1.30290686E-03   3.32785647E+20   3.72019850E+07   0.00000000E+00   6.23403842E+05   0.26379177      
  72               2.30089127E+00   9.14341576E+01   1824.19234952    1.42141020E-03   3.63047690E+20   3.49796659E+07   2.22028383E+06   5.99828913E+05   0.26177592      
  73               2.83703828E+00   1.02146097E+02   1878.27154691    1.54252489E-03   3.93902954E+20   3.17444561E+07   5.45689786E+06   5.76951725E+05   0.2602163       
  74               3.49811672E+00   1.13157917E+02   1928.23790602    1.66525815E-03   4.25059932E+20   2.77406026E+07   9.45994606E+06   5.55223926E+05   0.25840321      
  75               4.31323774E+00   1.23932522E+02   1974.48988520    1.78302936E-03   4.54628036E+20   2.35663660E+07   1.36314431E+07   5.35449012E+05   0.25709246      
  76               5.31829590E+00   1.34065234E+02   2014.14506494    1.89075750E-03   4.82115690E+20   2.04637879E+07   1.67375627E+07   5.17997642E+05   0.25543145      
  77               6.55754979E+00   1.45507930E+02   2057.11672715    2.00916793E-03   5.12334459E+20   1.76640833E+07   1.95360467E+07   4.99432294E+05   0.25432352      
  78               8.08557104E+00   1.55501140E+02   2091.57625340    2.11229142E-03   5.38500007E+20   1.43219692E+07   2.28848720E+07   4.84091791E+05   0.2527807       
  79               9.96964736E+00   1.63484348E+02   2118.59072893    2.19233792E-03   5.58926822E+20   1.23321782E+07   2.48702693E+07   4.72360459E+05   0.25184646      
  80               1.22927457E+01   1.72779856E+02   2147.82132892    2.28539607E-03   5.82667502E+20   1.15474147E+07   2.56415871E+07   4.59228216E+05   0.25041483      
  81               1.51571657E+01   1.83616702E+02   2181.10748807    2.39159257E-03   6.09762840E+20   1.08943783E+07   2.63082966E+07   4.44570074E+05   0.24975346      
  82               1.86890445E+01   1.96165651E+02   2217.00721127    2.51347963E-03   6.40887349E+20   9.39318555E+06   2.78099417E+07   4.28384559E+05   0.24869933      
  83               2.30439114E+01   2.05640759E+02   2243.42939363    2.60614408E-03   6.63930518E+20   7.38527752E+06   2.98705071E+07   4.16675910E+05   0.24837322      
  84               2.84135369E+01   2.12414250E+02   2261.26314995    2.67065568E-03   6.80390723E+20   6.37846585E+06   3.09018301E+07   4.08556869E+05   0.24736905      
  85               3.50343769E+01   2.20441243E+02   2282.33269637    2.74590630E-03   6.99583792E+20   6.13715712E+06   3.10598929E+07   3.99183381E+05   0.24695256      
  86               4.31979859E+01   2.29977567E+02   2306.06460115    2.83510391E-03   7.22336974E+20   5.84257601E+06   3.13542204E+07   3.88375169E+05   0.2457116       
  87               5.32638553E+01   2.41257197E+02   2333.50003687    2.93934921E-03   7.48855987E+20   5.55145904E+06   3.16450843E+07   3.76018559E+05   0.24499938      
  88               6.56752445E+01   2.54542232E+02   2364.12112177    3.06087574E-03   7.79858779E+20   5.22124541E+06   3.19750628E+07   3.62012541E+05   0.24349486      
  89               8.09786996E+01   2.70126865E+02   2398.61436398    3.20136162E-03   8.15705120E+20   4.90501723E+06   3.22910521E+07   3.46268839E+05   0.24258164      
  90               9.98481215E+01   2.88338953E+02   2436.71087789    3.36351160E-03   8.57087487E+20   4.55971206E+06   3.26361362E+07   3.28718053E+05   0.24064677      
  91               1.23114441E+02   3.09549623E+02   2478.55046571    3.54964986E-03   9.04603687E+20   4.22165016E+06   3.29739972E+07   3.09306246E+05   0.23945693      
  92               1.51802212E+02   3.34178013E+02   2524.33606277    3.76213653E-03   9.58862956E+20   3.86114517E+06   3.33343903E+07   2.87994108E+05   0.23690093      
  93               1.87174723E+02   3.62718710E+02   2573.39245920    4.00506517E-03   1.02091544E+21   3.52002238E+06   3.36754643E+07   2.64742997E+05   0.23543605      
  94               2.30789634E+02   3.95749327E+02   2626.86778370    4.28012431E-03   1.09120868E+21   3.17874581E+06   3.40167913E+07   2.39514857E+05   0.2328424       
  95               2.84567566E+02   4.33967110E+02   2683.12843092    4.59416342E-03   1.17149704E+21   2.84899070E+06   3.43466745E+07   2.12260504E+05   0.23063227      
  96               3.50876675E+02   4.78218794E+02   2744.08619175    4.94900528E-03   1.26227718E+21   2.53762712E+06   3.46583839E+07   1.82913087E+05   0.22827332      
  97               4.32636941E+02   5.29591940E+02   2807.91300183    5.35460430E-03   1.36610336E+21   2.23516855E+06   3.49612061E+07   1.51354602E+05   0.22585756      
  98               5.33448747E+02   5.89519385E+02   2876.88049513    5.81567387E-03   1.48423309E+21   1.97495862E+06   3.52216115E+07   1.17394784E+05   0.22335929      
  99               6.57751428E+02   6.59617272E+02   2949.04343468    6.34547668E-03   1.62008086E+21   1.75834571E+06   3.54383890E+07   8.09045529E+04   0.22080493      
  100              8.11018759E+02   7.41798131E+02   3026.60321611    6.94987833E-03   1.77523595E+21   1.58299045E+06   3.56135832E+07   4.17705125E+04   0.21796331      
  101              1.00000000E+03   8.38075841E+02   3107.04482018    7.64443548E-03   1.95371695E+21   1.49131326E+06   3.57048683E+07   0.00000000E+00   0.2149532       
