# ATMO pressure-temperature profile
# Effective temperature = 1700.0K
# log(g) = 3.0cm/s^2
# M/H = 0.0
# Optical depth grid in band 17 (1.20-1.33microns)
# All parameters in cgs units
#
# Model Level      Optical Depth    Pressure         Temperature      Density          Number Density   Rad Flux         Conv Flux        Radial Extension Adiabatic Gradient
#                                   [Ba]             [K]              [g/cm^3]         [/cm^3]          [ergs/s/cm^2/sr] [ergs/s/cm^2/sr] [cm]             [K/Ba]          
  1                1.00000000E-05   1.00000000E-05   422.93282578     6.70361853E-10   1.71259411E+14   4.73555831E+08   0.00000000E+00   6.88461241E+08   0.29801057      
  2                1.20226443E-05   1.62184525E-05   492.06367292     9.34476986E-10   2.38733820E+14   4.73555831E+08   0.00000000E+00   6.80604475E+08   0.29785191      
  3                1.44543977E-05   2.31016967E-05   530.12269419     1.23551369E-09   3.15640935E+14   4.73555831E+08   0.00000000E+00   6.74198500E+08   0.29761394      
  4                1.73780083E-05   3.10531300E-05   546.96962273     1.60961365E-09   4.11214115E+14   4.73555831E+08   0.00000000E+00   6.68560036E+08   0.2974255       
  5                2.08929613E-05   4.03496692E-05   570.25715685     2.00607056E-09   5.12501420E+14   4.73555831E+08   0.00000000E+00   6.63386500E+08   0.29716014      
  6                2.51188643E-05   5.12593267E-05   581.64852914     2.49854562E-09   6.38319487E+14   4.73555831E+08   0.00000000E+00   6.58513523E+08   0.29696678      
  7                3.01995172E-05   6.40915358E-05   601.74781843     3.01963161E-09   7.71457478E+14   4.73555831E+08   0.00000000E+00   6.53841758E+08   0.2966727       
  8                3.63078055E-05   7.91962331E-05   611.49212166     3.67180718E-09   9.38079183E+14   4.73555831E+08   0.00000000E+00   6.49305525E+08   0.29647177      
  9                4.36515832E-05   9.69939006E-05   630.04803758     4.36439803E-09   1.11505580E+15   4.73555832E+08   0.00000000E+00   6.44859610E+08   0.2966598       
  10               5.24807460E-05   1.17987184E-04   638.71362912     5.23698131E-09   1.33799500E+15   4.73555832E+08   0.00000000E+00   6.40468463E+08   0.29652191      
  11               6.30957344E-05   1.42780108E-04   656.35268380     6.16692725E-09   1.57563740E+15   4.73555832E+08   0.00000000E+00   6.36105788E+08   0.29629377      
  12               7.58577575E-05   1.72072625E-04   664.53439096     7.34057449E-09   1.87551335E+15   4.73555832E+08   0.00000000E+00   6.31752101E+08   0.29615172      
  13               9.12010839E-05   2.06693075E-04   681.92662192     8.59234794E-09   2.19540233E+15   4.73555832E+08   0.00000000E+00   6.27392850E+08   0.29590707      
  14               1.09647820E-04   2.47604969E-04   690.02163235     1.01722807E-08   2.59909701E+15   4.73555832E+08   0.00000000E+00   6.23016778E+08   0.29575607      
  15               1.31825674E-04   2.95946241E-04   707.47374189     1.18580885E-08   3.02990032E+15   4.73555832E+08   0.00000000E+00   6.18615269E+08   0.29549276      
  16               1.58489319E-04   3.53042382E-04   715.61035840     1.39849565E-08   3.57335419E+15   4.73555832E+08   0.00000000E+00   6.14181543E+08   0.29533205      
  17               1.90546072E-04   4.20456882E-04   733.20461325     1.62555043E-08   4.15357557E+15   4.73555832E+08   0.00000000E+00   6.09710357E+08   0.29504735      
  18               2.29086765E-04   5.00009612E-04   741.41649486     1.91169843E-08   4.88474558E+15   4.73555832E+08   0.00000000E+00   6.05197567E+08   0.29487332      
  19               2.75422870E-04   5.93839925E-04   759.22043700     2.21718075E-08   5.66535778E+15   4.73555832E+08   0.00000000E+00   6.00639999E+08   0.29456285      
  20               3.31131121E-04   7.04486556E-04   767.56461539     2.60169643E-08   6.64788662E+15   4.73555832E+08   0.00000000E+00   5.96033093E+08   0.29437287      
  21               3.98107171E-04   8.35011728E-04   785.64544206     3.01276778E-08   7.69824661E+15   4.73555832E+08   0.00000000E+00   5.91370971E+08   0.29403465      
  22               4.78630092E-04   9.88991141E-04   794.22769804     3.52976883E-08   9.01930788E+15   4.73555832E+08   0.00000000E+00   5.86649180E+08   0.29382621      
  23               5.75439937E-04   1.17061187E-03   812.77699911     4.08270827E-08   1.04319947E+16   4.73555832E+08   0.00000000E+00   5.81864874E+08   0.2934561       
  24               6.91830971E-04   1.38474874E-03   821.75286142     4.77679052E-08   1.22055005E+16   4.73555832E+08   0.00000000E+00   5.77015907E+08   0.29322504      
  25               8.31763771E-04   1.63713706E-03   840.92694966     5.51862509E-08   1.41010876E+16   4.73555832E+08   0.00000000E+00   5.72100202E+08   0.2928189       
  26               1.00000000E-03   1.93435379E-03   850.53394283     6.44685657E-08   1.64729014E+16   4.73555832E+08   0.00000000E+00   5.67117284E+08   0.29256031      
  27               1.20226443E-03   2.28403782E-03   870.58180852     7.43696358E-08   1.90028851E+16   4.73555831E+08   0.00000000E+00   5.62067136E+08   0.2921113       
  28               1.44543977E-03   2.69492319E-03   881.03338109     8.67072916E-08   2.21554139E+16   4.73555831E+08   0.00000000E+00   5.56950376E+08   0.29181769      
  29               1.73780083E-03   3.17706872E-03   902.21152384     9.98202009E-08   2.55061012E+16   4.73555831E+08   0.00000000E+00   5.51767854E+08   0.29131797      
  30               2.08929613E-03   3.74182303E-03   913.84865674     1.16067014E-07   2.96575182E+16   4.73555831E+08   0.00000000E+00   5.46521037E+08   0.29098464      
  31               2.51188643E-03   4.40235607E-03   936.39809020     1.33267246E-07   3.40526164E+16   4.73555831E+08   0.00000000E+00   5.41210010E+08   0.29042781      
  32               3.01995172E-03   5.17451167E-03   949.33263497     1.54507446E-07   3.94799687E+16   4.73555831E+08   0.00000000E+00   5.35828943E+08   0.29003852      
  33               3.63078055E-03   6.07670959E-03   973.41982242     1.76956263E-07   4.52162077E+16   4.73555832E+08   0.00000000E+00   5.30372694E+08   0.28940834      
  34               4.36515832E-03   7.12961430E-03   988.02158197     2.04548805E-07   5.22667437E+16   4.73555833E+08   0.00000000E+00   5.24838458E+08   0.28895038      
  35               5.24807460E-03   8.35678709E-03   1013.98203313    2.33617729E-07   5.96945823E+16   4.73555834E+08   0.00000000E+00   5.19224691E+08   0.28799915      
  36               6.30957344E-03   9.78423102E-03   1030.51133817    2.69135111E-07   6.87701170E+16   4.73555836E+08   0.00000000E+00   5.13531956E+08   0.28728951      
  37               7.58577575E-03   1.14409589E-02   1058.73863504    3.06315937E-07   7.82707515E+16   4.73555839E+08   0.00000000E+00   5.07761884E+08   0.28618061      
  38               9.12010839E-03   1.33578781E-02   1077.82645521    3.51304953E-07   8.97665384E+16   4.73555843E+08   0.00000000E+00   5.01918332E+08   0.28536232      
  39               1.09647820E-02   1.55686247E-02   1108.96488668    3.97949196E-07   1.01685328E+17   4.73555849E+08   0.00000000E+00   4.96005670E+08   0.2842423       
  40               1.31825674E-02   1.81079756E-02   1131.10427797    4.53797519E-07   1.15955965E+17   4.73555858E+08   0.00000000E+00   4.90030120E+08   0.28356393      
  41               1.58489319E-02   2.10198066E-02   1165.42352056    5.11257120E-07   1.30638377E+17   4.73555868E+08   0.00000000E+00   4.83984853E+08   0.28276599      
  42               1.90546072E-02   2.43532111E-02   1191.08467948    5.79572413E-07   1.48094672E+17   4.73555881E+08   0.00000000E+00   4.77861145E+08   0.28213342      
  43               2.29086765E-02   2.81607670E-02   1229.40624667    6.49296210E-07   1.65910894E+17   4.73555897E+08   0.00000000E+00   4.71654297E+08   0.28119937      
  44               2.75422870E-02   3.24941450E-02   1259.47239829    7.31324365E-07   1.86871167E+17   4.73555917E+08   0.00000000E+00   4.65365751E+08   0.28013239      
  45               3.31131121E-02   3.74057627E-02   1302.52801674    8.14041426E-07   2.08006679E+17   4.73555940E+08   0.00000000E+00   4.59000040E+08   0.27833287      
  46               3.98107171E-02   4.29391712E-02   1338.22110690    9.09545396E-07   2.32408294E+17   4.73555966E+08   0.00000000E+00   4.52569341E+08   0.27621353      
  47               4.78630092E-02   4.91268807E-02   1388.70904442    1.00282067E-06   2.56232235E+17   4.73485249E+08   3.97133988E+05   4.46090292E+08   0.27399078      
  48               5.75439937E-02   5.59596335E-02   1438.95042527    1.10277538E-06   2.81679259E+17   4.72082538E+08   1.46979300E+06   4.39592360E+08   0.27168346      
  49               6.91830971E-02   6.34263066E-02   1488.54256822    1.20843644E-06   3.08627061E+17   4.69625146E+08   3.92601509E+06   4.33124156E+08   0.26946824      
  50               8.31763771E-02   7.14069185E-02   1536.68286445    1.31816529E-06   3.36575022E+17   4.66208445E+08   7.34063078E+06   4.26800702E+08   0.26755753      
  51               1.00000000E-01   7.95008756E-02   1581.33342500    1.42785013E-06   3.64144958E+17   4.62150169E+08   1.13929957E+07   4.20899971E+08   0.26597904      
  52               1.20226443E-01   8.70988928E-02   1620.11643432    1.52675990E-06   3.89396682E+17   4.57981312E+08   1.55585537E+07   4.15753919E+08   0.26455321      
  53               1.44543977E-01   9.43818599E-02   1654.82564949    1.62113719E-06   4.13106594E+17   4.53504791E+08   2.00372145E+07   4.11124052E+08   0.26320183      
  54               1.73780083E-01   1.00827071E-01   1683.80165034    1.70197241E-06   4.33722608E+17   4.49156942E+08   2.43859308E+07   4.07243875E+08   0.26154094      
  55               2.08929613E-01   1.08049306E-01   1714.46191551    1.79117415E-06   4.56478136E+17   4.43907450E+08   2.96361481E+07   4.03107431E+08   0.25965862      
  56               2.51188643E-01   1.16100987E-01   1746.68050303    1.88901974E-06   4.81446772E+17   4.37535633E+08   3.60087380E+07   3.98730191E+08   0.25749869      
  57               3.01995172E-01   1.25006772E-01   1780.11658312    1.99554219E-06   5.08640496E+17   4.29856258E+08   4.36898370E+07   3.94143235E+08   0.25497935      
  58               3.63078055E-01   1.34720192E-01   1814.27841122    2.10987218E-06   5.37841858E+17   4.20884205E+08   5.26667951E+07   3.89409378E+08   0.25222929      
  59               4.36515832E-01   1.45214050E-01   1848.77184173    2.23147653E-06   5.68919947E+17   4.11063098E+08   6.24969217E+07   3.84573084E+08   0.24923758      
  60               5.24807460E-01   1.56754794E-01   1884.18326224    2.36313828E-06   6.02592233E+17   4.00585322E+08   7.29796632E+07   3.79547401E+08   0.24586225      
  61               6.30957344E-01   1.69615962E-01   1920.84542234    2.50767189E-06   6.39587758E+17   3.89014773E+08   8.45516231E+07   3.74264129E+08   0.24201222      
  62               7.58577575E-01   1.83930174E-01   1958.62632589    2.66611758E-06   6.80185286E+17   3.75993991E+08   9.75708933E+07   3.68728136E+08   0.23779468      
  63               9.12010839E-01   1.99845716E-01   1997.35944195    2.83968586E-06   7.24710335E+17   3.61343304E+08   1.12217777E+08   3.62943843E+08   0.23314712      
  64               1.09647820E+00   2.17529474E-01   2036.88697363    3.02973335E-06   7.73529744E+17   3.44998810E+08   1.28557300E+08   3.56914894E+08   0.22796966      
  65               1.31825674E+00   2.37171826E-01   2077.00558717    3.23790196E-06   8.27087149E+17   3.27045630E+08   1.46503993E+08   3.50643493E+08   0.22241994      
  66               1.58489319E+00   2.58989266E-01   2117.61239902    3.46591061E-06   8.85851925E+17   3.07678675E+08   1.65863295E+08   3.44130672E+08   0.21671403      
  67               1.90546072E+00   2.83223251E-01   2158.57584410    3.71571082E-06   9.50358429E+17   2.87109659E+08   1.86424321E+08   3.37377593E+08   0.21084792      
  68               2.29086765E+00   3.10142631E-01   2199.78366749    3.98942706E-06   1.02119183E+18   2.65579565E+08   2.07945198E+08   3.30385677E+08   0.20489726      
  69               2.75422870E+00   3.40045444E-01   2241.12433617    4.28939392E-06   1.09899786E+18   2.43337241E+08   2.30177138E+08   3.23156865E+08   0.19888558      
  70               3.31131121E+00   3.73260381E-01   2282.48571274    4.61815568E-06   1.18448528E+18   2.20647742E+08   2.52856444E+08   3.15693924E+08   0.19287157      
  71               3.98107171E+00   4.10140399E-01   2323.76286666    4.97867669E-06   1.27839947E+18   1.97814891E+08   2.75679744E+08   3.08002241E+08   0.18669145      
  72               4.78630092E+00   4.51095543E-01   2364.78012225    5.37375876E-06   1.38166772E+18   1.75381197E+08   2.98104687E+08   3.00084116E+08   0.18075666      
  73               5.75439937E+00   4.96591230E-01   2405.64596323    5.80677019E-06   1.49517894E+18   1.53831503E+08   3.19647219E+08   2.91939433E+08   0.17528207      
  74               6.91830971E+00   5.47126723E-01   2446.28338395    6.28140166E-06   1.61997011E+18   1.33425556E+08   3.40047301E+08   2.83571626E+08   0.16998582      
  75               8.31763771E+00   6.03237176E-01   2486.65996909    6.80139218E-06   1.75710427E+18   1.14442974E+08   3.59025192E+08   2.74986877E+08   0.16497841      
  76               1.00000000E+01   6.65479554E-01   2526.73162768    7.37050974E-06   1.90766205E+18   9.72760661E+07   3.76187599E+08   2.66195645E+08   0.160377        
  77               1.20226443E+01   7.34505239E-01   2566.55084720    7.99297279E-06   2.07286427E+18   8.23514152E+07   3.91108665E+08   2.57202343E+08   0.15617739      
  78               1.44543977E+01   8.11013473E-01   2606.10863074    8.67338020E-06   2.25403883E+18   6.96426603E+07   4.03815312E+08   2.48013278E+08   0.152148        
  79               1.73780083E+01   8.95759552E-01   2645.34281528    9.41683416E-06   2.45264858E+18   5.90445302E+07   4.14412520E+08   2.38635836E+08   0.14846643      
  80               2.08929613E+01   9.89554424E-01   2684.34221297    1.02280536E-05   2.67010072E+18   5.02756942E+07   4.23180602E+08   2.29078395E+08   0.14513508      
  81               2.51188643E+01   1.09325968E+00   2723.05019982    1.11125375E-05   2.90799412E+18   4.29639153E+07   4.30492803E+08   2.19350721E+08   0.14205184      
  82               3.01995172E+01   1.20779307E+00   2761.50945108    1.20755361E-05   3.16790273E+18   3.68077048E+07   4.36651152E+08   2.09463290E+08   0.13915248      
  83               3.63078055E+01   1.33413620E+00   2799.63643548    1.31232635E-05   3.45163108E+18   3.16006041E+07   4.41862010E+08   1.99426646E+08   0.1365108       
  84               4.36515832E+01   1.47333897E+00   2837.52874900    1.42612037E-05   3.76086934E+18   2.71990067E+07   4.46268337E+08   1.89251055E+08   0.13418828      
  85               5.24807460E+01   1.62652371E+00   2875.14937247    1.54959201E-05   4.09756476E+18   2.34633359E+07   4.50010112E+08   1.78946261E+08   0.13216205      
  86               6.30957344E+01   1.79489606E+00   2912.60109360    1.68333625E-05   4.46358836E+18   2.02835553E+07   4.53198629E+08   1.68520998E+08   0.13032405      
  87               7.58577575E+01   1.97976745E+00   2949.80192150    1.82813689E-05   4.86124115E+18   1.75684349E+07   4.55926036E+08   1.57982227E+08   0.12865328      
  88               9.12010839E+01   2.18256350E+00   2986.86274001    1.98468212E-05   5.29270224E+18   1.52488682E+07   4.58262586E+08   1.47335416E+08   0.12714012      
  89               1.09647820E+02   2.40483618E+00   3023.70843903    2.15388205E-05   5.76064914E+18   1.32537316E+07   4.60280484E+08   1.36584655E+08   0.12578413      
  90               1.31825674E+02   2.64820846E+00   3060.45518017    2.33647340E-05   6.26746598E+18   1.15285763E+07   4.62036705E+08   1.25735670E+08   0.12454631      
  91               1.58489319E+02   2.91442412E+00   3097.00299558    2.53346444E-05   6.81611591E+18   1.00300708E+07   4.63575948E+08   1.14793465E+08   0.12342449      
  92               1.90546072E+02   3.20541037E+00   3133.48382348    2.74570702E-05   7.40938258E+18   8.73257267E+06   4.64925330E+08   1.03760384E+08   0.12242431      
  93               2.29086765E+02   3.52329441E+00   3169.81644496    2.97441054E-05   8.05083006E+18   7.60850226E+06   4.66113755E+08   9.26366719E+07   0.12155921      
  94               2.75422870E+02   3.87042948E+00   3206.15824426    3.22058308E-05   8.74379656E+18   6.63915778E+06   4.67161835E+08   8.14206411E+07   0.12083702      
  95               3.31131121E+02   4.24940068E+00   3242.44091990    3.48565036E-05   9.49251847E+18   5.79778319E+06   4.68097227E+08   7.01095311E+07   0.12022945      
  96               3.98107171E+02   4.66304613E+00   3278.81438244    3.77081115E-05   1.03009842E+19   5.06614628E+06   4.68938831E+08   5.86997579E+07   0.11970804      
  97               4.78630092E+02   5.11448547E+00   3315.19608545    4.07776989E-05   1.11742547E+19   4.42605596E+06   4.69704759E+08   4.71870225E+07   0.11925599      
  98               5.75439937E+02   5.60715227E+00   3351.73304676    4.40795451E-05   1.21171021E+19   3.86649183E+06   4.70405671E+08   3.55663523E+07   0.11886449      
  99               6.91830971E+02   6.14482488E+00   3388.33863705    4.76339107E-05   1.31355585E+19   3.37529077E+06   4.71054470E+08   2.38322775E+07   0.11853079      
  100              8.31763771E+02   6.73166239E+00   3425.16380006    5.14576543E-05   1.42353065E+19   2.94541373E+06   4.71654930E+08   1.19788945E+07   0.11825488      
  101              1.00000000E+03   7.37224160E+00   3462.12168614    5.55746906E-05   1.54235047E+19   2.74208764E+06   4.71992669E+08   0.00000000E+00   0.11803544      
