# ATMO pressure-temperature profile
# Effective temperature = 550.0K
# log(g) = 3.5cm/s^2
# M/H = 0.0
# Optical depth grid in band 17 (1.20-1.33microns)
# All parameters in cgs units
#
# Model Level      Optical Depth    Pressure         Temperature      Density          Number Density   Rad Flux         Conv Flux        Radial Extension Adiabatic Gradient
#                                   [Ba]             [K]              [g/cm^3]         [/cm^3]          [ergs/s/cm^2/sr] [ergs/s/cm^2/sr] [cm]             [K/Ba]          
  1                5.00000000E-05   1.00000000E-05   89.19440322      3.17651319E-09   8.12060218E+14   5.18883024E+06   0.00000000E+00   1.02066948E+08   0.34574128      
  2                5.91534807E-05   1.22077559E-04   116.61838647     2.96590389E-08   7.58218975E+15   5.18883024E+06   0.00000000E+00   9.84155026E+07   0.32144502      
  3                6.99826855E-05   2.41659369E-04   137.12267695     4.99324116E-08   1.27649816E+16   5.18883024E+06   0.00000000E+00   9.74328606E+07   0.32542229      
  4                8.27943887E-05   3.75081688E-04   150.54875712     7.05887268E-08   1.80457330E+16   5.18883024E+06   0.00000000E+00   9.67221880E+07   0.3255621       
  5                9.79515255E-05   5.27051461E-04   162.34643186     9.19799823E-08   2.35145197E+16   5.18883024E+06   0.00000000E+00   9.61257808E+07   0.32470225      
  6                1.15883473E-04   7.01770890E-04   171.65047712     1.15808992E-07   2.96125750E+16   5.18883024E+06   0.00000000E+00   9.55904486E+07   0.32263889      
  7                1.37098216E-04   9.03672513E-04   180.79772166     1.41614352E-07   3.62029499E+16   5.18883024E+06   0.00000000E+00   9.50918913E+07   0.32158094      
  8                1.62196734E-04   1.13758772E-03   188.46321725     1.70927230E-07   4.37204006E+16   5.18883024E+06   0.00000000E+00   9.46164475E+07   0.31932625      
  9                1.91890027E-04   1.40894009E-03   196.62810755     2.03019638E-07   5.19006466E+16   5.18883024E+06   0.00000000E+00   9.41558104E+07   0.31840338      
  10               2.27019260E-04   1.72412004E-03   203.72219810     2.39784049E-07   6.12992251E+16   5.18883024E+06   0.00000000E+00   9.37040799E+07   0.31624802      
  11               2.68579588E-04   2.09062670E-03   211.48815900     2.80079667E-07   7.16005363E+16   5.18883024E+06   0.00000000E+00   9.32568499E+07   0.31540583      
  12               3.17748350E-04   2.51697931E-03   218.32110701     3.26644289E-07   8.35044769E+16   5.18883025E+06   0.00000000E+00   9.28111007E+07   0.31344574      
  13               3.75918418E-04   3.01302845E-03   225.92775314     3.77854677E-07   9.65960771E+16   5.18883026E+06   0.00000000E+00   9.23645972E+07   0.31268025      
  14               4.44737657E-04   3.59018339E-03   232.63867052     4.37246037E-07   1.11779089E+17   5.18883027E+06   0.00000000E+00   9.19155758E+07   0.31095311      
  15               5.26155608E-04   4.26192268E-03   239.97209835     5.03194605E-07   1.28638408E+17   5.18883028E+06   0.00000000E+00   9.14627097E+07   0.31027155      
  16               6.22478712E-04   5.04398828E-03   246.45575534     5.79864159E-07   1.48238477E+17   5.18883030E+06   0.00000000E+00   9.10048715E+07   0.30881929      
  17               7.36435649E-04   5.95464734E-03   253.69875686     6.65011065E-07   1.70005725E+17   5.18883031E+06   0.00000000E+00   9.05411275E+07   0.30825464      
  18               8.71254639E-04   7.01514203E-03   260.17842521     7.63934908E-07   1.95294956E+17   5.18883032E+06   0.00000000E+00   9.00706208E+07   0.30704961      
  19               1.03075489E-03   8.25023467E-03   267.45494302     8.73990766E-07   2.23430014E+17   5.18883032E+06   0.00000000E+00   8.95926317E+07   0.30658449      
  20               1.21945479E-03   9.68847593E-03   274.09193575     1.00149868E-06   2.56026575E+17   5.18883031E+06   0.00000000E+00   8.91065009E+07   0.30558181      
  21               1.44269991E-03   1.13628039E-02   281.67526649     1.14295196E-06   2.92188176E+17   5.18883027E+06   0.00000000E+00   8.86116193E+07   0.30515007      
  22               1.70681442E-03   1.33113145E-02   288.69506927     1.30638974E-06   3.33969970E+17   5.18883018E+06   0.00000000E+00   8.81073617E+07   0.30434246      
  23               2.01928028E-03   1.55788016E-02   296.55534148     1.48839938E-06   3.80499540E+17   5.18883004E+06   0.00000000E+00   8.75931420E+07   0.30403523      
  24               2.38894914E-03   1.82170988E-02   303.85622995     1.69864356E-06   4.34247081E+17   5.18882982E+06   0.00000000E+00   8.70684399E+07   0.30332706      
  25               2.82629313E-03   2.12860542E-02   312.08528319     1.93247138E-06   4.94023621E+17   5.18882950E+06   0.00000000E+00   8.65327876E+07   0.30300357      
  26               3.34370152E-03   2.48541554E-02   319.92864100     2.20108639E-06   5.62693280E+17   5.18882904E+06   0.00000000E+00   8.59856935E+07   0.302429        
  27               3.95583167E-03   2.90008459E-02   328.75310420     2.49937840E-06   6.38949659E+17   5.18882840E+06   0.00000000E+00   8.54266223E+07   0.30217958      
  28               4.68002425E-03   3.38176872E-02   337.20297607     2.84147420E-06   7.26404196E+17   5.18882749E+06   0.00000000E+00   8.48550457E+07   0.30174817      
  29               5.53679448E-03   3.94099763E-02   346.68610510     3.22077935E-06   8.23371021E+17   5.18882651E+06   0.00000000E+00   8.42704747E+07   0.3015355       
  30               6.55041330E-03   4.58995331E-02   355.86924178     3.65434082E-06   9.34208155E+17   5.18882555E+06   0.00000000E+00   8.36722973E+07   0.30116046      
  31               7.74959494E-03   5.34266937E-02   366.22145238     4.13338515E-06   1.05667238E+18   5.18882487E+06   0.00000000E+00   8.30598429E+07   0.30096334      
  32               9.16831029E-03   6.21523987E-02   376.41155961     4.67828102E-06   1.19597137E+18   5.18882485E+06   0.00000000E+00   8.24323563E+07   0.30066793      
  33               1.08467493E-02   7.22594000E-02   387.93118477     5.27753266E-06   1.34916634E+18   5.18882611E+06   0.00000000E+00   8.17891301E+07   0.30050083      
  34               1.28324595E-02   8.39517908E-02   399.57051688     5.95292028E-06   1.52181678E+18   5.18882963E+06   0.00000000E+00   8.11294650E+07   0.3002736       
  35               1.51816929E-02   9.74561363E-02   412.79039020     6.68918390E-06   1.71003678E+18   5.18883681E+06   0.00000000E+00   8.04527249E+07   0.30015274      
  36               1.79609996E-02   1.13024075E-01   426.32044265     7.51152884E-06   1.92026268E+18   5.18884921E+06   0.00000000E+00   7.97582119E+07   0.30000389      
  37               2.12491128E-02   1.30948536E-01   441.59056514     8.40183882E-06   2.14786362E+18   5.18886851E+06   0.00000000E+00   7.90447106E+07   0.29992176      
  38               2.51391797E-02   1.51550535E-01   457.56218933     9.38424299E-06   2.39901621E+18   5.18889623E+06   0.00000000E+00   7.83110037E+07   0.29979156      
  39               2.97413996E-02   1.75162196E-01   476.24900741     1.04216646E-05   2.66398722E+18   5.18892705E+06   0.00000000E+00   7.75559634E+07   0.29968534      
  40               3.51861462E-02   2.02099864E-01   497.23983383     1.15167714E-05   2.94391963E+18   5.17565477E+06   1.33036774E+04   7.67784174E+07   0.2995563       
  41               4.16276604E-02   2.32757916E-01   518.58354205     1.27179075E-05   3.25095959E+18   5.14029181E+06   4.86997388E+04   7.59773458E+07   0.29945784      
  42               4.92484201E-02   2.67639413E-01   540.87314595     1.40211500E-05   3.58410306E+18   5.08396344E+06   1.05056209E+05   7.51513165E+07   0.29934486      
  43               5.82643093E-02   3.07314490E-01   563.56482163     1.54513724E-05   3.94970811E+18   5.00544194E+06   1.83612306E+05   7.42989185E+07   0.29921006      
  44               6.89307339E-02   3.52395827E-01   587.28115155     1.70024490E-05   4.34620827E+18   4.90286064E+06   2.86220302E+05   7.34193746E+07   0.2990374       
  45               8.15498567E-02   4.03540663E-01   611.39552764     1.87021187E-05   4.78069333E+18   4.77763959E+06   4.11425163E+05   7.25123885E+07   0.29885557      
  46               9.64791575E-02   4.61477352E-01   636.57419831     2.05412203E-05   5.25082083E+18   4.63571746E+06   5.53341421E+05   7.15776392E+07   0.29863861      
  47               1.14141560E-01   5.27139072E-01   662.18123347     2.25565400E-05   5.76599391E+18   4.48800214E+06   7.01044144E+05   7.06130044E+07   0.29839772      
  48               1.35037411E-01   6.01539727E-01   688.96956080     2.47393250E-05   6.32397464E+18   4.34203578E+06   8.46963729E+05   6.96170336E+07   0.29807049      
  49               1.59758657E-01   6.85724085E-01   716.18467116     2.71298609E-05   6.93505998E+18   4.20466770E+06   9.84260156E+05   6.85894582E+07   0.2976946       
  50               1.89005613E-01   7.80768358E-01   744.59064475     2.97117158E-05   7.59504705E+18   4.08147514E+06   1.10738139E+06   6.75308424E+07   0.2972516       
  51               2.23606798E-01   8.87817648E-01   773.33963807     3.25296220E-05   8.31532719E+18   3.98201360E+06   1.20679086E+06   6.64419599E+07   0.29679754      
  52               2.64542408E-01   1.00849842E+00   803.35720690     3.55708886E-05   9.09268965E+18   3.91284563E+06   1.27589563E+06   6.53200656E+07   0.29625333      
  53               3.12972084E-01   1.14459512E+00   833.78953675     3.88976600E-05   9.94308812E+18   3.87376012E+06   1.31490495E+06   6.41630519E+07   0.29564148      
  54               3.70267763E-01   1.29787240E+00   865.56408816     4.24874546E-05   1.08607198E+19   3.86192527E+06   1.32667155E+06   6.29707514E+07   0.29487487      
  55               4.38052539E-01   1.47006432E+00   897.64716935     4.64043615E-05   1.18619615E+19   3.87609815E+06   1.31244261E+06   6.17444335E+07   0.2940653       
  56               5.18246648E-01   1.66286117E+00   930.99752311     5.06100282E-05   1.29369919E+19   3.91712237E+06   1.27136644E+06   6.04863705E+07   0.29314841      
  57               6.13121862E-01   1.87836871E+00   964.51818554     5.51826616E-05   1.41057527E+19   3.99196322E+06   1.19649429E+06   5.91968055E+07   0.29222952      
  58               7.25365844E-01   2.11938233E+00   999.39343724     6.00919860E-05   1.53602631E+19   4.10294664E+06   1.08548945E+06   5.78732776E+07   0.29117411      
  59               8.58158289E-01   2.38876582E+00   1034.44499749    6.54347707E-05   1.67259969E+19   4.24972394E+06   9.38703104E+05   5.65147813E+07   0.29008432      
  60               1.01526100E+00   2.68949422E+00   1070.90124766    7.11641979E-05   1.81906003E+19   4.42247580E+06   7.65944252E+05   5.51211771E+07   0.28876766      
  61               1.20112443E+00   3.02462601E+00   1107.40346859    7.73932699E-05   1.97829768E+19   4.61725272E+06   5.71168135E+05   5.36931603E+07   0.28755828      
  62               1.42101382E+00   3.39739794E+00   1145.32801264    8.40523253E-05   2.14853472E+19   4.82326188E+06   3.65148952E+05   5.22315997E+07   0.28614049      
  63               1.68115827E+00   3.81214565E+00   1183.21192397    9.12923980E-05   2.33363423E+19   5.03380228E+06   1.54590449E+05   5.07343579E+07   0.28481732      
  64               1.98892727E+00   4.27422721E+00   1222.72682776    9.90487503E-05   2.53194346E+19   5.18831862E+06   0.00000000E+00   4.91977009E+07   0.28336087      
  65               2.35303941E+00   4.78948363E+00   1260.89489546    1.07627579E-04   2.75128542E+19   5.18816976E+06   0.00000000E+00   4.76195910E+07   0.28212788      
  66               2.78380943E+00   5.36530437E+00   1296.58212277    1.17247237E-04   2.99723071E+19   5.18817028E+06   0.00000000E+00   4.59986236E+07   0.28079117      
  67               3.29344035E+00   6.00898386E+00   1333.11286260    1.27713939E-04   3.26482538E+19   5.18817084E+06   0.00000000E+00   4.43352135E+07   0.27959342      
  68               3.89636920E+00   6.72805903E+00   1368.58162833    1.39290820E-04   3.56077824E+19   5.18817056E+06   0.00000000E+00   4.26303328E+07   0.27824713      
  69               4.60967600E+00   7.53200380E+00   1405.99359238    1.51786133E-04   3.88019033E+19   5.18816977E+06   0.00000000E+00   4.08818993E+07   0.27700174      
  70               5.45356761E+00   8.43632518E+00   1443.25031987    1.65622483E-04   4.23386970E+19   5.18816879E+06   0.00000000E+00   3.90782689E+07   0.27555303      
  71               6.45195012E+00   9.46084270E+00   1483.19231947    1.80733547E-04   4.62017253E+19   5.18816809E+06   0.00000000E+00   3.72056846E+07   0.27419072      
  72               7.63310614E+00   1.06283775E+01   1523.70355596    1.97637019E-04   5.05233723E+19   5.18816795E+06   0.00000000E+00   3.52521616E+07   0.27265817      
  73               9.03049593E+00   1.19601366E+01   1567.54023085    2.16180104E-04   5.52641231E+19   5.18816881E+06   0.00000000E+00   3.32147086E+07   0.27120923      
  74               1.06837053E+01   1.34622581E+01   1612.51070226    2.36557739E-04   6.04701640E+19   5.18817112E+06   0.00000000E+00   3.11141447E+07   0.2695771       
  75               1.26395671E+01   1.51117849E+01   1661.06418239    2.57869430E-04   6.58954137E+19   5.18818595E+06   0.00000000E+00   2.90020413E+07   0.26801026      
  76               1.49534878E+01   1.68695281E+01   1710.65488923    2.79526096E-04   7.14276515E+19   4.92369449E+06   2.64422442E+05   2.69316708E+07   0.26630754      
  77               1.76910170E+01   1.86942795E+01   1757.88877737    3.01492312E-04   7.70270344E+19   4.44560296E+06   7.42489537E+05   2.49439189E+07   0.26467796      
  78               2.09297047E+01   2.05017767E+01   1801.26520241    3.22793757E-04   8.24403218E+19   3.83194269E+06   1.35613829E+06   2.31116611E+07   0.26317448      
  79               2.47612977E+01   2.21270946E+01   1837.63798301    3.41751638E-04   8.72148171E+19   3.14976913E+06   2.03830889E+06   2.15641136E+07   0.26192579      
  80               2.92943389E+01   2.34546099E+01   1865.88044507    3.56952961E-04   9.10479645E+19   2.73605495E+06   2.45194792E+06   2.03621675E+07   0.26093712      
  81               3.46572422E+01   2.49144587E+01   1895.41952275    3.73255644E-04   9.52076719E+19   2.59755370E+06   2.59066254E+06   1.90974328E+07   0.25988066      
  82               4.10019301E+01   2.65316263E+01   1926.62310560    3.91033309E-04   9.97454160E+19   2.32736270E+06   2.86063222E+06   1.77588501E+07   0.25880798      
  83               4.85081376E+01   2.78732242E+01   1951.27560601    4.05716443E-04   1.03465231E+20   1.93645784E+06   3.25151490E+06   1.66936773E+07   0.25803713      
  84               5.73885036E+01   2.89156534E+01   1969.87850502    4.16906933E-04   1.06321087E+20   1.71765514E+06   3.47030887E+06   1.58921544E+07   0.25731965      
  85               6.78945948E+01   3.00901207E+01   1990.08269443    4.29429023E-04   1.09516271E+20   1.64813975E+06   3.54038299E+06   1.50143945E+07   0.25651632      
  86               8.03240320E+01   3.14155139E+01   2012.22685302    4.43402029E-04   1.13081892E+20   1.57665081E+06   3.61193665E+06   1.40538879E+07   0.25555933      
  87               9.50289215E+01   3.29047347E+01   2036.08396985    4.58951811E-04   1.17054617E+20   1.38768474E+06   3.80028188E+06   1.30099447E+07   0.25457721      
  88               1.12425830E+02   3.39641505E+01   2052.58519896    4.70336981E-04   1.19852032E+20   1.11842942E+06   4.06952664E+06   1.22887789E+07   0.25379599      
  89               1.33007583E+02   3.46805736E+01   2063.42809708    4.77720577E-04   1.21737049E+20   9.84521349E+05   4.20343326E+06   1.18108334E+07   0.25326859      
  90               1.57357229E+02   3.54891624E+01   2075.54577248    4.85992864E-04   1.23848079E+20   9.54945970E+05   4.23301210E+06   1.12801617E+07   0.25260432      
  91               1.86164557E+02   3.64142226E+01   2089.01102980    4.95437163E-04   1.26257199E+20   9.28170697E+05   4.25979171E+06   1.06840045E+07   0.25191381      
  92               2.20245630E+02   3.74755884E+01   2104.21829187    5.06181499E-04   1.28998158E+20   9.00515134E+05   4.30063844E+06   1.00137839E+07   0.25104253      
  93               2.60565913E+02   3.86895428E+01   2121.03994815    5.18420420E-04   1.32120616E+20   8.70034960E+05   4.32098885E+06   9.26439322E+06   0.25016144      
  94               3.08267614E+02   4.00735600E+01   2139.79857565    5.32241855E-04   1.35647212E+20   8.37785758E+05   4.35365382E+06   8.43119934E+06   0.24906846      
  95               3.64702046E+02   4.16463322E+01   2160.30407446    5.47860869E-04   1.39632886E+20   8.03118532E+05   4.38881489E+06   7.51016387E+06   0.24797049      
  96               4.31467909E+02   4.34278284E+01   2182.87885015    5.65364325E-04   1.44100112E+20   7.66692194E+05   4.42321168E+06   6.49791852E+06   0.24657746      
  97               5.10456573E+02   4.54394274E+01   2207.23913644    5.84994590E-04   1.49110869E+20   7.28377322E+05   4.46373119E+06   5.39180027E+06   0.24517403      
  98               6.03905660E+02   4.77040063E+01   2233.72409594    6.06831658E-04   1.54686055E+20   6.88649872E+05   4.50502690E+06   4.18987416E+06   0.24339874      
  99               7.14462436E+02   5.02462109E+01   2261.92797977    6.31157713E-04   1.60897903E+20   6.47880493E+05   4.54684666E+06   2.89087806E+06   0.24167736      
  100              8.45258798E+02   5.30926009E+01   2292.25292694    6.58034878E-04   1.67763433E+20   6.05542938E+05   4.58955975E+06   1.49418329E+06   0.2394705       
  101              1.00000000E+03   5.62714530E+01   2324.11243807    6.87878892E-04   1.75370619E+20   5.81214183E+05   4.61040492E+06   0.00000000E+00   0.23737007      
