# ATMO pressure-temperature profile
# Effective temperature = 1600.0K
# log(g) = 4.5cm/s^2
# M/H = 0.0
# Optical depth grid in band 17 (1.20-1.33microns)
# All parameters in cgs units
#
# Model Level      Optical Depth    Pressure         Temperature      Density          Number Density   Rad Flux         Conv Flux        Radial Extension Adiabatic Gradient
#                                   [Ba]             [K]              [g/cm^3]         [/cm^3]          [ergs/s/cm^2/sr] [ergs/s/cm^2/sr] [cm]             [K/Ba]          
  1                5.00000000E-06   1.00000000E-05   445.26347268     6.36676494E-10   1.62670488E+14   3.71583435E+08   0.00000000E+00   2.24192051E+07   0.2979903       
  2                6.05313423E-06   1.10505291E-04   519.50373336     6.03018034E-09   1.54070766E+15   3.71583435E+08   0.00000000E+00   2.07971545E+07   0.29775385      
  3                7.32808679E-06   2.23157816E-04   547.16148539     1.15619877E-08   2.95408115E+15   3.71583435E+08   0.00000000E+00   2.03705165E+07   0.29775009      
  4                8.87157859E-06   3.54731607E-04   570.75522731     1.76191895E-08   4.50169252E+15   3.71583435E+08   0.00000000E+00   2.00790020E+07   0.29747532      
  5                1.07401712E-05   5.09798891E-04   585.67079611     2.46763720E-08   6.30479771E+15   3.71583435E+08   0.00000000E+00   1.98438294E+07   0.29732554      
  6                1.30023396E-05   6.93406785E-04   602.48644240     3.26269727E-08   8.33617164E+15   3.71583435E+08   0.00000000E+00   1.96392027E+07   0.29708531      
  7                1.57409813E-05   9.11291803E-04   613.77751040     4.20903610E-08   1.07540570E+16   3.71583435E+08   0.00000000E+00   1.94532735E+07   0.29696224      
  8                1.90564546E-05   1.17022972E-03   628.34612977     5.27968830E-08   1.34895673E+16   3.71583435E+08   0.00000000E+00   1.92795733E+07   0.29672721      
  9                2.30702555E-05   1.47836796E-03   638.19408649     6.56699052E-08   1.67785955E+16   3.71583435E+08   0.00000000E+00   1.91140885E+07   0.29661119      
  10               2.79294706E-05   1.84548076E-03   651.68022459     8.02807740E-08   2.05116604E+16   3.71583435E+08   0.00000000E+00   1.89542024E+07   0.29637253      
  11               3.38121669E-05   2.28317950E-03   660.63491042     9.79754086E-08   2.50325087E+16   3.71583436E+08   0.00000000E+00   1.87981353E+07   0.29625981      
  12               4.09339169E-05   2.80535084E-03   673.36770222     1.18106578E-07   3.01759353E+16   3.71583436E+08   0.00000000E+00   1.86446321E+07   0.29601265      
  13               4.95556987E-05   3.42850107E-03   681.71940098     1.42573148E-07   3.64270897E+16   3.71583436E+08   0.00000000E+00   1.84927744E+07   0.29589942      
  14               5.99934592E-05   4.17230834E-03   694.08502488     1.70412882E-07   4.35401139E+16   3.71583437E+08   0.00000000E+00   1.83418740E+07   0.29564217      
  15               7.26296922E-05   5.06014073E-03   702.13237338     2.04307540E-07   5.21998720E+16   3.71583438E+08   0.00000000E+00   1.81914082E+07   0.29552724      
  16               8.79274551E-05   6.11975471E-03   714.42638991     2.42838158E-07   6.20443682E+16   3.71583439E+08   0.00000000E+00   1.80409738E+07   0.2952563       
  17               1.06447338E-04   7.38402215E-03   722.50722356     2.89728420E-07   7.40246967E+16   3.71583440E+08   0.00000000E+00   1.78902489E+07   0.29513597      
  18               1.28868005E-04   8.89191644E-03   735.00853999     3.42959468E-07   8.76251607E+16   3.71583441E+08   0.00000000E+00   1.77389785E+07   0.29484726      
  19               1.56011066E-04   1.06895266E-02   743.24470172     4.07724057E-07   1.04172357E+17   3.71583443E+08   0.00000000E+00   1.75869620E+07   0.29471767      
  20               1.88871184E-04   1.28312156E-02   756.14642292     4.81061914E-07   1.22910148E+17   3.71583445E+08   0.00000000E+00   1.74340390E+07   0.29440704      
  21               2.28652526E-04   1.53815552E-02   764.92274398     5.70061296E-07   1.45649338E+17   3.71583447E+08   0.00000000E+00   1.72800333E+07   0.29426339      
  22               2.76812886E-04   1.84179584E-02   778.57202757     6.70626649E-07   1.71343854E+17   3.71583449E+08   0.00000000E+00   1.71247380E+07   0.29396669      
  23               3.35117111E-04   2.20315855E-02   788.08644571     7.92519012E-07   2.02487274E+17   3.71583451E+08   0.00000000E+00   1.69679914E+07   0.29383396      
  24               4.05701771E-04   2.63294410E-02   802.76114011     9.29805673E-07   2.37564278E+17   3.71583453E+08   0.00000000E+00   1.68096659E+07   0.29348128      
  25               4.91153455E-04   3.14367595E-02   813.45968178     1.09556473E-06   2.79915907E+17   3.71583454E+08   0.00000000E+00   1.66496446E+07   0.29329293      
  26               5.94603558E-04   3.74995659E-02   829.49859913     1.28158096E-06   3.27443537E+17   3.71583455E+08   0.00000000E+00   1.64878434E+07   0.29291561      
  27               7.19843029E-04   4.46867693E-02   841.55942580     1.50531913E-06   3.84609501E+17   3.71583455E+08   0.00000000E+00   1.63242097E+07   0.29269194      
  28               8.71461295E-04   5.31927034E-02   859.27228589     1.75491421E-06   4.48380893E+17   3.71583455E+08   0.00000000E+00   1.61587166E+07   0.29217866      
  29               1.05501444E-03   6.32404732E-02   873.17429304     2.05317979E-06   5.24590002E+17   3.71583454E+08   0.00000000E+00   1.59913271E+07   0.29180637      
  30               1.27722880E-03   7.50838505E-02   892.93209628     2.38374905E-06   6.09051395E+17   3.71583451E+08   0.00000000E+00   1.58220368E+07   0.29119807      
  31               1.54624747E-03   8.90046486E-02   909.01664232     2.77574781E-06   7.09196682E+17   3.71583448E+08   0.00000000E+00   1.56508996E+07   0.29084661      
  32               1.87192870E-03   1.05319572E-01   931.18431756     3.20631853E-06   8.19217600E+17   3.71583444E+08   0.00000000E+00   1.54779610E+07   0.29024144      
  33               2.26620714E-03   1.24409866E-01   949.86341644     3.71297795E-06   9.48679469E+17   3.71583438E+08   0.00000000E+00   1.53029973E+07   0.28978951      
  34               2.74353120E-03   1.46715152E-01   974.93228419     4.26600475E-06   1.08999964E+18   3.71583431E+08   0.00000000E+00   1.51257678E+07   0.28899903      
  35               3.32139252E-03   1.72715719E-01   996.70941005     4.91222183E-06   1.25513126E+18   3.71583420E+08   0.00000000E+00   1.49461567E+07   0.28842018      
  36               4.02096694E-03   2.02933821E-01   1025.15394723    5.61139341E-06   1.43380861E+18   3.71583405E+08   0.00000000E+00   1.47641476E+07   0.28758694      
  37               4.86789053E-03   2.37926896E-01   1050.54089725    6.41990759E-06   1.64042513E+18   3.71583383E+08   0.00000000E+00   1.45797809E+07   0.28697199      
  38               5.89319895E-03   2.78292458E-01   1082.74955305    7.28554970E-06   1.86165526E+18   3.71583355E+08   0.00000000E+00   1.43931363E+07   0.28600254      
  39               7.13446485E-03   3.24627750E-01   1112.05932934    8.27446183E-06   2.11438234E+18   3.71583321E+08   0.00000000E+00   1.42044193E+07   0.28516163      
  40               8.63717467E-03   3.77558213E-01   1148.31623771    9.31958970E-06   2.38148722E+18   3.71583287E+08   0.00000000E+00   1.40138128E+07   0.28390645      
  41               1.04563955E-02   4.37893216E-01   1181.88760008    1.05017354E-05   2.68360060E+18   3.71583256E+08   0.00000000E+00   1.38209536E+07   0.28281187      
  42               1.26587931E-02   5.06554859E-01   1222.46471172    1.17450230E-05   3.00134551E+18   3.71583232E+08   0.00000000E+00   1.36254490E+07   0.28127739      
  43               1.53250748E-02   5.84458458E-01   1260.28185406    1.31445647E-05   3.35901393E+18   3.71583210E+08   0.00000000E+00   1.34271788E+07   0.27994797      
  44               1.85529469E-02   6.72523857E-01   1304.78240496    1.46092109E-05   3.73332194E+18   3.71583191E+08   0.00000000E+00   1.32262145E+07   0.27842189      
  45               2.24606956E-02   7.71618676E-01   1346.30649802    1.62447931E-05   4.15130486E+18   3.71583177E+08   0.00000000E+00   1.30228006E+07   0.27722249      
  46               2.71915211E-02   8.82605531E-01   1394.15765575    1.79436499E-05   4.58543558E+18   3.71583180E+08   0.00000000E+00   1.28172305E+07   0.27554379      
  47               3.29187854E-02   1.00680855E+00   1439.01211621    1.98308013E-05   5.06766952E+18   3.71583637E+08   0.00000000E+00   1.26090176E+07   0.27400449      
  48               3.98523653E-02   1.14550443E+00   1490.62207326    2.17824655E-05   5.56615202E+18   3.71566254E+08   4.41469098E+04   1.23979869E+07   0.27206918      
  49               4.82463432E-02   1.29869486E+00   1542.21372890    2.38768747E-05   6.09941798E+18   3.70463928E+08   1.11515235E+06   1.21855545E+07   0.27038695      
  50               5.84083183E-02   1.46552399E+00   1593.30361603    2.60815925E-05   6.66223932E+18   3.68366256E+08   3.20833426E+06   1.19741469E+07   0.2683412       
  51               7.07106781E-02   1.64031185E+00   1641.95267704    2.83312103E-05   7.23588448E+18   3.65254086E+08   6.32302157E+06   1.17708087E+07   0.26649451      
  52               8.56042452E-02   1.81688701E+00   1687.22596716    3.05526512E-05   7.79974687E+18   3.61116641E+08   1.04903587E+07   1.15810098E+07   0.26492283      
  53               1.03634797E-01   1.98522244E+00   1727.10932894    3.26342236E-05   8.32559318E+18   3.56151029E+08   1.55435832E+07   1.14124177E+07   0.26352063      
  54               1.25463068E-01   2.12763167E+00   1758.91209538    3.43554209E-05   8.76149365E+18   3.51073466E+08   2.08388796E+07   1.12779149E+07   0.26216426      
  55               1.51888958E-01   2.23833485E+00   1782.31394882    3.56682716E-05   9.09634012E+18   3.46564385E+08   2.56102426E+07   1.11779099E+07   0.26088446      
  56               1.83880850E-01   2.36437580E+00   1808.00357600    3.71410227E-05   9.47202988E+18   3.41305190E+08   3.10567640E+07   1.10684024E+07   0.25971059      
  57               2.22611093E-01   2.50723912E+00   1835.61659608    3.87905577E-05   9.89326446E+18   3.34863573E+08   3.76509351E+07   1.09493794E+07   0.25883844      
  58               2.69498965E-01   2.62140064E+00   1856.95442395    4.01240342E-05   1.02248747E+19   3.28826174E+08   4.35141505E+07   1.08578627E+07   0.2581805       
  59               3.26262682E-01   2.70932169E+00   1872.72871984    4.11198033E-05   1.04787998E+19   3.23684008E+08   4.83800767E+07   1.07894140E+07   0.25738618      
  60               3.94982361E-01   2.81117077E+00   1890.66733217    4.22598659E-05   1.07695597E+19   3.18068712E+08   5.39917934E+07   1.07121517E+07   0.25649882      
  61               4.78176250E-01   2.92851474E+00   1910.48033682    4.35661425E-05   1.11027531E+19   3.11721850E+08   6.03352776E+07   1.06256704E+07   0.25547338      
  62               5.78893005E-01   3.06289323E+00   1932.55453019    4.50432234E-05   1.14795784E+19   3.04442897E+08   6.76558090E+07   1.05297434E+07   0.25434545      
  63               7.00823412E-01   3.21534164E+00   1956.43614700    4.67060219E-05   1.19038456E+19   2.96183481E+08   7.59274188E+07   1.04246387E+07   0.25303726      
  64               8.48435636E-01   3.38775824E+00   1982.49421036    4.85611022E-05   1.23773115E+19   2.87303944E+08   8.46245591E+07   1.03101537E+07   0.25157901      
  65               1.02713896E+00   3.58386257E+00   2010.58956383    5.06509308E-05   1.29108181E+19   2.77897354E+08   9.38475864E+07   1.01851134E+07   0.24987737      
  66               1.24348200E+00   3.80612556E+00   2041.03711028    5.29854082E-05   1.35069736E+19   2.67673117E+08   1.03998866E+08   1.00494396E+07   0.2480352       
  67               1.50539269E+00   4.05719446E+00   2073.42771706    5.55926991E-05   1.41730319E+19   2.56482648E+08   1.15105643E+08   9.90315231E+06   0.24594713      
  68               1.82246880E+00   4.33995747E+00   2108.01342795    5.84843581E-05   1.49120702E+19   2.44242747E+08   1.27253614E+08   9.74633466E+06   0.24366763      
  69               2.20632965E+00   4.65757654E+00   2144.35161371    6.16917659E-05   1.57322139E+19   2.30911977E+08   1.40488046E+08   9.57911998E+06   0.24113922      
  70               2.67104190E+00   5.01353351E+00   2182.65964023    6.52292894E-05   1.66373343E+19   2.16515226E+08   1.54783992E+08   9.40167482E+06   0.23844324      
  71               3.23363503E+00   5.41166750E+00   2222.48570196    6.91325961E-05   1.76367260E+19   2.01113971E+08   1.70081734E+08   9.21418901E+06   0.2354406       
  72               3.91472538E+00   5.85623322E+00   2263.99629770    7.34210295E-05   1.87356382E+19   1.84861195E+08   1.86231928E+08   9.01686197E+06   0.23214405      
  73               4.73927163E+00   6.35194388E+00   2306.71568617    7.81369136E-05   1.99452013E+19   1.67944449E+08   2.03048583E+08   8.80989905E+06   0.22860613      
  74               5.73748947E+00   6.90365081E+00   2350.79953071    8.33091261E-05   2.12710565E+19   1.50755925E+08   2.20141220E+08   8.59365222E+06   0.22491891      
  75               6.94595877E+00   7.51716545E+00   2395.79639476    8.89714296E-05   2.27263684E+19   1.34005020E+08   2.36805330E+08   8.36830257E+06   0.22102833      
  76               8.40896415E+00   8.19933104E+00   2441.91132176    9.51660229E-05   2.43206049E+19   1.18239056E+08   2.52495819E+08   8.13386481E+06   0.21708396      
  77               1.01801177E+01   8.95728196E+00   2488.73297999    1.01950084E-04   2.60689646E+19   1.03594937E+08   2.67073938E+08   7.89052635E+06   0.21304212      
  78               1.23243238E+01   9.79914803E+00   2536.44158747    1.09363967E-04   2.79826791E+19   9.03001646E+07   2.80312862E+08   7.63840072E+06   0.20892404      
  79               1.49201573E+01   1.07337221E+01   2584.62541062    1.17476164E-04   3.00800516E+19   7.85565006E+07   2.92014648E+08   7.37766109E+06   0.20475432      
  80               1.80627429E+01   1.17707001E+01   2633.47571883    1.26333066E-04   3.23741830E+19   6.83567018E+07   3.02183783E+08   7.10848159E+06   0.20065341      
  81               2.18672415E+01   1.29206887E+01   2682.62696293    1.36012391E-04   3.48860033E+19   5.94866302E+07   3.11033372E+08   6.83105255E+06   0.19653257      
  82               2.64730696E+01   1.41952711E+01   2732.23703774    1.46570296E-04   3.76314677E+19   5.17946401E+07   3.18714709E+08   6.54558136E+06   0.19245478      
  83               3.20490087E+01   1.56070817E+01   2781.96180305    1.58095666E-04   4.06346367E+19   4.51363959E+07   3.25370201E+08   6.25228929E+06   0.18854007      
  84               3.87993903E+01   1.71698502E+01   2832.03464282    1.70648885E-04   4.39130684E+19   3.93932556E+07   3.31116219E+08   5.95141150E+06   0.18486697      
  85               4.69715834E+01   1.88982989E+01   2882.14681409    1.84327171E-04   4.74933116E+19   3.43676467E+07   3.36149542E+08   5.64322227E+06   0.18134693      
  86               5.68650599E+01   2.08082248E+01   2932.49623469    1.99198252E-04   5.13953002E+19   2.99670571E+07   3.40562330E+08   5.32802190E+06   0.17799054      
  87               6.88423680E+01   2.29165525E+01   2982.77586265    2.15370040E-04   5.56486334E+19   2.61003017E+07   3.44445495E+08   5.00612970E+06   0.17487914      
  88               8.33424188E+01   2.52413509E+01   3033.24668773    2.32910736E-04   6.02740956E+19   2.26891721E+07   3.47878293E+08   4.67787886E+06   0.17189305      
  89               1.00896570E+02   2.78004859E+01   3083.50508985    2.51935000E-04   6.53030638E+19   1.96605145E+07   3.50936401E+08   4.34378992E+06   0.1690715       
  90               1.22148096E+02   3.06122801E+01   3133.82411278    2.72496946E-04   7.07533325E+19   1.70197679E+07   3.53615573E+08   4.00442540E+06   0.16646653      
  91               1.47875764E+02   3.36963477E+01   3183.83916653    2.94717112E-04   7.66580115E+19   1.47311177E+07   3.55951766E+08   3.66027500E+06   0.16412498      
  92               1.79022369E+02   3.70739110E+01   3233.90047593    3.18650949E-04   8.30362242E+19   1.27462207E+07   3.57993807E+08   3.31173619E+06   0.1619216       
  93               2.16729286E+02   4.07682251E+01   3283.59473523    3.44448729E-04   8.99286540E+19   1.10128902E+07   3.59793516E+08   2.95910424E+06   0.15991144      
  94               2.62378292E+02   4.48048238E+01   3333.35438624    3.72172598E-04   9.73574355E+19   9.51039826E+06   3.61370622E+08   2.60258018E+06   0.15810172      
  95               3.17642204E+02   4.92117621E+01   3382.78909500    4.02000633E-04   1.05370692E+20   8.19944130E+06   3.62763127E+08   2.24228457E+06   0.15649005      
  96               3.84546179E+02   5.40199553E+01   3432.36937241    4.34006491E-04   1.13995063E+20   7.06430636E+06   3.63985446E+08   1.87826226E+06   0.15500825      
  97               4.65541927E+02   5.92636135E+01   3481.67252776    4.68409982E-04   1.23289487E+20   6.08161193E+06   3.65059026E+08   1.51048865E+06   0.1536885       
  98               5.63597555E+02   6.49803321E+01   3531.22085338    5.05295754E-04   1.33285494E+20   5.24700280E+06   3.65986344E+08   1.13889495E+06   0.15251629      
  99               6.82306330E+02   7.12112162E+01   3580.58004287    5.44923225E-04   1.44052519E+20   4.53355055E+06   3.66792392E+08   7.63389351E+05   0.15147647      
  100              8.26018359E+02   7.80018752E+01   3630.28845178    5.87393776E-04   1.55628721E+20   3.92440024E+06   3.67492038E+08   3.83823718E+05   0.15051684      
  101              1.00000000E+03   8.54030470E+01   3679.87900966    6.33027013E-04   1.68099207E+20   3.63194176E+06   3.67828595E+08   0.00000000E+00   0.14966653      
