# ATMO pressure-temperature profile
# Effective temperature = 800.0K
# log(g) = 3.5cm/s^2
# M/H = 0.0
# Optical depth grid in band 17 (1.20-1.33microns)
# All parameters in cgs units
#
# Model Level      Optical Depth    Pressure         Temperature      Density          Number Density   Rad Flux         Conv Flux        Radial Extension Adiabatic Gradient
#                                   [Ba]             [K]              [g/cm^3]         [/cm^3]          [ergs/s/cm^2/sr] [ergs/s/cm^2/sr] [cm]             [K/Ba]          
  1                5.00000000E-05   1.00000000E-05   218.08790380     1.30008043E-09   3.32119413E+14   2.32241535E+07   0.00000000E+00   1.36877368E+08   0.31011389      
  2                5.91534807E-05   2.36361850E-05   255.10315083     2.62701895E-09   6.71100246E+14   2.32241535E+07   0.00000000E+00   1.34544036E+08   0.30636423      
  3                6.99826855E-05   3.92936030E-05   270.76024513     4.11469942E-09   1.05114540E+15   2.32241535E+07   0.00000000E+00   1.33038054E+08   0.30381106      
  4                8.27943887E-05   5.76389531E-05   279.28679277     5.85149020E-09   1.49482903E+15   2.32241535E+07   0.00000000E+00   1.31855764E+08   0.30368292      
  5                9.79515255E-05   7.92797404E-05   289.05396007     7.77648194E-09   1.98659407E+15   2.32241535E+07   0.00000000E+00   1.30841272E+08   0.30226188      
  6                1.15883473E-04   1.04863188E-04   295.21645314     1.00712158E-08   2.57281369E+15   2.32241535E+07   0.00000000E+00   1.29927103E+08   0.30228344      
  7                1.37098216E-04   1.35239950E-04   303.55814161     1.26316798E-08   3.22692562E+15   2.32241535E+07   0.00000000E+00   1.29075434E+08   0.30262697      
  8                1.62196734E-04   1.71352140E-04   308.97890391     1.57238216E-08   4.01685859E+15   2.32241534E+07   0.00000000E+00   1.28265137E+08   0.30266762      
  9                1.91890027E-04   2.14447715E-04   316.73338969     1.91965477E-08   4.90403334E+15   2.32241534E+07   0.00000000E+00   1.27480728E+08   0.30198         
  10               2.27019260E-04   2.65887130E-04   321.70378823     2.34334437E-08   5.98641720E+15   2.32241534E+07   0.00000000E+00   1.26713779E+08   0.30202679      
  11               2.68579588E-04   3.27401129E-04   328.92612470     2.82211535E-08   7.20954147E+15   2.32241534E+07   0.00000000E+00   1.25957349E+08   0.30149532      
  12               3.17748350E-04   4.00863163E-04   333.44185954     3.40854233E-08   8.70766814E+15   2.32241533E+07   0.00000000E+00   1.25208332E+08   0.30155025      
  13               3.75918418E-04   4.88630247E-04   340.31027883     4.07095199E-08   1.03999469E+16   2.32241533E+07   0.00000000E+00   1.24463258E+08   0.30112342      
  14               4.44737657E-04   5.93290323E-04   344.48652148     4.88298772E-08   1.24744346E+16   2.32241530E+07   0.00000000E+00   1.23720940E+08   0.30118199      
  15               5.26155608E-04   7.18045281E-04   351.12195196     5.79805895E-08   1.48122042E+16   2.32241530E+07   0.00000000E+00   1.22979503E+08   0.30083266      
  16               6.22478712E-04   8.66583203E-04   355.19742511     6.91718607E-08   1.76712104E+16   2.32241528E+07   0.00000000E+00   1.22237798E+08   0.30088975      
  17               7.36435649E-04   1.04349760E-03   361.91253709     8.17476026E-08   2.08839990E+16   2.32241527E+07   0.00000000E+00   1.21493818E+08   0.30059023      
  18               8.71254639E-04   1.25411860E-03   366.10090588     9.71236668E-08   2.48121069E+16   2.32241528E+07   0.00000000E+00   1.20746334E+08   0.3006428       
  19               1.03075489E-03   1.50515911E-03   373.16022885     1.14359536E-07   2.92154716E+16   2.32241527E+07   0.00000000E+00   1.19993074E+08   0.30038139      
  20               1.21945479E-03   1.80458257E-03   377.75296510     1.35442396E-07   3.46014832E+16   2.32241524E+07   0.00000000E+00   1.19232270E+08   0.30042474      
  21               1.44269991E-03   2.16228392E-03   385.32582860     1.59099302E-07   4.06453098E+16   2.32241523E+07   0.00000000E+00   1.18461705E+08   0.30019738      
  22               1.70681442E-03   2.58976273E-03   390.35225390     1.88099115E-07   4.80539536E+16   2.32241518E+07   0.00000000E+00   1.17680281E+08   0.30022811      
  23               2.01928028E-03   3.10131775E-03   398.49207374     2.20651942E-07   5.63705687E+16   2.32241521E+07   0.00000000E+00   1.16886235E+08   0.30003515      
  24               2.38894914E-03   3.71420323E-03   404.19681894     2.60528475E-07   6.65577469E+16   2.32241510E+07   0.00000000E+00   1.16077887E+08   0.30005147      
  25               2.82629313E-03   4.44971990E-03   413.11223263     3.05382899E-07   7.80172179E+16   2.32241511E+07   0.00000000E+00   1.15253288E+08   0.29989001      
  26               3.34370152E-03   5.33344055E-03   419.68116061     3.60302586E-07   9.20478871E+16   2.32241483E+07   0.00000000E+00   1.14410809E+08   0.29989362      
  27               3.95583167E-03   6.39706233E-03   429.57591613     4.22199066E-07   1.07861510E+17   2.32241488E+07   0.00000000E+00   1.13548436E+08   0.29975455      
  28               4.68002425E-03   7.67926794E-03   437.22379592     4.97964699E-07   1.27216039E+17   2.32241451E+07   0.00000000E+00   1.12664133E+08   0.29974827      
  29               5.53679448E-03   9.22788944E-03   448.46833095     5.83380200E-07   1.49037804E+17   2.32241496E+07   0.00000000E+00   1.11755537E+08   0.2996263       
  30               6.55041330E-03   1.11017553E-02   457.91276461     6.87378293E-07   1.75604137E+17   2.32241295E+07   0.00000000E+00   1.10819775E+08   0.29968099      
  31               7.74959494E-03   1.33681143E-02   470.50957217     8.05536279E-07   2.05791544E+17   2.32241381E+07   0.00000000E+00   1.09856637E+08   0.29958086      
  32               9.16831029E-03   1.61045646E-02   480.81163660     9.49674897E-07   2.42605061E+17   2.32241284E+07   0.00000000E+00   1.08867261E+08   0.29947505      
  33               1.08467493E-02   1.94041870E-02   494.99575740     1.11145706E-06   2.83935578E+17   2.32241331E+07   0.00000000E+00   1.07851642E+08   0.29932065      
  34               1.28324595E-02   2.33751233E-02   507.28038931     1.30648149E-06   3.33757994E+17   2.32241153E+07   0.00000000E+00   1.06809577E+08   0.29929779      
  35               1.51816929E-02   2.81446040E-02   523.85706024     1.52327284E-06   3.89142066E+17   2.32241177E+07   0.00000000E+00   1.05740445E+08   0.299235        
  36               1.79609996E-02   3.38591200E-02   538.54954273     1.78255978E-06   4.55381984E+17   2.32240931E+07   0.00000000E+00   1.04643794E+08   0.29918882      
  37               2.12491128E-02   4.06759870E-02   557.40492405     2.06899627E-06   5.28558594E+17   2.32241072E+07   0.00000000E+00   1.03521302E+08   0.29905669      
  38               2.51391797E-02   4.87685204E-02   574.57452659     2.40649265E-06   6.14779038E+17   2.32240773E+07   0.00000000E+00   1.02374436E+08   0.29894699      
  39               2.97413996E-02   5.83201816E-02   596.23403628     2.77326971E-06   7.08480568E+17   2.32240902E+07   0.00000000E+00   1.01205231E+08   0.29875375      
  40               3.51861462E-02   6.95245319E-02   616.41167607     3.19783711E-06   8.16945447E+17   2.32240533E+07   0.00000000E+00   1.00015462E+08   0.29858851      
  41               4.16276604E-02   8.25797301E-02   641.03848953     3.65239299E-06   9.33072076E+17   2.32240788E+07   0.00000000E+00   9.88074623E+07   0.29834605      
  42               4.92484201E-02   9.77146058E-02   664.47230292     4.16936687E-06   1.06514428E+18   2.32240409E+07   0.00000000E+00   9.75809973E+07   0.29811444      
  43               5.82643093E-02   1.15164141E-01   692.48824910     4.71511005E-06   1.20456629E+18   2.32240668E+07   0.00000000E+00   9.63364738E+07   0.29774971      
  44               6.89307339E-02   1.35161825E-01   719.47642569     5.32628554E-06   1.36070292E+18   2.32240274E+07   0.00000000E+00   9.50745831E+07   0.29734853      
  45               8.15498567E-02   1.57931134E-01   751.03327467     5.96207917E-06   1.52312103E+18   2.32240466E+07   0.00000000E+00   9.37968521E+07   0.29683789      
  46               9.64791575E-02   1.83688531E-01   781.97314981     6.66011156E-06   1.70143765E+18   2.32240123E+07   0.00000000E+00   9.25042554E+07   0.29633099      
  47               1.14141560E-01   2.12718860E-01   818.88936666     7.36497309E-06   1.88151032E+18   2.31277777E+07   9.62885566E+04   9.11934859E+07   0.29561595      
  48               1.35037411E-01   2.45391956E-01   851.87239580     8.16722901E-06   2.08646746E+18   2.29603800E+07   2.63648747E+05   8.98612886E+07   0.29487715      
  49               1.59758657E-01   2.82196340E-01   890.06377412     8.98909208E-06   2.29644523E+18   2.27443901E+07   4.79635318E+05   8.85029494E+07   0.29389116      
  50               1.89005613E-01   3.23791444E-01   924.19144276     9.93309243E-06   2.53763564E+18   2.25441050E+07   6.79848689E+05   8.71109209E+07   0.29296969      
  51               2.23606798E-01   3.71424610E-01   964.67196238     1.09159195E-05   2.78879672E+18   2.24129851E+07   8.10956965E+05   8.56643052E+07   0.29178092      
  52               2.64542408E-01   4.27236936E-01   1002.06290423    1.20867319E-05   3.08815895E+18   2.24868808E+07   7.36885329E+05   8.41276955E+07   0.29067031      
  53               3.12972084E-01   4.95500016E-01   1048.97502501    1.33890536E-05   3.42140404E+18   2.28806352E+07   3.43134906E+05   8.24306469E+07   0.28918186      
  54               3.70267763E-01   5.82952182E-01   1096.28882510    1.50698564E-05   3.85153443E+18   2.32237510E+07   0.00000000E+00   8.04836078E+07   0.28767247      
  55               4.38052539E-01   6.98384115E-01   1147.71631323    1.72421937E-05   4.40743217E+18   2.32236647E+07   0.00000000E+00   7.82189423E+07   0.28594365      
  56               5.18246648E-01   8.48318155E-01   1190.61972719    2.01873495E-05   5.16073462E+18   2.32235677E+07   0.00000000E+00   7.56775360E+07   0.28434542      
  57               6.13121862E-01   1.03810829E+00   1239.09389401    2.37353562E-05   6.06826141E+18   2.32237625E+07   0.00000000E+00   7.29356756E+07   0.28268203      
  58               7.25365844E-01   1.27197747E+00   1279.72769310    2.81579060E-05   7.19925724E+18   2.32236040E+07   0.00000000E+00   7.00749398E+07   0.28110725      
  59               8.58158289E-01   1.55276320E+00   1326.33432481    3.31643275E-05   8.47965263E+18   2.32238949E+07   0.00000000E+00   6.71692938E+07   0.27954285      
  60               1.01526100E+00   1.88300399E+00   1365.30909411    3.90687544E-05   9.98955395E+18   2.32237305E+07   0.00000000E+00   6.42680690E+07   0.27808172      
  61               1.20112443E+00   2.26540675E+00   1410.80359269    4.54861109E-05   1.16306898E+19   2.32240076E+07   0.00000000E+00   6.13994775E+07   0.2765978       
  62               1.42101382E+00   2.70398481E+00   1448.93563795    5.28627247E-05   1.35170211E+19   2.32236064E+07   0.00000000E+00   5.85711253E+07   0.27507118      
  63               1.68115827E+00   3.19986488E+00   1494.65002535    6.06473757E-05   1.55066493E+19   2.32241076E+07   0.00000000E+00   5.58016127E+07   0.2735089       
  64               1.98892727E+00   3.75428218E+00   1533.97376974    6.93302842E-05   1.77269826E+19   2.32235790E+07   0.00000000E+00   5.30978366E+07   0.2719017       
  65               2.35303941E+00   4.35628714E+00   1581.77543784    7.80504623E-05   1.99479151E+19   2.32249567E+07   0.00000000E+00   5.05097181E+07   0.27023712      
  66               2.78380943E+00   4.99662371E+00   1624.04843104    8.71938698E-05   2.22845315E+19   2.32210001E+07   0.00000000E+00   4.80551298E+07   0.26854691      
  67               3.29344035E+00   5.66106034E+00   1675.67246297    9.57579367E-05   2.44700294E+19   2.32251889E+07   0.00000000E+00   4.57556474E+07   0.2667476       
  68               3.89636920E+00   6.29736572E+00   1723.83798213    1.03581627E-04   2.64599068E+19   2.10817206E+07   2.14208908E+06   4.37351953E+07   0.26480033      
  69               4.60967600E+00   6.86294269E+00   1763.31549315    1.10437420E-04   2.81907213E+19   1.80379429E+07   5.18659035E+06   4.20628953E+07   0.26346951      
  70               5.45356761E+00   7.32757455E+00   1794.04536420    1.15974247E-04   2.95837119E+19   1.56362969E+07   7.58926050E+06   4.07645769E+07   0.26202062      
  71               6.45195012E+00   7.83228545E+00   1825.42767555    1.21827691E-04   3.10777605E+19   1.38227294E+07   9.40459633E+06   3.94218456E+07   0.26098181      
  72               7.63310614E+00   8.25444175E+00   1850.69006898    1.26676997E-04   3.23057518E+19   1.20203893E+07   1.12107290E+07   3.83471882E+07   0.25974136      
  73               9.03049593E+00   8.58071542E+00   1869.21718140    1.30377336E-04   3.32498411E+19   1.08717632E+07   1.23638839E+07   3.75443423E+07   0.25881262      
  74               1.06837053E+01   8.94900248E+00   1889.79586923    1.34490471E-04   3.42993249E+19   1.02359548E+07   1.30031089E+07   3.66648344E+07   0.25775102      
  75               1.26395671E+01   9.36302836E+00   1911.73180861    1.39095605E-04   3.54744125E+19   9.63495723E+06   1.36080465E+07   3.57075849E+07   0.25692181      
  76               1.49534878E+01   9.82600376E+00   1935.73906073    1.44154576E-04   3.67668101E+19   8.59221853E+06   1.46498389E+07   3.46736643E+07   0.25624435      
  77               1.76910170E+01   1.01639769E+01   1952.36791415    1.47972625E-04   3.77075095E+19   7.32086121E+06   1.59099898E+07   3.39417993E+07   0.25582594      
  78               2.09297047E+01   1.04024412E+01   1964.17794898    1.50531878E-04   3.83601482E+19   6.58676297E+06   1.66352440E+07   3.34365353E+07   0.25529626      
  79               2.47612977E+01   1.06760223E+01   1977.02122406    1.53484950E-04   3.91132568E+19   6.27757691E+06   1.69445052E+07   3.28673691E+07   0.25469571      
  80               2.92943389E+01   1.09886440E+01   1991.79677246    1.56804805E-04   3.99599486E+19   6.02245407E+06   1.71997483E+07   3.22301237E+07   0.25403085      
  81               3.46572422E+01   1.13444579E+01   2007.75821947    1.60591859E-04   4.09258939E+19   5.75192626E+06   1.74701708E+07   3.15210662E+07   0.25328665      
  82               4.10019301E+01   1.17478067E+01   2025.78694871    1.64817723E-04   4.20038272E+19   5.48393831E+06   1.77376904E+07   3.07370640E+07   0.25244069      
  83               4.85081376E+01   1.22030638E+01   2045.07982351    1.69584679E-04   4.32199698E+19   5.22102653E+06   1.80002789E+07   2.98759480E+07   0.25153682      
  84               5.73885036E+01   1.27175132E+01   2066.60894660    1.74886421E-04   4.45727809E+19   4.98725336E+06   1.82339872E+07   2.89312968E+07   0.25046437      
  85               6.78945948E+01   1.32968971E+01   2089.52799855    1.80840581E-04   4.60922545E+19   4.73568791E+06   1.84854834E+07   2.79010515E+07   0.2492925       
  86               8.03240320E+01   1.39473003E+01   2114.71675571    1.87417125E-04   4.77709398E+19   4.48711132E+06   1.87339867E+07   2.67838527E+07   0.24798482      
  87               9.50289215E+01   1.46751938E+01   2141.26563376    1.94741466E-04   4.96408418E+19   4.22778712E+06   1.89932342E+07   2.55789989E+07   0.24659513      
  88               1.12425830E+02   1.54874990E+01   2170.05325786    2.02779606E-04   5.16935953E+19   3.97691206E+06   1.92440327E+07   2.42863565E+07   0.24507431      
  89               1.33007583E+02   1.63916266E+01   2200.10686001    2.11667749E-04   5.39639979E+19   3.72150347E+06   1.94993658E+07   2.29063191E+07   0.24342455      
  90               1.57357229E+02   1.73955555E+01   2232.30313178    2.21369114E-04   5.64431149E+19   3.47386119E+06   1.97469355E+07   2.14396983E+07   0.24158214      
  91               1.86164557E+02   1.85079112E+01   2265.60396774    2.32035152E-04   5.91696840E+19   3.22548989E+06   1.99952382E+07   1.98876361E+07   0.23959826      
  92               2.20245630E+02   1.97380612E+01   2300.90831063    2.43625635E-04   6.21342439E+19   2.98366253E+06   2.02370033E+07   1.82514951E+07   0.23745669      
  93               2.60565913E+02   2.10956706E+01   2337.11651846    2.56332609E-04   6.53790807E+19   2.74065757E+06   2.04799534E+07   1.65334850E+07   0.23519576      
  94               3.08267614E+02   2.25919100E+01   2375.16329565    2.70064042E-04   6.88946211E+19   2.51408934E+06   2.07064760E+07   1.47351640E+07   0.23278211      
  95               3.64702046E+02   2.42394056E+01   2413.92668722    2.85042786E-04   7.27316984E+19   2.29708618E+06   2.09234445E+07   1.28574154E+07   0.23027486      
  96               4.31467909E+02   2.60514571E+01   2454.38644987    3.01224193E-04   7.68802726E+19   2.09217697E+06   2.11283252E+07   1.09018494E+07   0.22764818      
  97               5.10456573E+02   2.80426333E+01   2495.36311782    3.18830897E-04   8.13974652E+19   1.89398701E+06   2.13264810E+07   8.87002301E+06   0.22494123      
  98               6.03905660E+02   3.02292391E+01   2537.89310196    3.37818918E-04   8.62739595E+19   1.71199274E+06   2.15084384E+07   6.76309021E+06   0.22212081      
  99               7.14462436E+02   3.26293356E+01   2580.75752488    3.58450641E-04   9.15770961E+19   1.54378162E+06   2.16766202E+07   4.58199527E+06   0.21924593      
  100              8.45258798E+02   3.52629473E+01   2625.05995881    3.80682004E-04   9.72982928E+19   1.39204725E+06   2.18283360E+07   2.32745089E+06   0.21627882      
  101              1.00000000E+03   3.81522329E+01   2669.53301669    4.04821577E-04   1.03516720E+20   1.30952576E+06   2.19107557E+07   0.00000000E+00   0.21332382      
