# ATMO pressure-temperature profile
# Effective temperature = 900.0K
# log(g) = 4.0cm/s^2
# M/H = 0.0
# Optical depth grid in band 17 (1.20-1.33microns)
# All parameters in cgs units
#
# Model Level      Optical Depth    Pressure         Temperature      Density          Number Density   Rad Flux         Conv Flux        Radial Extension Adiabatic Gradient
#                                   [Ba]             [K]              [g/cm^3]         [/cm^3]          [ergs/s/cm^2/sr] [ergs/s/cm^2/sr] [cm]             [K/Ba]          
  1                5.00000000E-05   1.00000000E-05   259.81820124     1.09126580E-09   2.78776568E+14   3.72268128E+07   0.00000000E+00   4.81090443E+07   0.30445378      
  2                5.91534807E-05   5.78121716E-05   309.90324088     5.28901909E-09   1.35119803E+15   3.72268128E+07   0.00000000E+00   4.61187282E+07   0.30169473      
  3                6.99826855E-05   1.19134538E-04   322.09257265     1.04867210E-08   2.67906231E+15   3.72268127E+07   0.00000000E+00   4.52953270E+07   0.30164976      
  4                8.27943887E-05   1.94720468E-04   339.65511626     1.62535734E-08   4.15240096E+15   3.72268127E+07   0.00000000E+00   4.47163649E+07   0.30150435      
  5                9.79515255E-05   2.86762332E-04   345.37963441     2.35398212E-08   6.01383098E+15   3.72268126E+07   0.00000000E+00   4.42458106E+07   0.30092412      
  6                1.15883473E-04   3.97737973E-04   359.08388015     3.14031874E-08   8.02281886E+15   3.72268125E+07   0.00000000E+00   4.38376408E+07   0.30089407      
  7                1.37098216E-04   5.31197682E-04   363.00353673     4.14877528E-08   1.05991528E+16   3.72268126E+07   0.00000000E+00   4.34678947E+07   0.30052861      
  8                1.62196734E-04   6.90800924E-04   375.14195330     5.22068749E-08   1.33377666E+16   3.72268119E+07   0.00000000E+00   4.31249540E+07   0.30052959      
  9                1.91890027E-04   8.81308471E-04   378.10336164     6.60832517E-08   1.68827522E+16   3.72268121E+07   0.00000000E+00   4.28006120E+07   0.300269        
  10               2.27019260E-04   1.10774021E-03   389.35036335     8.06618139E-08   2.06073987E+16   3.72268109E+07   0.00000000E+00   4.24904716E+07   0.30028296      
  11               2.68579588E-04   1.37634353E-03   391.58551646     9.96490027E-08   2.54581044E+16   3.72268109E+07   0.00000000E+00   4.21908720E+07   0.30008645      
  12               3.17748350E-04   1.69404186E-03   402.34026374     1.19371455E-07   3.04969552E+16   3.72268096E+07   0.00000000E+00   4.18995798E+07   0.30010639      
  13               3.75918418E-04   2.06970059E-03   404.26340746     1.45149303E-07   3.70824937E+16   3.72268091E+07   0.00000000E+00   4.16141916E+07   0.29994489      
  14               4.44737657E-04   2.51353714E-03   415.07417643     1.71683442E-07   4.38616972E+16   3.72268076E+07   0.00000000E+00   4.13330327E+07   0.29996398      
  15               5.26155608E-04   3.03844076E-03   417.07719314     2.06543204E-07   5.27667288E+16   3.72268067E+07   0.00000000E+00   4.10542849E+07   0.2998264       
  16               6.22478712E-04   3.65972108E-03   428.43215696     2.42180914E-07   6.18716599E+16   3.72268035E+07   0.00000000E+00   4.07764974E+07   0.29984086      
  17               7.36435649E-04   4.39611134E-03   430.88195324     2.89258314E-07   7.38986012E+16   3.72268035E+07   0.00000000E+00   4.04982729E+07   0.2997191       
  18               8.71254639E-04   5.26965947E-03   443.02165675     3.37234312E-07   8.61555847E+16   3.72268003E+07   0.00000000E+00   4.02185818E+07   0.29972594      
  19               1.03075489E-03   6.30756906E-03   446.19749681     4.00783684E-07   1.02390750E+17   3.72267972E+07   0.00000000E+00   3.99362637E+07   0.29961796      
  20               1.21945479E-03   7.54061931E-03   459.20916124     4.65559442E-07   1.18938460E+17   3.72267821E+07   0.00000000E+00   3.96508076E+07   0.29961663      
  21               1.44269991E-03   9.00741184E-03   463.11957708     5.51450330E-07   1.40874608E+17   3.72267901E+07   0.00000000E+00   3.93613186E+07   0.29952407      
  22               1.70681442E-03   1.07463546E-02   475.86349185     6.40289317E-07   1.63570364E+17   3.72267762E+07   0.00000000E+00   3.90686714E+07   0.2995853       
  23               2.01928028E-03   1.28056469E-02   480.21541770     7.56072833E-07   1.93148466E+17   3.72267701E+07   0.00000000E+00   3.87727011E+07   0.29951346      
  24               2.38894914E-03   1.52435308E-02   493.93516205     8.75007722E-07   2.23532908E+17   3.72267514E+07   0.00000000E+00   3.84729743E+07   0.29944377      
  25               2.82629313E-03   1.81308705E-02   499.28890100     1.02958801E-06   2.63022308E+17   3.72267435E+07   0.00000000E+00   3.81687736E+07   0.29929462      
  26               3.34370152E-03   2.15483019E-02   514.28810786     1.18795898E-06   3.03481631E+17   3.72267179E+07   0.00000000E+00   3.78597671E+07   0.29926134      
  27               3.95583167E-03   2.55936993E-02   520.92196547     1.39301403E-06   3.55865784E+17   3.72267125E+07   0.00000000E+00   3.75452945E+07   0.29921877      
  28               4.68002425E-03   3.03783126E-02   537.38638108     1.60276697E-06   4.09451844E+17   3.72266861E+07   0.00000000E+00   3.72250850E+07   0.2992074       
  29               5.53679448E-03   3.60345490E-02   545.49191060     1.87294141E-06   4.78472097E+17   3.72266880E+07   0.00000000E+00   3.68986248E+07   0.29912592      
  30               6.55041330E-03   4.27088050E-02   563.56845657     2.14863503E-06   5.48904236E+17   3.72266591E+07   0.00000000E+00   3.65659195E+07   0.29905863      
  31               7.74959494E-03   5.05728069E-02   573.40718409     2.50060854E-06   6.38821859E+17   3.72266675E+07   0.00000000E+00   3.62266542E+07   0.29893579      
  32               9.16831029E-03   5.98148314E-02   593.43757113     2.85775066E-06   7.30061900E+17   3.72266272E+07   0.00000000E+00   3.58809280E+07   0.29882652      
  33               1.08467493E-02   7.06507439E-02   605.39880255     3.30876125E-06   8.45280832E+17   3.72266259E+07   0.00000000E+00   3.55285404E+07   0.29867363      
  34               1.28324595E-02   8.33100965E-02   627.58231725     3.76370970E-06   9.61507727E+17   3.72265665E+07   0.00000000E+00   3.51698077E+07   0.29852701      
  35               1.51816929E-02   9.80594667E-02   641.87775772     4.33137804E-06   1.10652961E+18   3.72265548E+07   0.00000000E+00   3.48045055E+07   0.29835054      
  36               1.79609996E-02   1.15196239E-01   666.59071502     4.89967378E-06   1.25171334E+18   3.72264822E+07   0.00000000E+00   3.44325143E+07   0.29814459      
  37               2.12491128E-02   1.35046592E-01   683.75122795     5.59981013E-06   1.43057737E+18   3.72264595E+07   0.00000000E+00   3.40535503E+07   0.29786682      
  38               2.51391797E-02   1.57950860E-01   711.26625997     6.29619061E-06   1.60847986E+18   3.72263654E+07   0.00000000E+00   3.36678133E+07   0.29752399      
  39               2.97413996E-02   1.84262038E-01   731.46878759     7.14213037E-06   1.82459261E+18   3.72263148E+07   0.00000000E+00   3.32754508E+07   0.29717919      
  40               3.51861462E-02   2.14342569E-01   761.88114774     7.97647423E-06   2.03773190E+18   3.72261959E+07   0.00000000E+00   3.28769156E+07   0.29677203      
  41               4.16276604E-02   2.48598142E-01   785.19095340     8.97665495E-06   2.29323431E+18   3.72261159E+07   0.00000000E+00   3.24720891E+07   0.29632108      
  42               4.92484201E-02   2.87542397E-01   818.50899407     9.96023858E-06   2.54451065E+18   3.72259601E+07   0.00000000E+00   3.20602272E+07   0.29570395      
  43               5.82643093E-02   3.31701435E-01   844.91976089     1.11307036E-05   2.84352940E+18   3.72258159E+07   0.00000000E+00   3.16408317E+07   0.29504278      
  44               6.89307339E-02   3.81668755E-01   881.27735339     1.22790105E-05   3.13689396E+18   3.72255797E+07   0.00000000E+00   3.12134217E+07   0.29421043      
  45               8.15498567E-02   4.38075000E-01   911.05346341     1.36330307E-05   3.48281532E+18   3.72253236E+07   0.00000000E+00   3.07774572E+07   0.29335778      
  46               9.64791575E-02   5.01894652E-01   950.83968864     1.49657454E-05   3.82323600E+18   3.72249594E+07   0.00000000E+00   3.03306525E+07   0.29231855      
  47               1.14141560E-01   5.74627440E-01   984.53287762     1.65475958E-05   4.22748404E+18   3.72245359E+07   0.00000000E+00   2.98684622E+07   0.29126168      
  48               1.35037411E-01   6.59309145E-01   1028.54079083    1.81723834E-05   4.64294372E+18   3.72240046E+07   0.00000000E+00   2.93801048E+07   0.29000115      
  49               1.59758657E-01   7.60342065E-01   1066.84430608    2.02028111E-05   5.16218797E+18   3.72234235E+07   0.00000000E+00   2.88527913E+07   0.28871113      
  50               1.89005613E-01   8.85389623E-01   1114.80328147    2.25100183E-05   5.75257154E+18   3.72227420E+07   0.00000000E+00   2.82663652E+07   0.28720176      
  51               2.23606798E-01   1.04286455E+00   1154.62134004    2.55965222E-05   6.54205461E+18   3.72221202E+07   0.00000000E+00   2.76102995E+07   0.28573157      
  52               2.64542408E-01   1.24268292E+00   1202.53114661    2.92821367E-05   7.48496605E+18   3.72214935E+07   0.00000000E+00   2.68804027E+07   0.2840764       
  53               3.12972084E-01   1.49317703E+00   1241.37311228    3.40814621E-05   8.71233980E+18   3.72208673E+07   0.00000000E+00   2.60874587E+07   0.28263058      
  54               3.70267763E-01   1.80171978E+00   1288.64803395    3.96121331E-05   1.01269524E+19   3.72201631E+07   0.00000000E+00   2.52477091E+07   0.28096713      
  55               4.38052539E-01   2.17497551E+00   1326.94137036    4.64366836E-05   1.18721255E+19   3.72198033E+07   0.00000000E+00   2.43774194E+07   0.27957026      
  56               5.18246648E-01   2.61832953E+00   1373.80846175    5.39927829E-05   1.38046041E+19   3.72193518E+07   0.00000000E+00   2.34919862E+07   0.27798881      
  57               6.13121862E-01   3.13667092E+00   1411.35468112    6.29595344E-05   1.60975072E+19   3.72194931E+07   0.00000000E+00   2.26029523E+07   0.27663039      
  58               7.25365844E-01   3.73387871E+00   1457.78695116    7.25586335E-05   1.85520535E+19   3.72194701E+07   0.00000000E+00   2.17193563E+07   0.27495544      
  59               8.58158289E-01   4.41586864E+00   1494.92705853    8.36781759E-05   2.13954775E+19   3.72203754E+07   0.00000000E+00   2.08441145E+07   0.27357392      
  60               1.01526100E+00   5.18260899E+00   1541.72747472    9.52381002E-05   2.43481894E+19   3.72208096E+07   0.00000000E+00   1.99852002E+07   0.27180052      
  61               1.20112443E+00   6.03300903E+00   1579.86778194    1.08187822E-04   2.76591655E+19   3.72243719E+07   0.00000000E+00   1.91474206E+07   0.27038911      
  62               1.42101382E+00   6.94990090E+00   1628.68881313    1.20937780E-04   3.09076751E+19   3.72245161E+07   0.00000000E+00   1.83458033E+07   0.2686118       
  63               1.68115827E+00   7.91105932E+00   1669.75444487    1.34282364E-04   3.43168860E+19   3.72281723E+07   0.00000000E+00   1.75915690E+07   0.26713682      
  64               1.98892727E+00   8.88221712E+00   1722.16653789    1.46215334E-04   3.73570074E+19   3.68575176E+07   3.70280421E+05   1.68984705E+07   0.26521437      
  65               2.35303941E+00   9.78806463E+00   1766.74950065    1.57140440E-04   4.01280163E+19   3.33510578E+07   3.87657236E+06   1.63008446E+07   0.26358269      
  66               2.78380943E+00   1.05851190E+01   1803.65569828    1.66644577E-04   4.25077333E+19   2.92625419E+07   7.96605401E+06   1.58082601E+07   0.26216108      
  67               3.29344035E+00   1.12603199E+01   1832.85792926    1.74447336E-04   4.44987452E+19   2.60474036E+07   1.11823777E+07   1.54122508E+07   0.26092051      
  68               3.89636920E+00   1.20083982E+01   1864.01594868    1.82921445E-04   4.66617796E+19   2.32281461E+07   1.40027930E+07   1.49934737E+07   0.25974361      
  69               4.60967600E+00   1.26299022E+01   1888.32679105    1.89963611E-04   4.84449679E+19   2.03309419E+07   1.69033562E+07   1.46600523E+07   0.25866397      
  70               5.45356761E+00   1.31139653E+01   1906.96850427    1.95313501E-04   4.98099780E+19   1.83247974E+07   1.89119364E+07   1.44087476E+07   0.25768681      
  71               6.45195012E+00   1.36605289E+01   1926.88661495    2.01347571E-04   5.13496152E+19   1.70498828E+07   2.01870072E+07   1.41331334E+07   0.2567493       
  72               7.63310614E+00   1.42750704E+01   1948.96269747    2.08018325E-04   5.30518549E+19   1.58863535E+07   2.13507805E+07   1.38328527E+07   0.2558857       
  73               9.03049593E+00   1.49630361E+01   1972.31965298    2.15448531E-04   5.49500714E+19   1.40985598E+07   2.31346480E+07   1.35078819E+07   0.25523928      
  74               1.06837053E+01   1.54636625E+01   1989.15808611    2.20964719E-04   5.63078445E+19   1.19967787E+07   2.52242442E+07   1.32784080E+07   0.25484996      
  75               1.26395671E+01   1.58173479E+01   2000.42802118    2.24742504E-04   5.72712387E+19   1.07738396E+07   2.64367346E+07   1.31196948E+07   0.25432167      
  76               1.49534878E+01   1.62233717E+01   2013.56970972    2.29003806E-04   5.83579850E+19   1.02227392E+07   2.69859733E+07   1.29407218E+07   0.25379993      
  77               1.76910170E+01   1.66877975E+01   2027.81279481    2.33900836E-04   5.96069639E+19   9.76463611E+06   2.74430243E+07   1.27400533E+07   0.25312943      
  78               2.09297047E+01   1.72168697E+01   2044.09426863    2.39389634E-04   6.10069217E+19   9.34938664E+06   2.78573291E+07   1.25164663E+07   0.25245983      
  79               2.47612977E+01   1.78170968E+01   2061.61473929    2.45623956E-04   6.25972522E+19   8.94600355E+06   2.82599726E+07   1.22689363E+07   0.2516222       
  80               2.92943389E+01   1.84983503E+01   2081.35632106    2.52589134E-04   6.43742826E+19   8.58718397E+06   2.86182513E+07   1.19954308E+07   0.25080452      
  81               3.46572422E+01   1.92689161E+01   2102.52040213    2.60453293E-04   6.63808650E+19   8.19691284E+06   2.90079740E+07   1.16950047E+07   0.24971552      
  82               4.10019301E+01   2.01375902E+01   2125.95876684    2.69182496E-04   6.86085910E+19   7.81319508E+06   2.93911505E+07   1.13669330E+07   0.24873962      
  83               4.85081376E+01   2.11136735E+01   2150.88445621    2.78945367E-04   7.11004844E+19   7.39881480E+06   2.98049813E+07   1.10107245E+07   0.24739605      
  84               5.73885036E+01   2.22070841E+01   2178.03828875    2.89715832E-04   7.38502324E+19   6.99167445E+06   3.02115974E+07   1.06260991E+07   0.24610092      
  85               6.78945948E+01   2.34283741E+01   2206.66198313    3.01662925E-04   7.69010337E+19   6.56581689E+06   3.06369412E+07   1.02129829E+07   0.24453777      
  86               8.03240320E+01   2.47888760E+01   2237.41339490    3.14767226E-04   8.02484107E+19   6.14754940E+06   3.10547308E+07   9.77146940E+06   0.24288703      
  87               9.50289215E+01   2.63007749E+01   2269.52755615    3.29207203E-04   8.39380592E+19   5.72605434E+06   3.14757685E+07   9.30179811E+06   0.24118826      
  88               1.12425830E+02   2.79772334E+01   2303.67117022    3.44959939E-04   8.79650427E+19   5.30810660E+06   3.18932990E+07   8.80431923E+06   0.23926301      
  89               1.33007583E+02   2.98319598E+01   2338.98062189    3.62263543E-04   9.23806473E+19   4.89211824E+06   3.23089015E+07   8.27963573E+06   0.23730959      
  90               1.57357229E+02   3.18805488E+01   2376.19039315    3.81017240E-04   9.71785452E+19   4.50496102E+06   3.26957164E+07   7.72822984E+06   0.23511389      
  91               1.86164557E+02   3.41404432E+01   2414.35778383    4.01502465E-04   1.02422027E+20   4.13923381E+06   3.30611322E+07   7.15043582E+06   0.23293563      
  92               2.20245630E+02   3.66300985E+01   2454.31562983    4.23677356E-04   1.08101946E+20   3.79302924E+06   3.34070703E+07   6.54679437E+06   0.23052298      
  93               2.60565913E+02   3.93696852E+01   2494.99468403    4.47831388E-04   1.14292612E+20   3.45553695E+06   3.37443175E+07   5.91785051E+06   0.22783524      
  94               3.08267614E+02   4.23818949E+01   2537.24435265    4.73934399E-04   1.20988451E+20   3.14326018E+06   3.40563662E+07   5.26401152E+06   0.22518218      
  95               3.64702046E+02   4.56923777E+01   2580.09135757    5.02310112E-04   1.28272782E+20   2.84907116E+06   3.43503530E+07   4.58551375E+06   0.22250056      
  96               4.31467909E+02   4.93298339E+01   2624.41102242    5.32946941E-04   1.36145609E+20   2.57719210E+06   3.46220657E+07   3.88248627E+06   0.21967604      
  97               5.10456573E+02   5.33263361E+01   2669.16333014    5.66237367E-04   1.44707965E+20   2.32274164E+06   3.48763811E+07   3.15497208E+06   0.21690743      
  98               6.03905660E+02   5.77175512E+01   2715.34359770    6.02166888E-04   1.53960369E+20   2.08858710E+06   3.51104357E+07   2.40295102E+06   0.21391459      
  99               7.14462436E+02   6.25429940E+01   2761.76143115    6.41223172E-04   1.64028135E+20   1.87401189E+06   3.53249461E+07   1.62638696E+06   0.21104316      
  100              8.45258798E+02   6.78454121E+01   2809.58962343    6.83359918E-04   1.74905487E+20   1.68326314E+06   3.55156655E+07   8.25358132E+05   0.20817921      
  101              1.00000000E+03   7.36714089E+01   2857.53875867    7.29144231E-04   1.86737992E+20   1.58120088E+06   3.56176599E+07   0.00000000E+00   0.20540682      
