# ATMO pressure-temperature profile
# Effective temperature = 1000.0K
# log(g) = 4.5cm/s^2
# M/H = 0.0
# Optical depth grid in band 17 (1.20-1.33microns)
# All parameters in cgs units
#
# Model Level      Optical Depth    Pressure         Temperature      Density          Number Density   Rad Flux         Conv Flux        Radial Extension Adiabatic Gradient
#                                   [Ba]             [K]              [g/cm^3]         [/cm^3]          [ergs/s/cm^2/sr] [ergs/s/cm^2/sr] [cm]             [K/Ba]          
  1                5.00000000E-05   1.00000000E-05   319.64893973     8.86917095E-10   2.26596173E+14   5.66984971E+07   0.00000000E+00   1.73642010E+07   0.30025751      
  2                5.91534807E-05   2.77026953E-04   362.43164880     2.16701898E-08   5.53632721E+15   5.66984973E+07   0.00000000E+00   1.54380315E+07   0.30054804      
  3                6.99826855E-05   5.43407610E-04   387.68454073     3.97383622E-08   1.01525017E+16   5.66984961E+07   0.00000000E+00   1.51509748E+07   0.30012211      
  4                8.27943887E-05   8.60674256E-04   397.27349230     6.14204536E-08   1.56918831E+16   5.66984981E+07   0.00000000E+00   1.49478967E+07   0.30001004      
  5                9.79515255E-05   1.23431999E-03   413.74338971     8.45781153E-08   2.16083962E+16   5.66984951E+07   0.00000000E+00   1.47839604E+07   0.29983859      
  6                1.15883473E-04   1.67445237E-03   419.44242620     1.13179618E-07   2.89152054E+16   5.66984987E+07   0.00000000E+00   1.46417042E+07   0.299794        
  7                1.37098216E-04   2.19110957E-03   433.14298737     1.43416664E-07   3.66402686E+16   5.66985009E+07   0.00000000E+00   1.45134656E+07   0.29968551      
  8                1.62196734E-04   2.79796403E-03   437.35463393     1.81374432E-07   4.63376744E+16   5.66984982E+07   0.00000000E+00   1.43944793E+07   0.2996612       
  9                1.91890027E-04   3.50959982E-03   450.09819334     2.21066801E-07   5.64775916E+16   5.66984789E+07   0.00000000E+00   1.42820941E+07   0.29957634      
  10               2.27019260E-04   4.34575243E-03   453.94566633     2.71428264E-07   6.93404966E+16   5.66985002E+07   0.00000000E+00   1.41741497E+07   0.2995588       
  11               2.68579588E-04   5.32546761E-03   465.17850463     3.24586968E-07   8.29208889E+16   5.66984991E+07   0.00000000E+00   1.40697722E+07   0.29949353      
  12               3.17748350E-04   6.47247653E-03   468.52765787     3.91677970E-07   1.00060136E+17   5.66984993E+07   0.00000000E+00   1.39680450E+07   0.29947997      
  13               3.75918418E-04   7.81520043E-03   479.82666470     4.61794397E-07   1.17972717E+17   5.66984949E+07   0.00000000E+00   1.38682066E+07   0.29941789      
  14               4.44737657E-04   9.38802538E-03   483.24685021     5.50806404E-07   1.40711976E+17   5.66984982E+07   0.00000000E+00   1.37695885E+07   0.29940396      
  15               5.26155608E-04   1.12300606E-02   494.88225919     6.43388062E-07   1.64363756E+17   5.66984953E+07   0.00000000E+00   1.36717382E+07   0.2994144       
  16               6.22478712E-04   1.33886306E-02   498.65439327     7.61254759E-07   1.94474359E+17   5.66984990E+07   0.00000000E+00   1.35742022E+07   0.29938419      
  17               7.36435649E-04   1.59179023E-02   510.90700102     8.83357504E-07   2.25667917E+17   5.66984853E+07   0.00000000E+00   1.34766668E+07   0.29925479      
  18               8.71254639E-04   1.88826722E-02   515.13819185     1.03928067E-06   2.65500623E+17   5.66984997E+07   0.00000000E+00   1.33788178E+07   0.29919998      
  19               1.03075489E-03   2.23568171E-02   527.96462578     1.20059722E-06   3.06712156E+17   5.66984900E+07   0.00000000E+00   1.32804659E+07   0.29914521      
  20               1.21945479E-03   2.64292376E-02   532.80784150     1.40639309E-06   3.59285646E+17   5.66985068E+07   0.00000000E+00   1.31813597E+07   0.29916019      
  21               1.44269991E-03   3.12021914E-02   546.57690554     1.61854790E-06   4.13484905E+17   5.66984879E+07   0.00000000E+00   1.30813203E+07   0.29910425      
  22               1.70681442E-03   3.67976767E-02   552.36338355     1.88880719E-06   4.82526710E+17   5.66985169E+07   0.00000000E+00   1.29801202E+07   0.29907876      
  23               2.01928028E-03   4.33542869E-02   567.35866851     2.16653400E-06   5.53477782E+17   5.66984833E+07   0.00000000E+00   1.28776251E+07   0.2989739       
  24               2.38894914E-03   5.10362655E-02   574.46569183     2.51887234E-06   6.43488264E+17   5.66985207E+07   0.00000000E+00   1.27736361E+07   0.29891853      
  25               2.82629313E-03   6.00295566E-02   591.08513177     2.87942342E-06   7.35598678E+17   5.66984682E+07   0.00000000E+00   1.26680364E+07   0.29878359      
  26               3.34370152E-03   7.05507403E-02   599.78812955     3.33498746E-06   8.51980291E+17   5.66985450E+07   0.00000000E+00   1.25606709E+07   0.29870876      
  27               3.95583167E-03   8.28393976E-02   618.12762064     3.79969201E-06   9.70699088E+17   5.66984443E+07   0.00000000E+00   1.24515059E+07   0.2985507       
  28               4.68002425E-03   9.71715972E-02   628.59036183     4.38289626E-06   1.11968913E+18   5.66985685E+07   0.00000000E+00   1.23404458E+07   0.29846146      
  29               5.53679448E-03   1.13864341E-01   648.81724559     4.97569955E-06   1.27113358E+18   5.66984435E+07   0.00000000E+00   1.22274089E+07   0.29827161      
  30               6.55041330E-03   1.33283476E-01   661.34346114     5.71396938E-06   1.45973857E+18   5.66985964E+07   0.00000000E+00   1.21122404E+07   0.2981212       
  31               7.74959494E-03   1.55828959E-01   683.71687158     6.46189661E-06   1.65081236E+18   5.66984090E+07   0.00000000E+00   1.19949099E+07   0.29782122      
  32               9.16831029E-03   1.81944348E-01   698.49655802     7.38519943E-06   1.88668823E+18   5.66986378E+07   0.00000000E+00   1.18753639E+07   0.29761374      
  33               1.08467493E-02   2.12106692E-01   723.17798035     8.31567607E-06   2.12439376E+18   5.66983932E+07   0.00000000E+00   1.17536513E+07   0.29729064      
  34               1.28324595E-02   2.46834406E-01   740.48710293     9.45096816E-06   2.41442676E+18   5.66986673E+07   0.00000000E+00   1.16297747E+07   0.2970472       
  35               1.51816929E-02   2.86682041E-01   767.57979465     1.05892933E-05   2.70522127E+18   5.66983933E+07   0.00000000E+00   1.15038150E+07   0.29660198      
  36               1.79609996E-02   3.32300730E-01   787.46311133     1.19644676E-05   3.05651771E+18   5.66986888E+07   0.00000000E+00   1.13756519E+07   0.29621565      
  37               2.12491128E-02   3.84443008E-01   817.08802568     1.33399722E-05   3.40791662E+18   5.66984096E+07   0.00000000E+00   1.12451352E+07   0.2956039       
  38               2.51391797E-02   4.43902339E-01   839.72722229     1.49878974E-05   3.82890896E+18   5.66986929E+07   0.00000000E+00   1.11121595E+07   0.29508667      
  39               2.97413996E-02   5.11561720E-01   872.02604585     1.66325744E-05   4.24907524E+18   5.66984346E+07   0.00000000E+00   1.09766473E+07   0.29432399      
  40               3.51861462E-02   5.88338501E-01   897.46021259     1.85867136E-05   4.74829732E+18   5.66986991E+07   0.00000000E+00   1.08385614E+07   0.29367005      
  41               4.16276604E-02   6.75300148E-01   932.56047355     2.05310040E-05   5.24500227E+18   5.66984633E+07   0.00000000E+00   1.06977870E+07   0.29273282      
  42               4.92484201E-02   7.73731588E-01   960.99548681     2.28280405E-05   5.83169522E+18   5.66986873E+07   0.00000000E+00   1.05540073E+07   0.29191613      
  43               5.82643093E-02   8.85687665E-01   999.24249573     2.51303583E-05   6.42000757E+18   5.66984805E+07   0.00000000E+00   1.04061917E+07   0.29079054      
  44               6.89307339E-02   1.01383978E+00   1031.01729536    2.78791195E-05   7.12244686E+18   5.66986899E+07   0.00000000E+00   1.02530857E+07   0.28979028      
  45               8.15498567E-02   1.16284319E+00   1073.01239888    3.07229250E-05   7.84950471E+18   5.66985190E+07   0.00000000E+00   1.00920801E+07   0.28844247      
  46               9.64791575E-02   1.33873246E+00   1108.66947144    3.42300022E-05   8.74616254E+18   5.66988092E+07   0.00000000E+00   9.92055975E+06   0.28722062      
  47               1.14141560E-01   1.55118422E+00   1153.81446324    3.81059038E-05   9.73762932E+18   5.66986355E+07   0.00000000E+00   9.73453007E+06   0.28564776      
  48               1.35037411E-01   1.81090279E+00   1191.27456159    4.30834205E-05   1.10105524E+19   5.66989430E+07   0.00000000E+00   9.53182629E+06   0.28428368      
  49               1.59758657E-01   2.13126485E+00   1237.34028683    4.88120040E-05   1.24759639E+19   5.66986743E+07   0.00000000E+00   9.31090498E+06   0.28265258      
  50               1.89005613E-01   2.52440360E+00   1274.85336427    5.61110609E-05   1.43424847E+19   5.66992899E+07   0.00000000E+00   9.07335046E+06   0.28131051      
  51               2.23606798E-01   3.00212226E+00   1321.09686655    6.43885004E-05   1.64596104E+19   5.66985678E+07   0.00000000E+00   8.82201625E+06   0.27971257      
  52               2.64542408E-01   3.57411968E+00   1358.72806374    7.45302742E-05   1.90529569E+19   5.66992285E+07   0.00000000E+00   8.56090486E+06   0.27839297      
  53               3.12972084E-01   4.24947423E+00   1405.26696068    8.56738924E-05   2.19029294E+19   5.66971618E+07   0.00000000E+00   8.29363781E+06   0.27677241      
  54               3.70267763E-01   5.03869243E+00   1442.81846004    9.89389727E-05   2.52948436E+19   5.66975551E+07   0.00000000E+00   8.02256227E+06   0.27537012      
  55               4.38052539E-01   5.94846656E+00   1489.26915188    1.13158888E-04   2.89306153E+19   5.66951113E+07   0.00000000E+00   7.75066165E+06   0.27365239      
  56               5.18246648E-01   6.98323231E+00   1526.59693155    1.29592484E-04   3.31327851E+19   5.66982228E+07   0.00000000E+00   7.48044732E+06   0.27223725      
  57               6.13121862E-01   8.14288334E+00   1573.36121313    1.46626560E-04   3.74865621E+19   5.66975042E+07   0.00000000E+00   7.21441342E+06   0.2705473       
  58               7.25365844E-01   9.41230700E+00   1611.09199180    1.65584389E-04   4.23157054E+19   5.67077070E+07   0.00000000E+00   6.95676927E+06   0.26918411      
  59               8.58158289E-01   1.07786839E+01   1658.81185781    1.84168028E-04   4.70646078E+19   5.67114476E+07   0.00000000E+00   6.70933713E+06   0.26751648      
  60               1.01526100E+00   1.22253702E+01   1698.44465497    2.04020766E-04   5.21358502E+19   5.67369247E+07   0.00000000E+00   6.47332627E+06   0.26604322      
  61               1.20112443E+00   1.36872674E+01   1748.74639146    2.21903887E-04   5.66912145E+19   5.66954021E+07   0.00000000E+00   6.25605210E+06   0.26419355      
  62               1.42101382E+00   1.50625873E+01   1793.53610358    2.38227917E-04   6.08296464E+19   5.28729788E+07   3.83262635E+06   6.06688730E+06   0.26258162      
  63               1.68115827E+00   1.62921938E+01   1830.60514563    2.52721324E-04   6.44630319E+19   4.79000412E+07   8.81092445E+06   5.90840623E+06   0.26121486      
  64               1.98892727E+00   1.73501629E+01   1861.01553546    2.64729767E-04   6.75273020E+19   4.34532658E+07   1.32605311E+07   5.77906084E+06   0.25996266      
  65               2.35303941E+00   1.85195265E+01   1892.61360098    2.77844869E-04   7.08751127E+19   3.90717344E+07   1.76473038E+07   5.64271331E+06   0.25883873      
  66               2.78380943E+00   1.94527036E+01   1916.93973423    2.88231830E-04   7.35016944E+19   3.44994575E+07   2.22251974E+07   5.53843026E+06   0.25780677      
  67               3.29344035E+00   2.01404366E+01   1933.99973054    2.95785862E-04   7.54289931E+19   3.11793898E+07   2.55489055E+07   5.46394673E+06   0.25686335      
  68               3.89636920E+00   2.09194630E+01   1953.07082998    3.04222206E-04   7.75815369E+19   2.89087840E+07   2.78237629E+07   5.38182310E+06   0.25595333      
  69               4.60967600E+00   2.17983067E+01   1973.55683417    3.13706821E-04   8.00016529E+19   2.69566134E+07   2.97802572E+07   5.29186209E+06   0.25511001      
  70               5.45356761E+00   2.27855133E+01   1996.11220202    3.24202007E-04   8.26798550E+19   2.50253588E+07   3.17191264E+07   5.19397208E+06   0.25450593      
  71               6.45195012E+00   2.38893236E+01   2020.10732907    3.35849866E-04   8.56554989E+19   2.22551191E+07   3.44879605E+07   5.08818948E+06   0.254088        
  72               7.63310614E+00   2.47083714E+01   2037.63019000    3.44666080E-04   8.78303459E+19   1.91241507E+07   3.75744434E+07   5.01205435E+06   0.25362539      
  73               9.03049593E+00   2.53032499E+01   2049.78484343    3.50866274E-04   8.94116002E+19   1.71827841E+07   3.94753529E+07   4.95795921E+06   0.25312485      
  74               1.06837053E+01   2.59849852E+01   2063.78041386    3.57870473E-04   9.11978978E+19   1.61740703E+07   4.04855119E+07   4.89712019E+06   0.25253593      
  75               1.26395671E+01   2.67632497E+01   2079.03057806    3.65877909E-04   9.32403315E+19   1.54078712E+07   4.12536128E+07   4.82910652E+06   0.25188919      
  76               1.49534878E+01   2.76516320E+01   2096.35227957    3.74890284E-04   9.55393634E+19   1.47761823E+07   4.18877370E+07   4.75325228E+06   0.25113406      
  77               1.76910170E+01   2.86622776E+01   2115.13367539    3.85130902E-04   9.81519016E+19   1.41547330E+07   4.25116207E+07   4.66914323E+06   0.25030535      
  78               2.09297047E+01   2.98081111E+01   2136.13098003    3.96576788E-04   1.01072362E+20   1.35448871E+07   4.31238557E+07   4.57642740E+06   0.24936976      
  79               2.47612977E+01   3.11028532E+01   2158.67908683    4.09463981E-04   1.04360941E+20   1.29085942E+07   4.37624317E+07   4.47482312E+06   0.24836274      
  80               2.92943389E+01   3.25610608E+01   2183.51585784    4.23764963E-04   1.08011012E+20   1.22715930E+07   4.44015846E+07   4.36412270E+06   0.247225        
  81               3.46572422E+01   3.41981936E+01   2209.91084374    4.39731115E-04   1.12086744E+20   1.16089135E+07   4.50662626E+07   4.24419262E+06   0.2459866       
  82               4.10019301E+01   3.60307184E+01   2238.58577594    4.57329323E-04   1.16580260E+20   1.09500557E+07   4.57269580E+07   4.11496892E+06   0.24458013      
  83               4.85081376E+01   3.80762414E+01   2268.74104047    4.76832081E-04   1.21561201E+20   1.02741003E+07   4.64046081E+07   3.97645047E+06   0.24307484      
  84               5.73885036E+01   4.03536734E+01   2301.10155015    4.98198613E-04   1.27020299E+20   9.59858827E+06   4.70816601E+07   3.82868871E+06   0.24142314      
  85               6.78945948E+01   4.28827707E+01   2334.79956552    5.21778192E-04   1.33032905E+20   8.90764244E+06   4.77739944E+07   3.67182032E+06   0.23968077      
  86               8.03240320E+01   4.56857678E+01   2370.57861395    5.47424640E-04   1.39589389E+20   8.24928181E+06   4.84335965E+07   3.50596919E+06   0.23778         
  87               9.50289215E+01   4.87873154E+01   2407.52778030    5.75533175E-04   1.46778165E+20   7.60781345E+06   4.90761999E+07   3.33123328E+06   0.23580714      
  88               1.12425830E+02   5.22138342E+01   2446.42872570    6.06057182E-04   1.54589096E+20   6.99304805E+06   4.96920295E+07   3.14776442E+06   0.23369503      
  89               1.33007583E+02   5.59942695E+01   2486.30913363    6.39388185E-04   1.63122661E+20   6.39016726E+06   5.02957577E+07   2.95571894E+06   0.23150732      
  90               1.57357229E+02   6.01606378E+01   2527.99822272    6.75481346E-04   1.72369931E+20   5.82512536E+06   5.08613842E+07   2.75523929E+06   0.22915792      
  91               1.86164557E+02   6.47497506E+01   2570.47868532    7.14810211E-04   1.82452548E+20   5.29797655E+06   5.13890343E+07   2.54639218E+06   0.22675424      
  92               2.20245630E+02   6.98025694E+01   2614.66498293    7.57344876E-04   1.93366483E+20   4.81754883E+06   5.18698900E+07   2.32922532E+06   0.22421771      
  93               2.60565913E+02   7.53648248E+01   2659.48208138    8.03649458E-04   2.05256758E+20   4.36823230E+06   5.23196008E+07   2.10376351E+06   0.22164625      
  94               3.08267614E+02   8.14875538E+01   2705.92233667    8.53703178E-04   2.18123166E+20   3.95525799E+06   5.27330095E+07   1.87000856E+06   0.21893367      
  95               3.64702046E+02   8.82276489E+01   2752.83543031    9.08184553E-04   2.32140169E+20   3.56831656E+06   5.31204497E+07   1.62794565E+06   0.21622547      
  96               4.31467909E+02   9.56483547E+01   2801.31446770    9.67073762E-04   2.47309887E+20   3.21412372E+06   5.34752498E+07   1.37754732E+06   0.21347577      
  97               5.10456573E+02   1.03819699E+02   2850.15102666    1.03117147E-03   2.63838234E+20   2.88382430E+06   5.38063340E+07   1.11878472E+06   0.21079876      
  98               6.03905660E+02   1.12818975E+02   2900.52969003    1.10045112E-03   2.81728429E+20   2.58269259E+06   5.41084481E+07   8.51631527E+05   0.20807913      
  99               7.14462436E+02   1.22731193E+02   2951.14299970    1.17586312E-03   3.01224674E+20   2.30622481E+06   5.43861209E+07   5.76074901E+05   0.20542593      
  100              8.45258798E+02   1.33648465E+02   3003.26122784    1.25735411E-03   3.22327015E+20   2.06185791E+06   5.46323776E+07   2.92145022E+05   0.20272692      
  101              1.00000000E+03   1.45666855E+02   3055.44506033    1.34600446E-03   3.45312345E+20   1.93240337E+06   5.47630261E+07   0.00000000E+00   0.2000518       
