# ATMO pressure-temperature profile
# Effective temperature = 2400.0K
# log(g) = 5.0cm/s^2
# M/H = 0.0
# Optical depth grid in band 17 (1.20-1.33microns)
# All parameters in cgs units
#
# Model Level      Optical Depth    Pressure         Temperature      Density          Number Density   Rad Flux         Conv Flux        Radial Extension Adiabatic Gradient
#                                   [Ba]             [K]              [g/cm^3]         [/cm^3]          [ergs/s/cm^2/sr] [ergs/s/cm^2/sr] [cm]             [K/Ba]          
  1                1.00000000E-08   1.00000000E-05   721.42071684     3.92603602E-10   1.00400813E+14   1.88113565E+09   0.00000000E+00   1.03394931E+07   0.29678481      
  2                1.28824955E-08   1.08872172E-05   750.21733804     4.11029004E-10   1.05112806E+14   1.88113565E+09   0.00000000E+00   1.03174071E+07   0.29627997      
  3                1.65958691E-08   1.20149570E-05   738.89009641     4.60558871E-10   1.17779096E+14   1.88113565E+09   0.00000000E+00   1.02914874E+07   0.29640481      
  4                2.13796209E-08   1.34513741E-05   765.31663285     4.97815178E-10   1.27306723E+14   1.88113565E+09   0.00000000E+00   1.02614885E+07   0.29589794      
  5                2.75422870E-08   1.52798710E-05   754.42959988     5.73645623E-10   1.46698883E+14   1.88113565E+09   0.00000000E+00   1.02272718E+07   0.29602883      
  6                3.54813389E-08   1.76098481E-05   780.27463192     6.39220547E-10   1.63468456E+14   1.88113565E+09   0.00000000E+00   1.01887945E+07   0.29549052      
  7                4.57088190E-08   2.05758335E-05   770.54694064     7.56312035E-10   1.93412339E+14   1.88113565E+09   0.00000000E+00   1.01461372E+07   0.29560472      
  8                5.88843655E-08   2.43529786E-05   796.51984849     8.65960464E-10   2.21452876E+14   1.88113565E+09   0.00000000E+00   1.00994644E+07   0.2950203       
  9                7.58577575E-08   2.91563864E-05   788.42496001     1.04740821E-09   2.67854639E+14   1.88113565E+09   0.00000000E+00   1.00490282E+07   0.29509925      
  10               9.77237221E-08   3.52653162E-05   814.90567352     1.22569665E-09   3.13448561E+14   1.88113565E+09   0.00000000E+00   9.99511238E+06   0.29446095      
  11               1.25892541E-07   4.30223278E-05   808.57465235     1.50701089E-09   3.85389273E+14   1.88113565E+09   0.00000000E+00   9.93803753E+06   0.29449497      
  12               1.62181010E-07   5.28714547E-05   835.61177688     1.79208765E-09   4.58292286E+14   1.88113565E+09   0.00000000E+00   9.87810536E+06   0.29380875      
  13               2.08929613E-07   6.53566514E-05   830.91765641     2.22779069E-09   5.69714987E+14   1.88113565E+09   0.00000000E+00   9.81561995E+06   0.2937972       
  14               2.69153480E-07   8.11818343E-05   858.38530284     2.67866935E-09   6.85018699E+14   1.88113565E+09   0.00000000E+00   9.75083829E+06   0.29308314      
  15               3.46736850E-07   1.01209190E-04   855.01412842     3.35265767E-09   8.57378316E+14   1.88113565E+09   0.00000000E+00   9.68400859E+06   0.29303424      
  16               4.46683592E-07   1.26550467E-04   882.80014658     4.06016667E-09   1.03831038E+15   1.88113565E+09   0.00000000E+00   9.61532357E+06   0.29396488      
  17               5.75439937E-07   1.58567430E-04   880.45619670     5.10092301E-09   1.30446393E+15   1.88113565E+09   0.00000000E+00   9.54497037E+06   0.293907        
  18               7.41310241E-07   1.99004129E-04   908.65891800     6.20302720E-09   1.58630624E+15   1.88113565E+09   0.00000000E+00   9.47308351E+06   0.29330777      
  19               9.54992586E-07   2.49993746E-04   907.26082545     7.80439970E-09   1.99582668E+15   1.88113565E+09   0.00000000E+00   9.39979934E+06   0.29322675      
  20               1.23026877E-06   3.14250434E-04   936.22108878     9.50692233E-09   2.43121467E+15   1.88113565E+09   0.00000000E+00   9.32520109E+06   0.29256879      
  21               1.58489319E-06   3.95169194E-04   935.74486094     1.19610177E-08   3.05880273E+15   1.88113565E+09   0.00000000E+00   9.24931797E+06   0.29246168      
  22               2.04173794E-06   4.97076365E-04   965.71770373     1.45785854E-08   3.72819621E+15   1.88113565E+09   0.00000000E+00   9.17214538E+06   0.29173579      
  23               2.63026799E-06   6.25307339E-04   966.21504745     1.83299894E-08   4.68754628E+15   1.88113565E+09   0.00000000E+00   9.09370239E+06   0.29159796      
  24               3.38844156E-06   7.86604033E-04   997.33086984     2.23387749E-08   5.71271748E+15   1.88113565E+09   0.00000000E+00   9.01399204E+06   0.29079936      
  25               4.36515832E-06   9.89250100E-04   998.84796856     2.80510536E-08   7.17352393E+15   1.88113565E+09   0.00000000E+00   8.93303886E+06   0.29062618      
  26               5.62341325E-06   1.24368940E-03   1031.04415911    3.41646587E-08   8.73696322E+15   1.88113565E+09   0.00000000E+00   8.85084846E+06   0.2897554       
  27               7.24435960E-06   1.56268252E-03   1033.54881247    4.28235041E-08   1.09512981E+16   1.88113565E+09   0.00000000E+00   8.76745122E+06   0.28954897      
  28               9.33254301E-06   1.96231236E-03   1066.64606295    5.21062940E-08   1.33251972E+16   1.88113565E+09   0.00000000E+00   8.68285094E+06   0.28860935      
  29               1.20226443E-05   2.46213054E-03   1070.01679149    6.51722752E-08   1.66665735E+16   1.88113565E+09   0.00000000E+00   8.59708092E+06   0.28837163      
  30               1.54881662E-05   3.08670518E-03   1103.92833425    7.91947872E-08   2.02525685E+16   1.88113565E+09   0.00000000E+00   8.51014392E+06   0.28736832      
  31               1.99526231E-05   3.86574209E-03   1108.15372071    9.88041556E-08   2.52672924E+16   1.88113565E+09   0.00000000E+00   8.42207511E+06   0.28709913      
  32               2.57039578E-05   4.83673178E-03   1142.83466195    1.19870096E-07   3.06545144E+16   1.88113565E+09   0.00000000E+00   8.33285317E+06   0.28603432      
  33               3.31131121E-05   6.04671588E-03   1147.65746785    1.49227733E-07   3.81621747E+16   1.88113565E+09   0.00000000E+00   8.24238424E+06   0.28574339      
  34               4.26579519E-05   7.55525944E-03   1183.11771810    1.80868812E-07   4.62537835E+16   1.88113565E+09   0.00000000E+00   8.15056127E+06   0.28462059      
  35               5.49540874E-05   9.43503297E-03   1188.60268704    2.24827268E-07   5.74953277E+16   1.88113565E+09   0.00000000E+00   8.05734340E+06   0.28430566      
  36               7.07945784E-05   1.17769807E-02   1225.00904585    2.72293354E-07   6.96338657E+16   1.88113564E+09   0.00000000E+00   7.96269042E+06   0.28174644      
  37               9.12010839E-05   1.46918684E-02   1231.21720024    3.37975078E-07   8.64307329E+16   1.88113565E+09   0.00000000E+00   7.86660423E+06   0.28179416      
  38               1.17489755E-04   1.83159157E-02   1268.92185314    4.08825349E-07   1.04548932E+17   1.88113564E+09   0.00000000E+00   7.76910908E+06   0.28139092      
  39               1.51356125E-04   2.28132696E-02   1276.24814084    5.06286394E-07   1.29472713E+17   1.88113564E+09   0.00000000E+00   7.67025604E+06   0.28137547      
  40               1.94984460E-04   2.83809055E-02   1315.81680940    6.10915504E-07   1.56227203E+17   1.88113562E+09   0.00000000E+00   7.57014472E+06   0.28076344      
  41               2.51188643E-04   3.52536534E-02   1324.97004542    7.53613342E-07   1.92718723E+17   1.88113563E+09   0.00000000E+00   7.46885493E+06   0.28019684      
  42               3.23593657E-04   4.36827607E-02   1366.79596836    9.05279850E-07   2.31489996E+17   1.88113560E+09   0.00000000E+00   7.36680344E+06   0.27848505      
  43               4.16869383E-04   5.39997777E-02   1378.00652956    1.10997813E-06   2.83835384E+17   1.88113561E+09   0.00000000E+00   7.26388208E+06   0.27778067      
  44               5.37031796E-04   6.65047698E-02   1422.73977608    1.32422238E-06   3.38573654E+17   1.88113558E+09   0.00000000E+00   7.16073575E+06   0.27607385      
  45               6.91830971E-04   8.12107367E-02   1437.00536685    1.60151920E-06   4.09336903E+17   1.88113556E+09   0.00000000E+00   7.05974988E+06   0.27538774      
  46               8.91250938E-04   9.84823375E-02   1485.15277710    1.87935167E-06   4.80300519E+17   1.88113543E+09   0.00000000E+00   6.96019384E+06   0.27333535      
  47               1.14815362E-03   1.19065075E-01   1503.08096853    2.24500587E-06   5.73756812E+17   1.88113549E+09   0.00000000E+00   6.85998861E+06   0.27245317      
  48               1.47910839E-03   1.42502165E-01   1555.23729304    2.59794006E-06   6.63667635E+17   1.88113535E+09   0.00000000E+00   6.76293789E+06   0.27006883      
  49               1.90546072E-03   1.67793448E-01   1576.82643903    3.01783867E-06   7.70756056E+17   1.88113558E+09   0.00000000E+00   6.67261213E+06   0.26900347      
  50               2.45470892E-03   1.92823208E-01   1630.33582442    3.35873111E-06   8.56659178E+17   1.88113509E+09   0.00000000E+00   6.59398546E+06   0.26656395      
  51               3.16227766E-03   2.16662990E-01   1652.18775960    3.72386579E-06   9.49841568E+17   1.88113581E+09   0.00000000E+00   6.52657648E+06   0.26559269      
  52               4.07380278E-03   2.39322031E-01   1695.10632697    4.01304856E-06   1.02261362E+18   1.88113523E+09   0.00000000E+00   6.46795138E+06   0.26327767      
  53               5.24807460E-03   2.58117607E-01   1708.42817994    4.29441892E-06   1.09432607E+18   1.88113617E+09   0.00000000E+00   6.42267556E+06   0.2626805       
  54               6.76082975E-03   2.80716258E-01   1745.40024321    4.57124813E-06   1.16492609E+18   1.88113581E+09   0.00000000E+00   6.37167046E+06   0.2603878       
  55               8.70963590E-03   3.07623048E-01   1765.55969886    4.95207278E-06   1.26200857E+18   1.88113613E+09   0.00000000E+00   6.31511804E+06   0.25934308      
  56               1.12201845E-02   3.39329700E-01   1810.16275436    5.32743110E-06   1.35778213E+18   1.88113612E+09   0.00000000E+00   6.25338760E+06   0.25619849      
  57               1.44543977E-02   3.76084224E-01   1839.47634851    5.81001831E-06   1.48086936E+18   1.88113648E+09   0.00000000E+00   6.18732378E+06   0.25446718      
  58               1.86208714E-02   4.17999953E-01   1892.58857072    6.27534905E-06   1.59972694E+18   1.88113656E+09   0.00000000E+00   6.11790575E+06   0.25008319      
  59               2.39883292E-02   4.65671370E-01   1927.03276359    6.86525321E-06   1.75031526E+18   1.88113661E+09   0.00000000E+00   6.04527643E+06   0.24761436      
  60               3.09029543E-02   5.21227471E-01   1977.93993443    7.48477866E-06   1.90871039E+18   1.88113661E+09   0.00000000E+00   5.96777362E+06   0.24277475      
  61               3.98107171E-02   5.85718480E-01   2017.46400200    8.24437298E-06   2.10285328E+18   1.88113643E+09   0.00000000E+00   5.88567554E+06   0.23952988      
  62               5.12861384E-02   6.60288520E-01   2075.42629904    9.03075356E-06   2.30437031E+18   1.88100855E+09   1.85066872E+06   5.79925247E+06   0.23328845      
  63               6.60693448E-02   7.45517077E-01   2134.26435520    9.91009545E-06   2.53008565E+18   1.87622900E+09   4.90425912E+06   5.70915931E+06   0.22664087      
  64               8.51138038E-02   8.43044907E-01   2193.61119634    1.08960689E-05   2.78366452E+18   1.86630256E+09   1.48299653E+07   5.61530294E+06   0.21962084      
  65               1.09647820E-01   9.54773801E-01   2253.45288455    1.20024690E-05   3.06886547E+18   1.85014806E+09   3.09842088E+07   5.51760040E+06   0.21227852      
  66               1.41253754E-01   1.08289857E+00   2313.38244485    1.32471033E-05   3.39051902E+18   1.82637798E+09   5.47543014E+07   5.41598738E+06   0.20442362      
  67               1.81970086E-01   1.22972475E+00   2373.13798590    1.46484020E-05   3.75327824E+18   1.79347789E+09   8.76545851E+07   5.31057942E+06   0.19680682      
  68               2.34422882E-01   1.39811123E+00   2432.72074619    1.62236626E-05   4.16270185E+18   1.75013661E+09   1.30996192E+08   5.20134683E+06   0.1894137       
  69               3.01995172E-01   1.59152361E+00   2491.99972313    1.79998844E-05   4.62584349E+18   1.69517648E+09   1.85956788E+08   5.08816142E+06   0.18240249      
  70               3.89045145E-01   1.81360061E+00   2551.02428237    2.00006993E-05   5.14935580E+18   1.62690473E+09   2.54229004E+08   4.97111380E+06   0.17588052      
  71               5.01187234E-01   2.06848854E+00   2609.64898136    2.22542790E-05   5.74112316E+18   1.54428884E+09   3.36845161E+08   4.85029431E+06   0.16970856      
  72               6.45654229E-01   2.36081457E+00   2667.85554658    2.47901868E-05   6.40951851E+18   1.44689068E+09   4.34243264E+08   4.72583187E+06   0.16412045      
  73               8.31763771E-01   2.69567618E+00   2725.65936427    2.76395210E-05   7.16344583E+18   1.33482972E+09   5.46303824E+08   4.59790022E+06   0.15893043      
  74               1.07151931E+00   3.07868052E+00   2782.92186582    3.08373607E-05   8.01289496E+18   1.20928491E+09   6.71848083E+08   4.46670512E+06   0.15419426      
  75               1.38038426E+00   3.51597039E+00   2839.72216161    3.44184433E-05   8.96799169E+18   1.07294898E+09   8.08183327E+08   4.33247410E+06   0.15015135      
  76               1.77827941E+00   4.01425600E+00   2896.13088137    3.84193629E-05   1.00395147E+19   9.29985722E+08   9.51145752E+08   4.19544108E+06   0.14652621      
  77               2.29086765E+00   4.58088954E+00   2952.06420680    4.28816650E-05   1.12395742E+19   7.86382706E+08   1.09474789E+09   4.05583362E+06   0.143334        
  78               2.95120923E+00   5.22390180E+00   3007.64886396    4.78459475E-05   1.25803786E+19   6.49226394E+08   1.23190316E+09   3.91386977E+06   0.14059984      
  79               3.80189396E+00   5.95196248E+00   3062.85081354    5.33574190E-05   1.40753817E+19   5.25327233E+08   1.35580138E+09   3.76976973E+06   0.13811022      
  80               4.89778819E+00   6.77420393E+00   3117.64278113    5.94616637E-05   1.57382976E+19   4.19999059E+08   1.46112916E+09   3.62378769E+06   0.13598776      
  81               6.30957344E+00   7.70091589E+00   3172.13216900    6.62070978E-05   1.75839705E+19   3.35217472E+08   1.54591090E+09   3.47608462E+06   0.13416736      
  82               8.12830516E+00   8.74388487E+00   3226.32596103    7.36526548E-05   1.96300781E+19   2.69296693E+08   1.61183204E+09   3.32672267E+06   0.13266958      
  83               1.04712855E+01   9.91648277E+00   3280.42043908    8.18590743E-05   2.18954559E+19   2.18041999E+08   1.66308753E+09   3.17570206E+06   0.13133119      
  84               1.34896288E+01   1.12340108E+01   3334.33576022    9.09053735E-05   2.44034566E+19   1.77555735E+08   1.70357485E+09   3.02296448E+06   0.13025434      
  85               1.73780083E+01   1.27138825E+01   3388.39569718    1.00865304E-04   2.71775255E+19   1.44979003E+08   1.73615229E+09   2.86841327E+06   0.12930147      
  86               2.23872114E+01   1.43760441E+01   3442.42828271    1.11843475E-04   3.02482556E+19   1.18584022E+08   1.76254801E+09   2.71191463E+06   0.12856351      
  87               2.88403150E+01   1.62432179E+01   3496.86327208    1.23929478E-04   3.36449012E+19   9.72192504E+07   1.78391353E+09   2.55331374E+06   0.1279275       
  88               3.71535229E+01   1.83413945E+01   3551.43865187    1.37259685E-04   3.74070858E+19   7.98830220E+07   1.80125041E+09   2.39243584E+06   0.12750952      
  89               4.78630092E+01   2.07001157E+01   3606.70455825    1.51940113E-04   4.15707676E+19   6.57297205E+07   1.81540385E+09   2.22909976E+06   0.12717634      
  90               6.16595002E+01   2.33531712E+01   3662.27917722    1.68147935E-04   4.61870533E+19   5.40639399E+07   1.82706967E+09   2.06311152E+06   0.12701569      
  91               7.94328235E+01   2.63390778E+01   3718.81128098    1.86010259E-04   5.13005789E+19   4.44648801E+07   1.83666869E+09   1.89427156E+06   0.12691548      
  92               1.02329299E+02   2.97019612E+01   3775.81088679    2.05756380E-04   5.69771513E+19   3.65430981E+07   1.84459017E+09   1.72237004E+06   0.12697373      
  93               1.31825674E+02   3.34921146E+01   3834.03722996    2.27537660E-04   6.32720757E+19   3.00825412E+07   1.85105003E+09   1.54719712E+06   0.12709221      
  94               1.69824365E+02   3.77670894E+01   3892.89554088    2.51648001E-04   7.02694584E+19   2.47638759E+07   1.85636787E+09   1.36853871E+06   0.12733906      
  95               2.18776162E+02   4.25928524E+01   3953.23558857    2.78271210E-04   7.80386717E+19   2.04108374E+07   1.86071994E+09   1.18617059E+06   0.12761897      
  96               2.81838293E+02   4.80453273E+01   4014.36082442    3.07787847E-04   8.66883208E+19   1.68063780E+07   1.86432289E+09   9.99855791E+05   0.12799686      
  97               3.63078055E+02   5.42119441E+01   4077.21740932    3.40426071E-04   9.63067998E+19   1.38587118E+07   1.86726890E+09   8.09343155E+05   0.12842599      
  98               4.67735141E+02   6.11935297E+01   4141.04886801    3.76673748E-04   1.07033811E+20   1.14308412E+07   1.86969514E+09   6.14370627E+05   0.12900446      
  99               6.02559586E+02   6.91059668E+01   4206.93351622    4.16805826E-04   1.18980486E+20   9.46478090E+06   1.87165951E+09   4.14672312E+05   0.12969713      
  100              7.76247117E+02   7.80825999E+01   4274.05911038    4.61437090E-04   1.32324293E+20   7.84587708E+06   1.87327603E+09   2.09979120E+05   0.13055697      
  101              1.00000000E+03   8.82776374E+01   4343.60355527    5.10904518E-04   1.47206288E+20   7.14814807E+06   1.87397204E+09   0.00000000E+00   0.1315071       
