# ATMO pressure-temperature profile
# Effective temperature = 1000.0K
# log(g) = 2.5cm/s^2
# M/H = 0.0
# Optical depth grid in band 17 (1.20-1.33microns)
# All parameters in cgs units
#
# Model Level      Optical Depth    Pressure         Temperature      Density          Number Density   Rad Flux         Conv Flux        Radial Extension Adiabatic Gradient
#                                   [Ba]             [K]              [g/cm^3]         [/cm^3]          [ergs/s/cm^2/sr] [ergs/s/cm^2/sr] [cm]             [K/Ba]          
  1                5.00000000E-04   1.00000000E-05   402.30049611     7.04732351E-10   1.80042598E+14   5.66992085E+07   0.00000000E+00   1.57731297E+09   0.29806052      
  2                5.78069831E-04   3.53984347E-05   469.91453478     2.13574040E-09   5.45620928E+14   5.66992084E+07   0.00000000E+00   1.51184606E+09   0.29742825      
  3                6.68329458E-04   6.22704555E-05   500.74332487     3.52573869E-09   9.00726030E+14   5.66992084E+07   0.00000000E+00   1.48087892E+09   0.29748114      
  4                7.72682194E-04   9.21172741E-05   514.08684318     5.08028220E-09   1.29786771E+15   5.66992083E+07   0.00000000E+00   1.45857768E+09   0.29756748      
  5                8.93328530E-04   1.25689024E-04   531.50476249     6.70460790E-09   1.71283700E+15   5.66992082E+07   0.00000000E+00   1.44038723E+09   0.29911356      
  6                1.03281254E-03   1.63650426E-04   539.25117121     8.60417481E-09   2.19812246E+15   5.66992081E+07   0.00000000E+00   1.42458200E+09   0.29903746      
  7                1.19407555E-03   2.06724065E-04   553.13024738     1.05961161E-08   2.70700756E+15   5.66992079E+07   0.00000000E+00   1.41031661E+09   0.29899739      
  8                1.38051810E-03   2.55672586E-04   559.07184247     1.29658090E-08   3.31239701E+15   5.66992077E+07   0.00000000E+00   1.39711076E+09   0.29892789      
  9                1.59607173E-03   3.11369676E-04   571.64897546     1.54429344E-08   3.94523362E+15   5.66992075E+07   0.00000000E+00   1.38466366E+09   0.29889156      
  10               1.84528182E-03   3.74772450E-04   576.96235753     1.84163311E-08   4.70485255E+15   5.66992071E+07   0.00000000E+00   1.37277476E+09   0.29882001      
  11               2.13340350E-03   4.46986843E-04   589.07667789     2.15132249E-08   5.49602565E+15   5.66992066E+07   0.00000000E+00   1.36130196E+09   0.29878252      
  12               2.46651240E-03   5.29240842E-04   594.16789661     2.52538107E-08   6.45163826E+15   5.66992060E+07   0.00000000E+00   1.35014256E+09   0.29870749      
  13               2.85163282E-03   6.22959792E-04   606.13366046     2.91389446E-08   7.44419008E+15   5.66992055E+07   0.00000000E+00   1.33921741E+09   0.29866702      
  14               3.29688580E-03   7.29714514E-04   611.33894221     3.38417673E-08   8.64563234E+15   5.66992050E+07   0.00000000E+00   1.32846703E+09   0.29858372      
  15               3.81166043E-03   8.51335303E-04   623.50503820     3.87117493E-08   9.88977737E+15   5.66992044E+07   0.00000000E+00   1.31784126E+09   0.2985374       
  16               4.40681180E-03   9.89866417E-04   629.10393882     4.46104024E-08   1.13967239E+16   5.66992038E+07   0.00000000E+00   1.30729963E+09   0.2984445       
  17               5.09488990E-03   1.14775791E-03   641.70748660     5.07099726E-08   1.29550480E+16   5.66992028E+07   0.00000000E+00   1.29680192E+09   0.29839061      
  18               5.89040429E-03   1.32768692E-03   647.93602231     5.80959448E-08   1.48418962E+16   5.66992016E+07   0.00000000E+00   1.28631901E+09   0.29828168      
  19               6.81013002E-03   1.53292067E-03   661.20644697     6.57297167E-08   1.67922325E+16   5.66992001E+07   0.00000000E+00   1.27581642E+09   0.29821497      
  20               7.87346142E-03   1.76699267E-03   668.30029713     7.49619788E-08   1.91508887E+16   5.66991982E+07   0.00000000E+00   1.26527138E+09   0.29808713      
  21               9.10282102E-03   2.03446695E-03   682.43825270     8.45204701E-08   2.15930065E+16   5.66991955E+07   0.00000000E+00   1.25464505E+09   0.29800292      
  22               1.05241324E-02   2.34024418E-03   690.55702305     9.60801358E-08   2.45463807E+16   5.66991929E+07   0.00000000E+00   1.24391485E+09   0.29784732      
  23               1.21673669E-02   2.69124575E-03   705.72488687     1.08113175E-07   2.76212777E+16   5.66991897E+07   0.00000000E+00   1.23302411E+09   0.29773919      
  24               1.40671754E-02   3.09491802E-03   715.11598603     1.22695134E-07   3.13471818E+16   5.66991855E+07   0.00000000E+00   1.22194062E+09   0.29754988      
  25               1.62636194E-02   3.56299125E-03   731.58202101     1.38065647E-07   3.52758568E+16   5.66991795E+07   0.00000000E+00   1.21056787E+09   0.29740804      
  26               1.88030155E-02   4.10827298E-03   742.44877894     1.56860855E-07   4.00791623E+16   5.66991728E+07   0.00000000E+00   1.19885069E+09   0.29717339      
  27               2.17389119E-02   4.75207343E-03   760.34246855     1.77158482E-07   4.52688783E+16   5.66991649E+07   0.00000000E+00   1.18663761E+09   0.29699008      
  28               2.51332183E-02   5.51831728E-03   772.78616632     2.02402575E-07   5.17217448E+16   5.66991570E+07   0.00000000E+00   1.17384140E+09   0.29669811      
  29               2.90575105E-02   6.44568824E-03   792.21133450     2.30596648E-07   5.89323940E+16   5.66991489E+07   0.00000000E+00   1.16026658E+09   0.2964601       
  30               3.35945403E-02   7.57727197E-03   806.31020620     2.66325172E-07   6.80669919E+16   5.66991416E+07   0.00000000E+00   1.14582689E+09   0.29609968      
  31               3.88399805E-02   8.97457472E-03   827.28834740     3.07407527E-07   7.85747142E+16   5.66991354E+07   0.00000000E+00   1.13038357E+09   0.29579504      
  32               4.49044419E-02   1.07062448E-02   843.05141938     3.59849052E-07   9.19832909E+16   5.66991310E+07   0.00000000E+00   1.11391897E+09   0.2953607       
  33               5.19158062E-02   1.28607583E-02   865.74290780     4.20906049E-07   1.07597820E+17   5.66991229E+07   0.00000000E+00   1.09641214E+09   0.29490549      
  34               6.00219227E-02   1.55416902E-02   883.58018214     4.98356164E-07   1.27402550E+17   5.66991114E+07   0.00000000E+00   1.07790131E+09   0.29443121      
  35               6.93937253E-02   1.88686844E-02   908.26323854     5.88552838E-07   1.50472010E+17   5.66990964E+07   0.00000000E+00   1.05847472E+09   0.29398376      
  36               8.02288381E-02   2.29807698E-02   928.32954132     7.01297125E-07   1.79303283E+17   5.66990783E+07   0.00000000E+00   1.03823426E+09   0.29338518      
  37               9.27557418E-02   2.80291110E-02   955.29329438     8.31167775E-07   2.12519328E+17   5.66990471E+07   0.00000000E+00   1.01732405E+09   0.29285284      
  38               1.07238592E-01   3.41937065E-02   977.81753630     9.90586691E-07   2.53287756E+17   5.66990148E+07   0.00000000E+00   9.95840035E+08   0.29209789      
  39               1.23982789E-01   4.16350856E-02   1006.88999044    1.17129351E-06   2.99504449E+17   5.66989762E+07   0.00000000E+00   9.73993760E+08   0.29131486      
  40               1.43341420E-01   5.05292895E-02   1031.54930497    1.38750118E-06   3.54796266E+17   5.66989331E+07   0.00000000E+00   9.51931067E+08   0.29028362      
  41               1.65722701E-01   6.10069354E-02   1062.36906259    1.62657512E-06   4.15938991E+17   5.66988797E+07   0.00000000E+00   9.29875829E+08   0.2894265       
  42               1.91598587E-01   7.32029069E-02   1088.33585398    1.90515701E-06   4.87181996E+17   5.66988503E+07   0.00000000E+00   9.07967233E+08   0.28844636      
  43               2.21514726E-01   8.72009107E-02   1119.88740295    2.20549671E-06   5.63991425E+17   5.66988230E+07   0.00000000E+00   8.86372470E+08   0.28755408      
  44               2.56101960E-01   1.03112220E-01   1146.54939790    2.54726565E-06   6.51393177E+17   5.66988038E+07   0.00000000E+00   8.65144137E+08   0.28647146      
  45               2.96089634E-01   1.21068345E-01   1178.79349655    2.90901866E-06   7.43907119E+17   5.66987800E+07   0.00000000E+00   8.44284691E+08   0.28553493      
  46               3.42320969E-01   1.41234711E-01   1206.03571405    3.31690650E-06   8.48217280E+17   5.66987844E+07   0.00000000E+00   8.23754739E+08   0.28442874      
  47               3.95770849E-01   1.63764005E-01   1239.05006701    3.74351580E-06   9.57316260E+17   5.66987767E+07   0.00000000E+00   8.03536587E+08   0.28339326      
  48               4.57566375E-01   1.88825830E-01   1267.34796093    4.22002075E-06   1.07917375E+18   5.66987875E+07   0.00000000E+00   7.83597022E+08   0.28207006      
  49               5.29010634E-01   2.16570071E-01   1301.95335398    4.71142123E-06   1.20483855E+18   5.66987695E+07   0.00000000E+00   7.63920878E+08   0.28077214      
  50               6.11610175E-01   2.47159195E-01   1332.08941564    5.25522754E-06   1.34390706E+18   5.66987689E+07   0.00000000E+00   7.44480915E+08   0.27929304      
  51               7.07106781E-01   2.80674305E-01   1368.86806773    5.80763029E-06   1.48513832E+18   5.66987487E+07   0.00000000E+00   7.25296547E+08   0.27825119      
  52               8.17514195E-01   3.17252486E-01   1401.32631843    6.41239504E-06   1.63980269E+18   5.66987476E+07   0.00000000E+00   7.06342035E+08   0.27713584      
  53               9.45160584E-01   3.56661530E-01   1440.66552624    7.01324448E-06   1.79315959E+18   5.66987269E+07   0.00000000E+00   6.87758017E+08   0.27589368      
  54               1.09273764E+00   3.98899558E-01   1475.82973556    7.65681749E-06   1.95773154E+18   5.66987798E+07   0.00000000E+00   6.69530803E+08   0.27423169      
  55               1.26335732E+00   4.43007132E-01   1518.52140069    8.26761035E-06   2.11307855E+18   5.66281884E+07   8.86079047E+04   6.51999337E+08   0.27268362      
  56               1.46061751E+00   4.87814976E-01   1559.07395318    8.86764850E-06   2.26628358E+18   5.46638132E+07   2.05912981E+06   6.35450694E+08   0.27083927      
  57               1.68867783E+00   5.32061324E-01   1595.76085754    9.45251570E-06   2.41501439E+18   5.16997104E+07   5.03419899E+06   6.20167534E+08   0.26907704      
  58               1.95234742E+00   5.72277658E-01   1627.53242571    9.97251503E-06   2.54684774E+18   4.80996375E+07   8.64517976E+06   6.07068608E+08   0.26757081      
  59               2.25718628E+00   6.12364152E-01   1656.93264440    1.04882285E-05   2.67689135E+18   4.40205413E+07   1.27247666E+07   5.94673294E+08   0.26622209      
  60               2.60962258E+00   6.46453353E-01   1681.21554400    1.09207681E-05   2.78509258E+18   4.03388395E+07   1.63927797E+07   5.84600175E+08   0.26497564      
  61               3.01708817E+00   6.75938769E-01   1700.88115430    1.12867094E-05   2.87845356E+18   3.77689027E+07   1.89545125E+07   5.76201765E+08   0.26379439      
  62               3.48817529E+00   7.08547002E-01   1722.39588986    1.16832254E-05   2.97962441E+18   3.55457747E+07   2.11779732E+07   5.67222054E+08   0.26270054      
  63               4.03281780E+00   7.44516871E-01   1744.62159359    1.21192464E-05   3.09100096E+18   3.31971165E+07   2.35173230E+07   5.57662891E+08   0.2618219       
  64               4.66250061E+00   7.73736905E-01   1762.55772045    1.24777831E-05   3.17962427E+18   3.10452357E+07   2.56407534E+07   5.50147882E+08   0.2611382       
  65               5.39050188E+00   7.95765365E-01   1775.22201263    1.27413056E-05   3.24681989E+18   2.94862349E+07   2.71800849E+07   5.44623184E+08   0.2604066       
  66               6.23217301E+00   8.20371485E-01   1789.63214531    1.30292987E-05   3.32026406E+18   2.81240380E+07   2.85448199E+07   5.38584035E+08   0.25966395      
  67               7.20526240E+00   8.47767153E-01   1804.65001305    1.33520995E-05   3.40258855E+18   2.67876422E+07   2.98840429E+07   5.32015830E+08   0.25889293      
  68               8.33028963E+00   8.78173428E-01   1821.46594340    1.37029770E-05   3.49208717E+18   2.54568092E+07   3.12179356E+07   5.24907278E+08   0.25810041      
  69               9.63097823E+00   9.11807566E-01   1838.89887776    1.40925420E-05   3.59146124E+18   2.40843576E+07   3.25937641E+07   5.17253457E+08   0.25719286      
  70               1.11347559E+01   9.48873955E-01   1858.11307218    1.45132947E-05   3.69881174E+18   2.26775153E+07   3.40044271E+07   5.09057440E+08   0.25619619      
  71               1.28733329E+01   9.89546862E-01   1877.86152008    1.49756642E-05   3.81679331E+18   2.12077542E+07   3.54797295E+07   5.00333164E+08   0.25505051      
  72               1.48833708E+01   1.03394396E+00   1899.26221889    1.54705430E-05   3.94310109E+18   1.97165079E+07   3.69740452E+07   4.91109380E+08   0.25380726      
  73               1.72072553E+01   1.08208926E+00   1920.96956939    1.60071428E-05   4.08007776E+18   1.83019820E+07   3.83836037E+07   4.81434523E+08   0.25244865      
  74               1.98939903E+01   1.13446189E+00   1944.28218360    1.65795976E-05   4.22626236E+18   1.71363875E+07   3.95455114E+07   4.71268269E+08   0.25099555      
  75               2.30002312E+01   1.19186669E+00   1968.13977807    1.72061283E-05   4.38629243E+18   1.61235105E+07   4.05601674E+07   4.60520455E+08   0.24935853      
  76               2.65914795E+01   1.25467576E+00   1993.74313336    1.78786554E-05   4.55814505E+18   1.51669314E+07   4.15184871E+07   4.49196086E+08   0.24755921      
  77               3.07434641E+01   1.32328811E+00   2019.78124544    1.86113625E-05   4.74543376E+18   1.42231773E+07   4.24639062E+07   4.37301576E+08   0.2455232       
  78               3.55437382E+01   1.39813513E+00   2047.46141005    1.93958079E-05   4.94605866E+18   1.33179206E+07   4.33704384E+07   4.24844033E+08   0.24335347      
  79               4.10935254E+01   1.47968117E+00   2075.45304169    2.02473710E-05   5.16393867E+18   1.24269058E+07   4.42623598E+07   4.11831386E+08   0.24097651      
  80               4.75098546E+01   1.56843026E+00   2104.97476647    2.11572250E-05   5.39689735E+18   1.15779377E+07   4.51118935E+07   3.98271643E+08   0.23846281      
  81               5.49280272E+01   1.66492826E+00   2134.67257959    2.21422695E-05   5.64924088E+18   1.07447386E+07   4.59456530E+07   3.84172937E+08   0.23573139      
  82               6.35044707E+01   1.76977304E+00   2165.77857261    2.31933598E-05   5.91874134E+18   9.96042764E+06   4.67302799E+07   3.69542559E+08   0.2329163       
  83               7.34200373E+01   1.88361444E+00   2196.93496939    2.43290649E-05   6.21012939E+18   9.19530207E+06   4.74954508E+07   3.54387505E+08   0.22990567      
  84               8.48838171E+01   2.00715991E+00   2229.37989795    2.55399522E-05   6.52114314E+18   8.47590536E+06   4.82146011E+07   3.38714359E+08   0.22676766      
  85               9.81375475E+01   2.14117510E+00   2261.73349510    2.68466719E-05   6.85703861E+18   7.77123350E+06   4.89190851E+07   3.22529795E+08   0.2233559       
  86               1.13460711E+02   2.28649363E+00   2295.22662458    2.82395681E-05   7.21556367E+18   7.09589873E+06   4.95941504E+07   3.05840064E+08   0.2198026       
  87               1.31176428E+02   2.44383787E+00   2328.43801062    2.97429532E-05   7.60209949E+18   6.42935527E+06   5.02603366E+07   2.88671067E+08   0.21607322      
  88               1.51658271E+02   2.61418386E+00   2362.63030784    3.13407946E-05   8.01431111E+18   5.83302663E+06   5.08561898E+07   2.71027436E+08   0.21237841      
  89               1.75338142E+02   2.79875726E+00   2396.48223738    3.30625544E-05   8.45895780E+18   5.27809728E+06   5.14107048E+07   2.52895294E+08   0.20859407      
  90               2.02715380E+02   2.99868711E+00   2431.24551161    3.48974650E-05   8.93363441E+18   4.77042898E+06   5.19179542E+07   2.34282306E+08   0.20482096      
  91               2.34367291E+02   3.21518260E+00   2465.55389594    3.68731746E-05   9.44532665E+18   4.28486568E+06   5.24032002E+07   2.15196949E+08   0.20096504      
  92               2.70961321E+02   3.44956464E+00   2500.66692034    3.89783339E-05   9.99158249E+18   3.84430634E+06   5.28433371E+07   1.95646287E+08   0.1972641       
  93               3.13269130E+02   3.70327427E+00   2535.27005841    4.12432795E-05   1.05800444E+19   3.43743510E+06   5.32497131E+07   1.75636025E+08   0.19352668      
  94               3.62182865E+02   3.97786749E+00   2570.59684719    4.36565954E-05   1.12083628E+19   3.07925169E+06   5.36073208E+07   1.55171920E+08   0.18989082      
  95               4.18733975E+02   4.27500242E+00   2605.34626727    4.62517730E-05   1.18849334E+19   2.75125312E+06   5.39347764E+07   1.34261200E+08   0.18622765      
  96               4.84114957E+02   4.59645166E+00   2640.73780065    4.90165458E-05   1.26073339E+19   2.46354250E+06   5.42220209E+07   1.12911998E+08   0.18281026      
  97               5.59704502E+02   4.94408002E+00   2675.53747494    5.19864843E-05   1.33844427E+19   2.20052724E+06   5.44847225E+07   9.11347337E+07   0.17942526      
  98               6.47096573E+02   5.31986389E+00   2710.91567745    5.51485698E-05   1.42138049E+19   1.96863000E+06   5.47166489E+07   6.89409773E+07   0.17618678      
  99               7.48134013E+02   5.72587835E+00   2745.65041785    5.85417454E-05   1.51050691E+19   1.75645596E+06   5.49293224E+07   4.63442036E+07   0.1729564       
  100              8.64947405E+02   6.16431881E+00   2780.88870784    6.21516588E-05   1.60556290E+19   1.57065622E+06   5.51160803E+07   2.33585620E+07   0.17001996      
  101              1.00000000E+03   6.63747214E+00   2815.49534686    6.60189933E-05   1.70755121E+19   1.46964669E+06   5.52176210E+07   0.00000000E+00   0.16722105      
