# ATMO pressure-temperature profile
# Effective temperature = 2200.0K
# log(g) = 5.5cm/s^2
# M/H = 0.0
# Optical depth grid in band 17 (1.20-1.33microns)
# All parameters in cgs units
#
# Model Level      Optical Depth    Pressure         Temperature      Density          Number Density   Rad Flux         Conv Flux        Radial Extension Adiabatic Gradient
#                                   [Ba]             [K]              [g/cm^3]         [/cm^3]          [ergs/s/cm^2/sr] [ergs/s/cm^2/sr] [cm]             [K/Ba]          
  1                1.00000000E-08   1.00000000E-05   671.70665834     4.21648186E-10   1.07831634E+14   1.32820869E+09   0.00000000E+00   3.06315897E+06   0.29757737      
  2                1.28824955E-08   1.30111949E-05   682.71874090     5.39765894E-10   1.38038807E+14   1.32820869E+09   0.00000000E+00   3.04319894E+06   0.29751829      
  3                1.65958691E-08   1.68408402E-05   689.06443013     6.92204240E-10   1.77023027E+14   1.32820869E+09   0.00000000E+00   3.02338646E+06   0.29733501      
  4                2.13796209E-08   2.17135981E-05   698.21582310     8.80792350E-10   2.25251633E+14   1.32820869E+09   0.00000000E+00   3.00365220E+06   0.29728872      
  5                2.75422870E-08   2.79126676E-05   704.10331722     1.12278546E-09   2.87138081E+14   1.32820869E+09   0.00000000E+00   2.98393971E+06   0.29708313      
  6                3.54813389E-08   3.57976295E-05   713.19669672     1.42159783E-09   3.63555555E+14   1.32820869E+09   0.00000000E+00   2.96420354E+06   0.29702701      
  7                4.57088190E-08   4.58216514E-05   719.46852612     1.80381692E-09   4.61301404E+14   1.32820869E+09   0.00000000E+00   2.94440845E+06   0.2967867       
  8                5.88843655E-08   5.85597136E-05   729.12473378     2.27473358E-09   5.81731998E+14   1.32820869E+09   0.00000000E+00   2.92452270E+06   0.29670769      
  9                7.58577575E-08   7.47367186E-05   736.24182380     2.87507917E-09   7.35257360E+14   1.32820869E+09   0.00000000E+00   2.90451911E+06   0.29642028      
  10               9.77237221E-08   9.52708184E-05   746.76906970     3.61334630E-09   9.24058388E+14   1.32820869E+09   0.00000000E+00   2.88437278E+06   0.29630764      
  11               1.25892541E-07   1.21318547E-04   754.85778825     4.55201005E-09   1.16409360E+15   1.32820869E+09   0.00000000E+00   2.86406260E+06   0.29653459      
  12               1.62181010E-07   1.54350146E-04   766.24763971     5.70530186E-09   1.45902836E+15   1.32820869E+09   0.00000000E+00   2.84356567E+06   0.29643854      
  13               2.08929613E-07   1.96233679E-04   775.19243842     7.16989411E-09   1.83353776E+15   1.32820869E+09   0.00000000E+00   2.82285721E+06   0.29617883      
  14               2.69153480E-07   2.49335220E-04   787.31398886     8.96982919E-09   2.29383144E+15   1.32820869E+09   0.00000000E+00   2.80191807E+06   0.29605926      
  15               3.46736850E-07   3.16656526E-04   796.97097390     1.12536828E-08   2.87787402E+15   1.32820869E+09   0.00000000E+00   2.78072894E+06   0.29576641      
  16               4.46683592E-07   4.01977896E-04   809.70192160     1.40613015E-08   3.59586056E+15   1.32820869E+09   0.00000000E+00   2.75928040E+06   0.29563156      
  17               5.75439937E-07   5.10069167E-04   819.97643302     1.76188040E-08   4.50560942E+15   1.32820869E+09   0.00000000E+00   2.73756391E+06   0.29528777      
  18               7.41310241E-07   6.46934965E-04   833.35246974     2.19877309E-08   5.62286604E+15   1.32820869E+09   0.00000000E+00   2.71557435E+06   0.29513933      
  19               9.54992586E-07   8.20129424E-04   844.34284703     2.75113729E-08   7.03540988E+15   1.32820869E+09   0.00000000E+00   2.69330602E+06   0.29475377      
  20               1.23026877E-06   1.03913165E-03   858.54232503     3.42813046E-08   8.76667084E+15   1.32820869E+09   0.00000000E+00   2.67075513E+06   0.29457654      
  21               1.58489319E-06   1.31582413E-03   870.39621087     4.28183062E-08   1.09498128E+16   1.32820869E+09   0.00000000E+00   2.64791734E+06   0.29414223      
  22               2.04173794E-06   1.66505735E-03   885.51842037     5.32574042E-08   1.36193831E+16   1.32820869E+09   0.00000000E+00   2.62479079E+06   0.29393268      
  23               2.63026799E-06   2.10538846E-03   898.22560890     6.63888774E-08   1.69774572E+16   1.32820869E+09   0.00000000E+00   2.60137323E+06   0.29344453      
  24               3.38844156E-06   2.65992306E-03   914.20334382     8.24089850E-08   2.10742491E+16   1.32820869E+09   0.00000000E+00   2.57766529E+06   0.29320201      
  25               4.36515832E-06   3.35748879E-03   927.66656955     1.02511143E-07   2.62149181E+16   1.32820869E+09   0.00000000E+00   2.55366523E+06   0.29266182      
  26               5.62341325E-06   4.23476667E-03   944.34920755     1.27012096E-07   3.24805000E+16   1.32820869E+09   0.00000000E+00   2.52935276E+06   0.29238808      
  27               7.24435960E-06   5.33790757E-03   958.41980512     1.57747913E-07   4.03404845E+16   1.32820869E+09   0.00000000E+00   2.50470789E+06   0.29179765      
  28               9.33254301E-06   6.72458136E-03   975.68060141     1.95211675E-07   4.99210167E+16   1.32820868E+09   0.00000000E+00   2.47971942E+06   0.29149553      
  29               1.20226443E-05   8.46683917E-03   990.25248161     2.42171899E-07   6.19300186E+16   1.32820869E+09   0.00000000E+00   2.45437994E+06   0.29085869      
  30               1.54881662E-05   1.06543931E-02   1008.01277331    2.99371852E-07   7.65576373E+16   1.32820868E+09   0.00000000E+00   2.42868832E+06   0.29095959      
  31               1.99526231E-05   1.33987481E-02   1023.02564700    3.70959246E-07   9.48644603E+16   1.32820869E+09   0.00000000E+00   2.40264648E+06   0.29015207      
  32               2.57039578E-05   1.68383720E-02   1041.38027265    4.57972290E-07   1.17116098E+17   1.32820868E+09   0.00000000E+00   2.37625716E+06   0.2896565       
  33               3.31131121E-05   2.11445547E-02   1056.92416608    5.66635036E-07   1.44904061E+17   1.32820869E+09   0.00000000E+00   2.34952579E+06   0.28873382      
  34               4.26579519E-05   2.65286611E-02   1075.90656780    6.98376256E-07   1.78593896E+17   1.32820868E+09   0.00000000E+00   2.32246022E+06   0.28827787      
  35               5.49540874E-05   3.32513244E-02   1092.21006590    8.62286837E-07   2.20510164E+17   1.32820869E+09   0.00000000E+00   2.29506525E+06   0.28740346      
  36               7.07945784E-05   4.16322696E-02   1112.15571855    1.06026266E-06   2.71137962E+17   1.32820868E+09   0.00000000E+00   2.26734735E+06   0.28700348      
  37               9.12010839E-05   5.20624775E-02   1129.41539719    1.30563086E-06   3.33885045E+17   1.32820869E+09   0.00000000E+00   2.23931393E+06   0.28625542      
  38               1.17489755E-04   6.50349591E-02   1150.62553621    1.60089233E-06   4.09391388E+17   1.32820868E+09   0.00000000E+00   2.21093920E+06   0.28588974      
  39               1.51356125E-04   8.11597952E-02   1169.40923648    1.96573039E-06   5.02690019E+17   1.32820869E+09   0.00000000E+00   2.18219486E+06   0.28506546      
  40               1.94984460E-04   1.01179494E-01   1192.57591574    2.40301189E-06   6.14514748E+17   1.32820868E+09   0.00000000E+00   2.15306639E+06   0.28454789      
  41               2.51188643E-04   1.25998807E-01   1213.68323419    2.94042899E-06   7.51946460E+17   1.32820870E+09   0.00000000E+00   2.12354027E+06   0.28357718      
  42               3.23593657E-04   1.56712426E-01   1239.71103322    3.58040728E-06   9.15606375E+17   1.32820867E+09   0.00000000E+00   2.09360663E+06   0.28291337      
  43               4.16869383E-04   1.94619609E-01   1264.11956237    4.36061660E-06   1.11512687E+18   1.32820871E+09   0.00000000E+00   2.06326902E+06   0.28165872      
  44               5.37031796E-04   2.41248812E-01   1293.97745421    5.28065844E-06   1.35040586E+18   1.32820866E+09   0.00000000E+00   2.03254061E+06   0.28066656      
  45               6.91830971E-04   2.98407204E-01   1322.68711004    6.39001161E-06   1.63409771E+18   1.32820876E+09   0.00000000E+00   2.00142451E+06   0.27923484      
  46               8.91250938E-04   3.68079233E-01   1357.51376816    7.67981062E-06   1.96391601E+18   1.32820862E+09   0.00000000E+00   1.96997359E+06   0.27836241      
  47               1.14815362E-03   4.52471672E-01   1391.61884482    9.20929483E-06   2.35503265E+18   1.32820878E+09   0.00000000E+00   1.93824028E+06   0.27709578      
  48               1.47910839E-03   5.54233827E-01   1432.14831707    1.09614490E-05   2.80305017E+18   1.32820861E+09   0.00000000E+00   1.90621151E+06   0.27587674      
  49               1.90546072E-03   6.75663031E-01   1472.46272422    1.29979338E-05   3.32362248E+18   1.32820901E+09   0.00000000E+00   1.87404115E+06   0.27401954      
  50               2.45470892E-03   8.14721690E-01   1519.08338680    1.51987063E-05   3.88466439E+18   1.32820854E+09   0.00000000E+00   1.84275239E+06   0.27248084      
  51               3.16227766E-03   9.71459891E-01   1564.74992737    1.75947221E-05   4.49682280E+18   1.32820888E+09   0.00000000E+00   1.81244256E+06   0.27042365      
  52               4.07380278E-03   1.14461479E+00   1614.91275658    2.00900761E-05   5.13376669E+18   1.32820819E+09   0.00000000E+00   1.78331804E+06   0.26871289      
  53               5.24807460E-03   1.32177544E+00   1660.72617245    2.25714876E-05   5.76481649E+18   1.32820981E+09   0.00000000E+00   1.75700834E+06   0.26660191      
  54               6.76082975E-03   1.48359322E+00   1706.85518813    2.46792387E-05   6.29569969E+18   1.32820788E+09   0.00000000E+00   1.73532534E+06   0.26493134      
  55               8.70963590E-03   1.62319736E+00   1744.92429133    2.64210054E-05   6.73783821E+18   1.32820855E+09   0.00000000E+00   1.71803581E+06   0.26303972      
  56               1.12201845E-02   1.74185293E+00   1777.19510513    2.78369228E-05   7.09908238E+18   1.32815857E+09   8.45856948E+05   1.70420005E+06   0.26112473      
  57               1.44543977E-02   1.88302385E+00   1813.90828439    2.94819265E-05   7.51910821E+18   1.32755020E+09   1.61515970E+06   1.68861683E+06   0.25994956      
  58               1.86208714E-02   2.00197946E+00   1842.67565775    3.08806323E-05   7.86930826E+18   1.32669509E+09   2.10718364E+06   1.67614839E+06   0.25893192      
  59               2.39883292E-02   2.09771318E+00   1865.33570323    3.19633765E-05   8.14544742E+18   1.32592015E+09   2.35092369E+06   1.66651241E+06   0.25786908      
  60               3.09029543E-02   2.21360655E+00   1891.04903872    3.32694648E-05   8.47858696E+18   1.32478576E+09   3.42080084E+06   1.65527388E+06   0.25638069      
  61               3.98107171E-02   2.35246665E+00   1920.96452924    3.48041944E-05   8.87012970E+18   1.32310156E+09   5.10443529E+06   1.64236943E+06   0.25482442      
  62               5.12861384E-02   2.51652852E+00   1953.87786093    3.66020723E-05   9.32889670E+18   1.32090557E+09   7.29997138E+06   1.62783361E+06   0.25285166      
  63               6.60693448E-02   2.70927559E+00   1990.79881955    3.86714536E-05   9.85715645E+18   1.31835498E+09   9.85035737E+06   1.61163265E+06   0.2506942       
  64               8.51138038E-02   2.93686395E+00   2031.02544771    4.10852019E-05   1.04735595E+19   1.31472049E+09   1.34847619E+07   1.59357699E+06   0.2479677       
  65               1.09647820E-01   3.20397844E+00   2075.34146982    4.38584445E-05   1.11821641E+19   1.30913095E+09   1.90742827E+07   1.57367806E+06   0.24507033      
  66               1.41253754E-01   3.51586224E+00   2122.60179222    4.70472267E-05   1.19974559E+19   1.30062256E+09   2.75827517E+07   1.55196598E+06   0.24150021      
  67               1.81970086E-01   3.87852262E+00   2173.35275030    5.06755910E-05   1.29259344E+19   1.28808316E+09   4.01223158E+07   1.52847849E+06   0.23781332      
  68               2.34422882E-01   4.29880798E+00   2226.56643942    5.48072054E-05   1.39842193E+19   1.27013380E+09   5.80719324E+07   1.50325937E+06   0.23332701      
  69               3.01995172E-01   4.78460995E+00   2282.48370514    5.94823516E-05   1.51832482E+19   1.24525132E+09   8.29547373E+07   1.47635325E+06   0.22881685      
  70               3.89045145E-01   5.34448332E+00   2340.31990545    6.47747588E-05   1.65407935E+19   1.21161330E+09   1.16593115E+08   1.44782920E+06   0.22330601      
  71               5.01187234E-01   5.98881640E+00   2399.84119165    7.07402835E-05   1.80752509E+19   1.16808415E+09   1.60122625E+08   1.41772820E+06   0.21790631      
  72               6.45654229E-01   6.72983229E+00   2460.88644206    7.74635443E-05   1.98079033E+19   1.11369458E+09   2.14512475E+08   1.38607239E+06   0.21236457      
  73               8.31763771E-01   7.58107007E+00   2523.08074672    8.50351652E-05   2.17633227E+19   1.04762890E+09   2.80578280E+08   1.35290494E+06   0.20674696      
  74               1.07151931E+00   8.55829835E+00   2586.29256918    9.35525345E-05   2.39682105E+19   9.70127641E+08   3.58079380E+08   1.31825686E+06   0.20112879      
  75               1.38038426E+00   9.67927977E+00   2650.20186249    1.03130109E-04   2.64539134E+19   8.82493058E+08   4.45713459E+08   1.28216667E+06   0.19554633      
  76               1.77827941E+00   1.09639480E+01   2714.68974545    1.13885736E-04   2.92531477E+19   7.86973901E+08   5.41231893E+08   1.24468010E+06   0.19012687      
  77               2.29086765E+00   1.24344341E+01   2779.50473571    1.25952796E-04   3.24029423E+19   6.86623494E+08   6.41581554E+08   1.20585297E+06   0.18479854      
  78               2.95120923E+00   1.41152066E+01   2844.47591308    1.39472062E-04   3.59427100E+19   5.85710665E+08   7.42493778E+08   1.16575014E+06   0.17995233      
  79               3.80189396E+00   1.60330638E+01   2909.63334897    1.54582061E-04   3.99120554E+19   4.89056719E+08   8.39147434E+08   1.12444471E+06   0.17540767      
  80               4.89778819E+00   1.82174689E+01   2974.70019501    1.71449353E-04   4.43578691E+19   4.01397109E+08   9.26807221E+08   1.08201208E+06   0.17126917      
  81               6.30957344E+00   2.07004652E+01   3039.82276428    1.90223349E-04   4.93239311E+19   3.25695625E+08   1.00250951E+09   1.03853195E+06   0.16743888      
  82               8.12830516E+00   2.35145852E+01   3104.62175901    2.11078270E-04   5.48598308E+19   2.62927098E+08   1.06527960E+09   9.94119624E+05   0.16391241      
  83               1.04712855E+01   2.66940227E+01   3169.23459018    2.34153178E-04   6.10078159E+19   2.12392350E+08   1.11581638E+09   9.48893120E+05   0.16081725      
  84               1.34896288E+01   3.02768555E+01   3233.45186597    2.59634784E-04   6.78219399E+19   1.72145631E+08   1.15606543E+09   9.02940597E+05   0.15805799      
  85               1.73780083E+01   3.43057240E+01   3297.45640578    2.87698039E-04   7.53552241E+19   1.40173184E+08   1.18804047E+09   8.56323277E+05   0.15557952      
  86               2.23872114E+01   3.88289134E+01   3361.08420125    3.18580638E-04   8.36761490E+19   1.14576536E+08   1.21363982E+09   8.09075607E+05   0.15347031      
  87               2.88403150E+01   4.39013257E+01   3424.68456172    3.52494997E-04   9.28502118E+19   9.38452054E+07   1.23437378E+09   7.61207971E+05   0.1516118       
  88               3.71535229E+01   4.95858076E+01   3488.05827220    3.89755803E-04   1.02967341E+20   7.68929573E+07   1.25132861E+09   7.12709130E+05   0.1500132       
  89               4.78630092E+01   5.59543478E+01   3551.63199677    4.30635460E-04   1.14112105E+20   6.30476293E+07   1.26517632E+09   6.63550264E+05   0.14865527      
  90               6.16595002E+01   6.30893203E+01   3615.22356038    4.75536601E-04   1.26399842E+20   5.17732888E+07   1.27645262E+09   6.13689570E+05   0.14750361      
  91               7.94328235E+01   7.10842404E+01   3679.26868411    5.24805339E-04   1.39938645E+20   4.26809742E+07   1.28554652E+09   5.63079619E+05   0.14650238      
  92               1.02329299E+02   8.00462643E+01   3743.54653201    5.78956042E-04   1.54875839E+20   3.52725974E+07   1.29295609E+09   5.11663788E+05   0.14569406      
  93               1.31825674E+02   9.00984689E+01   3808.56669759    6.38422901E-04   1.71349044E+20   2.92031603E+07   1.29902619E+09   4.59376378E+05   0.14503698      
  94               1.69824365E+02   1.01382389E+02   3874.08105830    7.03867526E-04   1.89548197E+20   2.41632124E+07   1.30406635E+09   4.06144344E+05   0.14452944      
  95               2.18776162E+02   1.14061019E+02   3940.63008803    7.75846558E-04   2.09651231E+20   1.99792791E+07   1.30825005E+09   3.51887821E+05   0.14415348      
  96               2.81838293E+02   1.28322035E+02   4007.95172939    8.55205327E-04   2.31902055E+20   1.65117561E+07   1.31171668E+09   2.96522172E+05   0.14393832      
  97               3.63078055E+02   1.44379795E+02   4076.63378461    9.42635803E-04   2.56525511E+20   1.36788886E+07   1.31454802E+09   2.39964553E+05   0.14384621      
  98               4.67735141E+02   1.62480844E+02   4146.36885296    1.03920593E-03   2.83831160E+20   1.13433508E+07   1.31688156E+09   1.82129094E+05   0.14391286      
  99               6.02559586E+02   1.82910096E+02   4217.81025641    1.14578534E-03   3.14106178E+20   9.42007046E+06   1.31880233E+09   1.22923415E+05   0.14412341      
  100              7.76247117E+02   2.05997301E+02   4290.64030783    1.26373591E-03   3.47748496E+20   7.82162434E+06   1.32039758E+09   6.22491528E+04   0.14448641      
  101              1.00000000E+03   2.32125355E+02   4365.56073356    1.39417278E-03   3.85130920E+20   7.11218802E+06   1.32110566E+09   0.00000000E+00   0.14495549      
