# ATMO pressure-temperature profile
# Effective temperature = 450.0K
# log(g) = 5.5cm/s^2
# M/H = 0.0
# Optical depth grid in band 17 (1.20-1.33microns)
# All parameters in cgs units
#
# Model Level      Optical Depth    Pressure         Temperature      Density          Number Density   Rad Flux         Conv Flux        Radial Extension Adiabatic Gradient
#                                   [Ba]             [K]              [g/cm^3]         [/cm^3]          [ergs/s/cm^2/sr] [ergs/s/cm^2/sr] [cm]             [K/Ba]          
  1                8.00000000E-07   1.00000000E-05   85.10766122      3.31161000E-09   8.51054130E+14   2.32490187E+06   0.00000000E+00   1.12745684E+06   0.34612403      
  2                9.86413681E-07   2.95455854E-04   71.05293808      1.17197514E-07   3.01187122E+16   2.32490187E+06   0.00000000E+00   1.08163631E+06   0.31479358      
  3                1.21626494E-06   6.46246747E-04   84.86239159      2.14630256E-07   5.51580549E+16   2.32490190E+06   0.00000000E+00   1.07464202E+06   0.31483568      
  4                1.49967547E-06   1.04939990E-03   89.79963004      3.29362623E-07   8.46432463E+16   2.32490187E+06   0.00000000E+00   1.06984703E+06   0.31543381      
  5                1.84912550E-06   1.53646862E-03   91.01209016      4.75808775E-07   1.22278597E+17   2.32490189E+06   0.00000000E+00   1.06595625E+06   0.31688669      
  6                2.28000336E-06   2.12432647E-03   97.25084506      6.15652601E-07   1.58217208E+17   2.32490194E+06   0.00000000E+00   1.06252155E+06   0.31903025      
  7                2.81128314E-06   2.83442822E-03   98.90861690      8.07677856E-07   2.07566458E+17   2.32490204E+06   0.00000000E+00   1.05933711E+06   0.31962226      
  8                3.46636019E-06   3.67536026E-03   105.52266401     9.81676344E-07   2.52278365E+17   2.32490219E+06   0.00000000E+00   1.05635063E+06   0.32067036      
  9                4.27408139E-06   4.61671710E-03   108.89250291     1.19490733E-06   3.07086781E+17   2.32490222E+06   0.00000000E+00   1.05360208E+06   0.32091412      
  10               5.27001545E-06   5.49855014E-03   116.83178449     1.32677549E-06   3.40889025E+17   2.32490175E+06   1.64771375E+00   1.05138719E+06   0.32177564      
  11               6.49801917E-06   6.07104959E-03   118.92329489     1.43903338E-06   3.69762348E+17   2.32490077E+06   3.41736502E+00   1.05007698E+06   0.32224127      
  12               8.01216876E-06   6.53843293E-03   123.53834374     1.49283129E-06   3.83352004E+17   2.32489991E+06   2.04431298E+00   1.04906849E+06   0.32310342      
  13               9.87914110E-06   6.89764941E-03   123.93070788     1.56986033E-06   4.03132699E+17   2.32489934E+06   1.39760359E+00   1.04832646E+06   0.32351007      
  14               1.21811499E-05   7.33874694E-03   128.24051043     1.61411883E-06   4.14498071E+17   2.32489920E+06   1.70521572E+00   1.04745019E+06   0.32423433      
  15               1.50195662E-05   7.88006436E-03   129.39841801     1.71766959E-06   4.41089417E+17   2.32489929E+06   0.00000000E+00   1.04642214E+06   0.32446985      
  16               1.85193820E-05   8.54448046E-03   132.94489744     1.81281221E-06   4.65521590E+17   2.32490015E+06   1.00023003E+00   1.04523147E+06   0.32482072      
  17               2.28347147E-05   9.35886391E-03   136.83302341     1.92917239E-06   4.95402334E+17   2.32490094E+06   0.00000000E+00   1.04385436E+06   0.3256107       
  18               2.81555937E-05   1.03564377E-02   141.44486401     2.06519968E-06   5.30333492E+17   2.32490111E+06   0.00000000E+00   1.04227392E+06   0.32593906      
  19               3.47163285E-05   1.15784193E-02   144.21304664     2.26455855E-06   5.81527909E+17   2.32490124E+06   0.00000000E+00   1.04048705E+06   0.32600386      
  20               4.28058268E-05   1.30746916E-02   148.71975043     2.47971433E-06   6.36778870E+17   2.32490132E+06   0.00000000E+00   1.03849033E+06   0.32582355      
  21               5.27803164E-05   1.49058935E-02   151.46944188     2.77569553E-06   7.12785456E+17   2.32490154E+06   0.00000000E+00   1.03628309E+06   0.32479797      
  22               6.50790328E-05   1.71455948E-02   156.12726050     3.09751013E-06   7.95425769E+17   2.32490188E+06   0.00000000E+00   1.03386764E+06   0.3246574       
  23               8.02435604E-05   1.98830313E-02   159.01887646     3.52673486E-06   9.05648675E+17   2.32490255E+06   0.00000000E+00   1.03124855E+06   0.32406005      
  24               9.89416822E-05   2.32263043E-02   164.13108818     3.99142752E-06   1.02497932E+18   2.32490232E+06   0.00000000E+00   1.02843067E+06   0.32333157      
  25               1.21996786E-04   2.73069844E-02   166.48028447     4.62647987E-06   1.18805562E+18   2.32490242E+06   0.00000000E+00   1.02542776E+06   0.32272952      
  26               1.50424124E-04   3.22842962E-02   171.56473517     5.30765558E-06   1.36297892E+18   2.32490239E+06   0.00000000E+00   1.02225148E+06   0.32199283      
  27               1.85475517E-04   3.83506684E-02   173.97780223     6.21757351E-06   1.59663239E+18   2.32490254E+06   0.00000000E+00   1.01891209E+06   0.32135247      
  28               2.28694484E-04   4.57387599E-02   179.28224292     7.19594805E-06   1.84787652E+18   2.32490213E+06   0.00000000E+00   1.01541926E+06   0.32046159      
  29               2.81984210E-04   5.47293998E-02   181.90134034     8.48658206E-06   2.17926792E+18   2.32490179E+06   0.00000000E+00   1.01178110E+06   0.31965262      
  30               3.47691354E-04   6.56607774E-02   187.39759702     9.88296769E-06   2.53786106E+18   2.32490014E+06   0.00000000E+00   1.00800656E+06   0.31863828      
  31               4.28709385E-04   7.89415498E-02   190.26449932     1.17034467E-05   3.00520239E+18   2.32489766E+06   0.00000000E+00   1.00410152E+06   0.3178024       
  32               5.28606003E-04   9.50629727E-02   196.07279711     1.36757967E-05   3.51172004E+18   2.32489267E+06   0.00000000E+00   1.00007184E+06   0.31682775      
  33               6.51780242E-04   1.14613780E-01   199.15136792     1.62356097E-05   4.16849593E+18   2.32488697E+06   0.00000000E+00   9.95922670E+05   0.31609889      
  34               8.03656185E-04   1.38285082E-01   205.31410013     1.89998979E-05   4.87845602E+18   2.32487491E+06   0.00000000E+00   9.91660682E+05   0.31516397      
  35               9.90921819E-04   1.66891841E-01   208.90608918     2.25442537E-05   5.78641857E+18   2.32486985E+06   0.00000000E+00   9.87289541E+05   0.3144098       
  36               1.22182355E-03   2.01375884E-01   215.41516699     2.63750757E-05   6.77106560E+18   2.32488485E+06   0.00000000E+00   9.82817525E+05   0.31342685      
  37               1.50652933E-03   2.42576313E-01   219.44778982     3.12368941E-05   8.00650573E+18   2.32492636E+06   0.00000000E+00   9.78277254E+05   0.31257845      
  38               1.85757643E-03   2.91071881E-01   229.10007217     3.58845584E-05   9.20239490E+18   2.32491829E+06   0.00000000E+00   9.73696739E+05   0.31141733      
  39               2.29042351E-03   3.47552401E-01   236.63742434     4.16426997E-05   1.06380666E+19   2.32491011E+06   0.00000000E+00   9.69074158E+05   0.31031401      
  40               2.82413135E-03   4.11756431E-01   249.49011357     4.67938808E-05   1.19539901E+19   2.32486857E+06   0.00000000E+00   9.64474789E+05   0.3084893       
  41               3.48220225E-03   4.89576512E-01   260.37335112     5.33121326E-05   1.36191462E+19   2.32492733E+06   0.00000000E+00   9.59547771E+05   0.3070481       
  42               4.29361493E-03   5.83963298E-01   272.03565315     6.08641751E-05   1.55483950E+19   2.32492885E+06   0.00000000E+00   9.54307940E+05   0.30577757      
  43               5.29410063E-03   6.98427046E-01   282.55253693     7.00848022E-05   1.79039014E+19   2.32491110E+06   0.00000000E+00   9.48765829E+05   0.30475007      
  44               6.52771662E-03   8.37170517E-01   294.57125440     8.05796868E-05   2.05849303E+19   2.32491372E+06   0.00000000E+00   9.42927510E+05   0.30384408      
  45               8.04878622E-03   1.00531042E+00   306.20575501     9.30869604E-05   2.37800451E+19   2.32490311E+06   0.00000000E+00   9.36788285E+05   0.3031003       
  46               9.92429106E-03   1.20901612E+00   319.81728782     1.07184545E-04   2.73814218E+19   2.32491086E+06   0.00000000E+00   9.30339280E+05   0.30240647      
  47               1.22368206E-02   1.45553756E+00   333.58531221     1.23713904E-04   3.16040206E+19   2.32490325E+06   0.00000000E+00   9.23569425E+05   0.30182736      
  48               1.50882091E-02   1.75331831E+00   349.94802156     1.42055889E-04   3.62896739E+19   2.32490829E+06   0.00000000E+00   9.16466165E+05   0.30132097      
  49               1.86040198E-02   2.11252723E+00   367.47354715     1.62996453E-04   4.16391709E+19   2.32490612E+06   0.00000000E+00   9.09001189E+05   0.30091255      
  50               2.29390746E-02   2.54526218E+00   388.83203507     1.85598362E-04   4.74128788E+19   2.32134241E+06   3.56084319E+03   9.01133505E+05   0.3005457       
  51               2.82842712E-02   3.06505845E+00   410.96538354     2.11464356E-04   5.40205945E+19   2.30894675E+06   1.59566617E+04   8.92836382E+05   0.30024905      
  52               3.48749902E-02   3.68690793E+00   434.59137204     2.40538637E-04   6.14478981E+19   2.29288127E+06   3.20220174E+04   8.84117230E+05   0.30002331      
  53               4.30014593E-02   4.42899140E+00   458.95368595     2.73614825E-04   6.98975276E+19   2.27859014E+06   4.63131034E+04   8.74969981E+05   0.29983887      
  54               5.30215347E-02   5.31224840E+00   484.88689352     3.10629224E-04   7.93530765E+19   2.27130672E+06   5.35963097E+04   8.65389303E+05   0.29966549      
  55               6.53764590E-02   6.35906875E+00   511.49688530     3.52501697E-04   9.00484759E+19   2.27855135E+06   4.63519037E+04   8.55385363E+05   0.29950821      
  56               8.06102920E-02   7.59497382E+00   539.68273695     3.99047529E-04   1.01932716E+20   2.30291877E+06   2.19841720E+04   8.44964514E+05   0.29936719      
  57               9.93938685E-02   9.05378682E+00   568.56084836     4.51533686E-04   1.15339789E+20   2.32490561E+06   0.00000000E+00   8.34096698E+05   0.29918458      
  58               1.22554340E-01   1.07726107E+01   597.78388999     5.10991350E-04   1.30527674E+20   2.32490708E+06   0.00000000E+00   8.22781047E+05   0.29892385      
  59               1.51111597E-01   1.27902501E+01   624.90487544     5.80365831E-04   1.48248724E+20   2.32489993E+06   0.00000000E+00   8.11064871E+05   0.2986519       
  60               1.86323183E-01   1.51449578E+01   654.73873876     6.55898449E-04   1.67542839E+20   2.32491351E+06   0.00000000E+00   7.98995967E+05   0.29833489      
  61               2.29739671E-01   1.78901682E+01   684.31732134     7.41298756E-04   1.89357595E+20   2.32490312E+06   0.00000000E+00   7.86546213E+05   0.29798137      
  62               2.83272943E-01   2.10892929E+01   718.19629814     8.32635404E-04   2.12688837E+20   2.32490132E+06   0.00000000E+00   7.73669434E+05   0.29749437      
  63               3.49280383E-01   2.48043709E+01   753.86082897     9.32980362E-04   2.38321311E+20   2.26799579E+06   5.69079043E+04   7.60340222E+05   0.29689158      
  64               4.30668686E-01   2.91033098E+01   790.26452238     1.04425035E-03   2.66744661E+20   2.18056192E+06   1.44340429E+05   7.46567398E+05   0.29620094      
  65               5.31021855E-01   3.40827091E+01   828.26381069     1.16680779E-03   2.98051465E+20   2.08543045E+06   2.39472549E+05   7.32302281E+05   0.29540097      
  66               6.54759028E-01   3.98772813E+01   867.31809288     1.30370859E-03   3.33022039E+20   2.00571687E+06   3.19185956E+05   7.17445252E+05   0.29447397      
  67               8.07329079E-01   4.66024653E+01   908.19753428     1.45500007E-03   3.71667352E+20   1.95710670E+06   3.67795827E+05   7.02003975E+05   0.2933861       
  68               9.95450561E-01   5.43382636E+01   949.73782820     1.62232186E-03   4.14407741E+20   1.94643171E+06   3.78471135E+05   6.86081674E+05   0.2921906       
  69               1.22740757E+00   6.31460996E+01   992.50178117     1.80405037E-03   4.60830351E+20   1.97394061E+06   3.50961781E+05   6.69800834E+05   0.29089102      
  70               1.51341452E+00   7.31656510E+01   1035.58873875    2.00332981E-03   5.11735754E+20   2.03545367E+06   2.89448550E+05   6.53134190E+05   0.28951374      
  71               1.86606598E+00   8.45550514E+01   1080.03950868    2.21989910E-03   5.67055745E+20   2.11558743E+06   2.09314824E+05   6.36055341E+05   0.28801586      
  72               2.30089127E+00   9.74246802E+01   1124.61919588    2.45645424E-03   6.27464755E+20   2.20017553E+06   1.24723926E+05   6.18627369E+05   0.28645793      
  73               2.83703828E+00   1.11866228E+02   1170.20329803    2.71069835E-03   6.92410293E+20   2.28237695E+06   4.25211710E+04   6.00929580E+05   0.28482166      
  74               3.49811672E+00   1.28000233E+02   1215.53861988    2.98596037E-03   7.62724750E+20   2.32527387E+06   0.00000000E+00   5.82996297E+05   0.28316959      
  75               4.31323774E+00   1.46065255E+02   1260.20713633    3.28659175E-03   8.39519574E+20   2.32698934E+06   0.00000000E+00   5.64760542E+05   0.28145203      
  76               5.31829590E+00   1.66323859E+02   1304.13938980    3.61634823E-03   9.23754100E+20   2.32447041E+06   0.00000000E+00   5.46178149E+05   0.27977731      
  77               6.55754979E+00   1.88969178E+02   1348.86811120    3.97246574E-03   1.01472258E+21   2.32037685E+06   0.00000000E+00   5.27284606E+05   0.27809313      
  78               8.08557104E+00   2.14149290E+02   1393.72077230    4.35690975E-03   1.11292707E+21   2.31802291E+06   0.00000000E+00   5.08144759E+05   0.27642337      
  79               9.96964736E+00   2.42087442E+02   1439.91776539    4.76728624E-03   1.21775637E+21   2.31812187E+06   0.00000000E+00   4.88759439E+05   0.2747066       
  80               1.22927457E+01   2.73088891E+02   1486.68253501    5.20860455E-03   1.33049006E+21   2.32088846E+06   0.00000000E+00   4.69085746E+05   0.27295006      
  81               1.51571657E+01   3.07681652E+02   1535.29850920    5.68254982E-03   1.45155873E+21   2.32514255E+06   0.00000000E+00   4.48978471E+05   0.27114801      
  82               1.86890445E+01   3.46219932E+02   1585.05746197    6.19356310E-03   1.58209623E+21   2.28371287E+06   4.12935272E+04   4.28436090E+05   0.26933858      
  83               2.30439114E+01   3.88850311E+02   1635.23210752    6.74273326E-03   1.72237965E+21   2.20142224E+06   1.23610602E+05   4.07575270E+05   0.26754086      
  84               2.84135369E+01   4.35540368E+02   1685.43694573    7.32726502E-03   1.87172372E+21   2.08393998E+06   2.41127928E+05   3.86569614E+05   0.26577475      
  85               3.50343769E+01   4.86123368E+02   1735.20186139    7.94777560E-03   2.02918822E+21   1.93445864E+06   3.90633027E+05   3.65605642E+05   0.26406036      
  86               4.31979859E+01   5.40071948E+02   1783.94672253    8.58851319E-03   2.19278262E+21   1.77278407E+06   5.52319647E+05   3.44956650E+05   0.26242067      
  87               5.32638553E+01   5.97636309E+02   1831.83623597    9.25548866E-03   2.36306773E+21   1.62712054E+06   6.98000043E+05   3.24539471E+05   0.26085309      
  88               6.56752445E+01   6.60180313E+02   1879.88434447    9.96292103E-03   2.54364956E+21   1.50530116E+06   8.19834598E+05   3.03942946E+05   0.25931052      
  89               8.09786996E+01   7.29240799E+02   1928.85638154    1.07260571E-02   2.73840012E+21   1.40130607E+06   9.23853515E+05   2.82816922E+05   0.25775962      
  90               9.98481215E+01   8.06609890E+02   1979.50441470    1.15614952E-02   2.95143286E+21   1.30463517E+06   1.02059880E+06   2.60846259E+05   0.25617192      
  91               1.23114441E+02   8.93896241E+02   2032.12132584    1.24842206E-02   3.18612872E+21   1.21029897E+06   1.11515265E+06   2.37870640E+05   0.25451682      
  92               1.51802212E+02   9.92282184E+02   2086.67964265    1.35032724E-02   3.44433396E+21   1.16114919E+06   1.16448766E+06   2.13907348E+05   0.2527837       
  93               1.87174723E+02   1.10894233E+03   2145.93081968    1.46874351E-02   3.74299360E+21   1.09926026E+06   1.22671311E+06   1.87710464E+05   0.25094184      
  94               2.30789634E+02   1.23841415E+03   2205.99283196    1.59568353E-02   4.06618982E+21   9.66890869E+05   1.36001035E+06   1.60965850E+05   0.2489919       
  95               2.84567566E+02   1.37296341E+03   2263.13114400    1.72433671E-02   4.39415207E+21   8.71758738E+05   1.45600044E+06   1.35315246E+05   0.24698834      
  96               3.50876675E+02   1.53058183E+03   2324.47414608    1.87147144E-02   4.76933330E+21   7.70252934E+05   1.55842031E+06   1.07568940E+05   0.24501608      
  97               4.32636941E+02   1.68034255E+03   2377.97430369    2.00909319E-02   5.11819121E+21   6.15429188E+05   1.71444001E+06   8.31436304E+04   0.24311372      
  98               5.33448747E+02   1.81015978E+03   2421.24131987    2.12556676E-02   5.41507748E+21   5.24901197E+05   1.80534477E+06   6.32783162E+04   0.24132502      
  99               6.57751428E+02   1.96112183E+03   2468.32134145    2.25882028E-02   5.75477986E+21   4.90883852E+05   1.83945118E+06   4.14916828E+04   0.23965104      
  100              8.11018759E+02   2.13596756E+03   2519.20584718    2.41030976E-02   6.14125084E+21   4.18532683E+05   1.90980199E+06   1.77954965E+04   0.23803317      
  101              1.00000000E+03   2.27495048E+03   2557.09624520    2.53124925E-02   6.44392848E+21   3.64076548E+05   1.96116336E+06   0.00000000E+00   0.23681732      
