# ATMO pressure-temperature profile
# Effective temperature = 400.0K
# log(g) = 4.0cm/s^2
# M/H = 0.0
# Optical depth grid in band 17 (1.20-1.33microns)
# All parameters in cgs units
#
# Model Level      Optical Depth    Pressure         Temperature      Density          Number Density   Rad Flux         Conv Flux        Radial Extension Adiabatic Gradient
#                                   [Ba]             [K]              [g/cm^3]         [/cm^3]          [ergs/s/cm^2/sr] [ergs/s/cm^2/sr] [cm]             [K/Ba]          
  1                5.00000000E-05   1.00000000E-05   57.07988406      4.93770536E-09   1.26894488E+15   1.45139597E+06   0.00000000E+00   3.03041203E+07   0.34612403      
  2                5.91534807E-05   4.63770855E-04   73.68734819      1.77385770E-07   4.55865120E+16   1.45139597E+06   0.00000000E+00   2.87708645E+07   0.31479369      
  3                6.99826855E-05   9.76240097E-04   85.00697368      3.23675882E-07   8.31817257E+16   1.45139603E+06   0.00000000E+00   2.85569929E+07   0.31483378      
  4                8.27943887E-05   1.53945094E-03   94.54855856      4.58900338E-07   1.17933389E+17   1.45139610E+06   0.00000000E+00   2.84108570E+07   0.31485856      
  5                9.79515255E-05   2.15777814E-03   106.23343323     5.72469974E-07   1.47119897E+17   1.45139512E+06   8.54364668E-01   2.82902190E+07   0.31487731      
  6                1.15883473E-04   2.73443787E-03   113.29676791     6.80233951E-07   1.74814068E+17   1.45139182E+06   4.10785194E+00   2.81978078E+07   0.31489292      
  7                1.37098216E-04   3.01752405E-03   118.06563296     7.20885140E-07   1.85119888E+17   1.45138751E+06   8.53805540E+00   2.81573751E+07   0.31490668      
  8                1.62196734E-04   3.17416401E-03   118.74390026     7.53974896E-07   1.93617181E+17   1.45138494E+06   1.10377753E+01   2.81361285E+07   0.31491928      
  9                1.91890027E-04   3.35884733E-03   122.11800798     7.75799304E-07   1.99221586E+17   1.45138380E+06   1.21632485E+01   2.81119808E+07   0.31493114      
  10               2.27019260E-04   3.57651518E-03   123.29186870     8.18209412E-07   2.10112300E+17   1.45138375E+06   1.22287907E+01   2.80846604E+07   0.31494253      
  11               2.68579588E-04   3.83295839E-03   127.30332526     8.49245375E-07   2.18082188E+17   1.45138469E+06   1.12716653E+01   2.80538964E+07   0.3174724       
  12               3.17748350E-04   4.13495645E-03   129.10369370     9.03381319E-07   2.31984042E+17   1.45138659E+06   9.38872660E+00   2.80194176E+07   0.31868736      
  13               3.75918418E-04   4.49048985E-03   133.89137066     9.45975667E-07   2.42922069E+17   1.45138922E+06   6.74067331E+00   2.79809580E+07   0.32164623      
  14               4.44737657E-04   4.90890979E-03   136.42873958     1.01488777E-06   2.60618370E+17   1.45139238E+06   3.60113478E+00   2.79382545E+07   0.32218126      
  15               5.26155608E-04   5.40116757E-03   142.09852827     1.07210399E-06   2.75311220E+17   1.45139513E+06   8.42064606E-01   2.78910629E+07   0.32405214      
  16               6.22478712E-04   5.98005777E-03   145.43995328     1.15973960E-06   2.97815634E+17   1.45139548E+06   0.00000000E+00   2.78391473E+07   0.32422762      
  17               7.36435649E-04   6.66109939E-03   149.83537931     1.25392172E-06   3.22001120E+17   1.45139556E+06   0.00000000E+00   2.77826721E+07   0.32571177      
  18               8.71254639E-04   7.46224932E-03   152.81685686     1.37732790E-06   3.53691263E+17   1.45139588E+06   0.00000000E+00   2.77217100E+07   0.32601333      
  19               1.03075489E-03   8.40440546E-03   157.31243695     1.50689514E-06   3.86963299E+17   1.45139617E+06   0.00000000E+00   2.76563122E+07   0.3257206       
  20               1.21945479E-03   9.51204811E-03   160.44474974     1.67219718E-06   4.29412189E+17   1.45139619E+06   0.00000000E+00   2.75865349E+07   0.32555609      
  21               1.44269991E-03   1.08138623E-02   165.08578432     1.84761370E-06   4.74457152E+17   1.45139600E+06   0.00000000E+00   2.75124722E+07   0.32521355      
  22               1.70681442E-03   1.23433455E-02   168.24579332     2.06932248E-06   5.31391388E+17   1.45139693E+06   0.00000000E+00   2.74342508E+07   0.32514986      
  23               2.01928028E-03   1.41396359E-02   173.20813666     2.30257295E-06   5.91283523E+17   1.45139667E+06   0.00000000E+00   2.73519591E+07   0.3249359       
  24               2.38894914E-03   1.62485300E-02   176.18111682     2.60133722E-06   6.68006299E+17   1.45139726E+06   0.00000000E+00   2.72657903E+07   0.32486549      
  25               2.82629313E-03   1.87232946E-02   181.07730395     2.91656717E-06   7.48934938E+17   1.45139816E+06   0.00000000E+00   2.71759438E+07   0.32464511      
  26               3.34370152E-03   2.16255497E-02   183.86662162     3.31752349E-06   8.51902903E+17   1.45139791E+06   0.00000000E+00   2.70826415E+07   0.32449791      
  27               3.95583167E-03   2.50265899E-02   188.71325454     3.74093194E-06   9.60561358E+17   1.45139690E+06   0.00000000E+00   2.69860989E+07   0.32384612      
  28               4.68002425E-03   2.90080809E-02   191.45856255     4.27378067E-06   1.09741285E+18   1.45139435E+06   0.00000000E+00   2.68865241E+07   0.32342471      
  29               5.53679448E-03   3.36613524E-02   196.93476768     4.82251774E-06   1.23804094E+18   1.45138555E+06   0.00000000E+00   2.67840230E+07   0.32206241      
  30               6.55041330E-03   3.90871595E-02   200.21777771     5.50734331E-06   1.41402574E+18   1.45139131E+06   0.00000000E+00   2.66787405E+07   0.32127328      
  31               7.74959494E-03   4.53758596E-02   206.42551372     6.20709909E-06   1.59216228E+18   1.45139725E+06   0.00000000E+00   2.65711650E+07   0.31925067      
  32               9.16831029E-03   5.25909701E-02   211.60142185     7.01379750E-06   1.80019040E+18   1.45140806E+06   0.00000000E+00   2.64618141E+07   0.31875135      
  33               1.08467493E-02   6.06560002E-02   220.71371323     7.79195380E-06   1.99053716E+18   1.45125760E+06   1.37906973E+02   2.63526251E+07   0.31687147      
  34               1.28324595E-02   6.92471724E-02   230.87762973     8.50397759E-06   2.17243119E+18   1.45046837E+06   9.27357104E+02   2.62470849E+07   0.31638006      
  35               1.51816929E-02   7.92500471E-02   240.19794087     9.35474959E-06   2.38976991E+18   1.45082670E+06   5.69203630E+02   2.61349353E+07   0.31454096      
  36               1.79609996E-02   9.08940902E-02   251.50103054     1.02470250E-05   2.61771112E+18   1.45139569E+06   0.00000000E+00   2.60160060E+07   0.31403052      
  37               2.12491128E-02   1.04446318E-01   261.63236718     1.13188833E-05   2.89152868E+18   1.45139605E+06   0.00000000E+00   2.58901685E+07   0.31225766      
  38               2.51391797E-02   1.20225306E-01   271.70600239     1.25458062E-05   3.20495914E+18   1.45139580E+06   0.00000000E+00   2.57577563E+07   0.31181969      
  39               2.97413996E-02   1.38592645E-01   282.19071900     1.39251337E-05   3.55732297E+18   1.45139594E+06   0.00000000E+00   2.56187939E+07   0.3102681       
  40               3.51861462E-02   1.59966095E-01   293.44057279     1.54564481E-05   3.94851345E+18   1.45139593E+06   0.00000000E+00   2.54731071E+07   0.30987835      
  41               4.16276604E-02   1.84830969E-01   306.08259341     1.71213508E-05   4.37383049E+18   1.45100324E+06   3.92764534E+02   2.53202582E+07   0.30836033      
  42               4.92484201E-02   2.13737268E-01   320.86921127     1.88866150E-05   4.82478591E+18   1.44680969E+06   4.58625805E+03   2.51595099E+07   0.3079344       
  43               5.82643093E-02   2.47331685E-01   334.80658586     2.09453529E-05   5.35071233E+18   1.43860660E+06   1.27893668E+04   2.49906035E+07   0.30641471      
  44               6.89307339E-02   2.86355571E-01   350.95440312     2.31343266E-05   5.90990882E+18   1.42532596E+06   2.60699723E+04   2.48133241E+07   0.30540057      
  45               8.15498567E-02   3.31677305E-01   366.19576059     2.56805542E-05   6.56036924E+18   1.40647557E+06   4.49203684E+04   2.46273828E+07   0.30415684      
  46               9.64791575E-02   3.84304925E-01   383.80734966     2.83899368E-05   7.25251278E+18   1.38161601E+06   6.97799427E+04   2.44324749E+07   0.30346899      
  47               1.14141560E-01   4.45394270E-01   400.46683405     3.15342902E-05   8.05571161E+18   1.35165995E+06   9.97359807E+04   2.42283042E+07   0.30259122      
  48               1.35037411E-01   5.16257158E-01   419.66524923     3.48793241E-05   8.91023005E+18   1.31829482E+06   1.33101190E+05   2.40146343E+07   0.30206766      
  49               1.59758657E-01   5.98394330E-01   437.82960521     3.87513928E-05   9.89938431E+18   1.28405899E+06   1.67336936E+05   2.37912194E+07   0.30137488      
  50               1.89005613E-01   6.93576862E-01   458.72080355     4.28697704E-05   1.09514595E+19   1.25102075E+06   2.00375365E+05   2.35576919E+07   0.30101947      
  51               2.23606798E-01   8.03831019E-01   478.50839785     4.76301829E-05   1.21674911E+19   1.22067689E+06   2.30719105E+05   2.33136982E+07   0.3006343       
  52               2.64542408E-01   9.31505374E-01   501.25357483     5.26913983E-05   1.34602684E+19   1.19663412E+06   2.54761977E+05   2.30588433E+07   0.30044478      
  53               3.12972084E-01   1.07949864E+00   522.83453289     5.85455760E-05   1.49549056E+19   1.18052730E+06   2.70868443E+05   2.27923823E+07   0.30016739      
  54               3.70267763E-01   1.25145123E+00   547.70665820     6.47890418E-05   1.65497618E+19   1.17022703E+06   2.81168834E+05   2.25131850E+07   0.30001056      
  55               4.38052539E-01   1.45170766E+00   571.43022252     7.20361809E-05   1.84010159E+19   1.15959112E+06   2.91804520E+05   2.22200547E+07   0.29983946      
  56               5.18246648E-01   1.68610813E+00   598.92040563     7.98268984E-05   2.03911704E+19   1.14158363E+06   3.09812069E+05   2.19109473E+07   0.29975599      
  57               6.13121862E-01   1.96210184E+00   625.43818329     8.89544637E-05   2.27228600E+19   1.11383221E+06   3.37563395E+05   2.15834244E+07   0.29960225      
  58               7.25365844E-01   2.29018060E+00   656.46547460     9.89201430E-05   2.52687455E+19   1.07592851E+06   3.75467012E+05   2.12336779E+07   0.29946898      
  59               8.58158289E-01   2.68307100E+00   686.88776231     1.10756521E-04   2.82925587E+19   1.03362898E+06   4.17766519E+05   2.08583198E+07   0.2992811       
  60               1.01526100E+00   3.15587494E+00   722.58203768     1.23837031E-04   3.16343170E+19   9.90729225E+05   4.60666301E+05   2.04546066E+07   0.29915246      
  61               1.20112443E+00   3.72320300E+00   757.61907574     1.39341169E-04   3.55952177E+19   9.55876270E+05   4.95518895E+05   2.00227192E+07   0.29894384      
  62               1.42101382E+00   4.40059542E+00   798.09113084     1.56339434E-04   3.99378607E+19   9.35539542E+05   5.15856146E+05   1.95637666E+07   0.29871777      
  63               1.68115827E+00   5.20297119E+00   837.26947265     1.76195590E-04   4.50103100E+19   9.33401378E+05   5.17993419E+05   1.90803213E+07   0.29837213      
  64               1.98892727E+00   6.14188364E+00   881.56448838     1.97540214E-04   5.04630315E+19   9.51920176E+05   4.99475242E+05   1.85770513E+07   0.29807043      
  65               2.35303941E+00   7.22421330E+00   923.31986553     2.21842250E-04   5.66714364E+19   9.92452624E+05   4.58942148E+05   1.80600279E+07   0.29759915      
  66               2.78380943E+00   8.45673210E+00   969.59659446     2.47295467E-04   6.31738480E+19   1.05361661E+06   3.97777818E+05   1.75338120E+07   0.29712599      
  67               3.29344035E+00   9.85082633E+00   1012.44134317    2.75872930E-04   7.04739528E+19   1.13561692E+06   3.15777557E+05   1.70000715E+07   0.29636327      
  68               3.89636920E+00   1.14164005E+01   1059.77874998    3.05443918E-04   7.80260869E+19   1.22790142E+06   2.23490681E+05   1.64607408E+07   0.29562877      
  69               4.60967600E+00   1.31626894E+01   1103.01474196    3.38360158E-04   8.64349041E+19   1.33437075E+06   1.17020993E+05   1.59175390E+07   0.29452713      
  70               5.45356761E+00   1.51009796E+01   1150.78237744    3.72070714E-04   9.50468566E+19   1.43137072E+06   2.00134048E+04   1.53712563E+07   0.29344601      
  71               6.45195012E+00   1.72546359E+01   1194.20581987    4.09673127E-04   1.04653187E+20   1.45138378E+06   0.00000000E+00   1.48196288E+07   0.2920306       
  72               7.63310614E+00   1.96550453E+01   1236.44956979    4.50718010E-04   1.15139273E+20   1.45225541E+06   0.00000000E+00   1.42610102E+07   0.29073664      
  73               9.03049593E+00   2.23319173E+01   1276.05728005    4.96202296E-04   1.26759839E+20   1.45246041E+06   0.00000000E+00   1.36949702E+07   0.28903021      
  74               1.06837053E+01   2.53129993E+01   1316.50623475    5.45152163E-04   1.39266457E+20   1.45279499E+06   0.00000000E+00   1.31217950E+07   0.28754731      
  75               1.26395671E+01   2.86233043E+01   1355.81075031    5.98564146E-04   1.52913749E+20   1.45263391E+06   0.00000000E+00   1.25422921E+07   0.28564818      
  76               1.49534878E+01   3.22926972E+01   1396.75334329    6.55488968E-04   1.67459751E+20   1.45265067E+06   0.00000000E+00   1.19564798E+07   0.28409756      
  77               1.76910170E+01   3.63785269E+01   1437.26287721    7.17594484E-04   1.83330507E+20   1.45245360E+06   0.00000000E+00   1.13607348E+07   0.28219593      
  78               2.09297047E+01   4.09349576E+01   1479.86346246    7.84205589E-04   2.00354240E+20   1.45244001E+06   0.00000000E+00   1.07533371E+07   0.2805732       
  79               2.47612977E+01   4.60034358E+01   1522.46831927    8.56614804E-04   2.18860730E+20   1.45214533E+06   0.00000000E+00   1.01349324E+07   0.27869357      
  80               2.92943389E+01   5.16092951E+01   1567.52569767    9.33342948E-04   2.38472935E+20   1.45180335E+06   0.00000000E+00   9.50798316E+06   0.27706414      
  81               3.46572422E+01   5.77548535E+01   1612.79191454    1.01513944E-03   2.59379703E+20   1.45053304E+06   0.00000000E+00   8.87661625E+06   0.27516461      
  82               4.10019301E+01   6.44242642E+01   1660.69145302    1.09967250E-03   2.80987083E+20   1.44921546E+06   0.00000000E+00   8.24537073E+06   0.27348975      
  83               4.85081376E+01   7.15857553E+01   1708.89159062    1.18796590E-03   3.03415623E+20   1.39814043E+06   5.32462779E+04   7.61873597E+06   0.27156497      
  84               5.73885036E+01   7.92377059E+01   1756.70110125    1.27912072E-03   3.26708068E+20   1.31820028E+06   1.33270299E+05   6.99798399E+06   0.2698841       
  85               6.78945948E+01   8.73502019E+01   1803.19449726    1.37370841E-03   3.50870761E+20   1.21811381E+06   2.33518966E+05   6.38597909E+06   0.26806773      
  86               8.03240320E+01   9.57394359E+01   1848.08546724    1.46920850E-03   3.75227493E+20   1.09498317E+06   3.56960880E+05   5.79545165E+06   0.26662536      
  87               9.50289215E+01   1.04083739E+02   1889.46056340    1.56261416E-03   3.98998159E+20   9.92690144E+05   4.59523524E+05   5.24473325E+06   0.26490516      
  88               1.12425830E+02   1.13009856E+02   1931.08761809    1.66081821E-03   4.23877324E+20   8.86802236E+05   5.65670456E+05   4.69063305E+06   0.26352689      
  89               1.33007583E+02   1.21457449E+02   1967.90903997    1.75329141E-03   4.47038548E+20   7.46781694E+05   7.06271550E+05   4.19555719E+06   0.26196164      
  90               1.57357229E+02   1.29059624E+02   1999.44924621    1.83358657E-03   4.67526088E+20   6.62493640E+05   7.90934877E+05   3.77156224E+06   0.26066076      
  91               1.86164557E+02   1.37450474E+02   2032.39571768    1.92107864E-03   4.89850787E+20   6.27293736E+05   8.26085995E+05   3.32448427E+06   0.25921389      
  92               2.20245630E+02   1.46700359E+02   2066.96564610    2.01597156E-03   5.14071773E+20   5.55402514E+05   8.98335363E+05   2.85445796E+06   0.25800028      
  93               2.60565913E+02   1.54533748E+02   2094.76151190    2.09600249E-03   5.34336193E+20   4.52293325E+05   1.00221924E+06   2.47336500E+06   0.256671        
  94               3.08267614E+02   1.60686812E+02   2115.84749863    2.15768994E-03   5.50074752E+20   3.96642467E+05   1.05818543E+06   2.18402985E+06   0.2555411       
  95               3.64702046E+02   1.67659829E+02   2138.85921552    2.22704553E-03   5.67770285E+20   3.80749108E+05   1.07421866E+06   1.86593114E+06   0.25439408      
  96               4.31467909E+02   1.75530828E+02   2163.94528850    2.30450232E-03   5.87533948E+20   3.64085268E+05   1.09134928E+06   1.51849339E+06   0.25337231      
  97               5.10456573E+02   1.84383144E+02   2191.01073821    2.39074392E-03   6.09540475E+20   3.46266803E+05   1.10880797E+06   1.14135382E+06   0.25231121      
  98               6.03905660E+02   1.94297117E+02   2220.12014249    2.48607729E-03   6.33892653E+20   3.02974243E+05   1.15076685E+06   7.34700564E+05   0.25132417      
  99               7.14462436E+02   2.01723814E+02   2241.06881367    2.55919974E-03   6.51970310E+20   2.42831112E+05   1.20767825E+06   4.40230981E+05   0.25034929      
  100              8.45258798E+02   2.07070069E+02   2255.79112258    2.60982802E-03   6.64881554E+20   2.13437661E+05   1.23413387E+06   2.33363755E+05   0.24931935      
  101              1.00000000E+03   2.13227820E+02   2272.27282926    2.66787644E-03   6.79687417E+20   2.09765310E+05   1.23790206E+06   0.00000000E+00   0.24842499      
