# ATMO pressure-temperature profile
# Effective temperature = 1800.0K
# log(g) = 4.5cm/s^2
# M/H = 0.0
# Optical depth grid in band 17 (1.20-1.33microns)
# All parameters in cgs units
#
# Model Level      Optical Depth    Pressure         Temperature      Density          Number Density   Rad Flux         Conv Flux        Radial Extension Adiabatic Gradient
#                                   [Ba]             [K]              [g/cm^3]         [/cm^3]          [ergs/s/cm^2/sr] [ergs/s/cm^2/sr] [cm]             [K/Ba]          
  1                5.00000000E-06   1.00000000E-05   629.63506423     4.49844254E-10   1.15036837E+14   5.95203257E+08   0.00000000E+00   2.57732733E+07   0.2979643       
  2                6.05313423E-06   1.03004226E-04   703.31788459     4.14820856E-09   1.06078952E+15   5.95203258E+08   0.00000000E+00   2.36202751E+07   0.29722624      
  3                7.32808679E-06   2.07184418E-04   736.82442353     7.96423795E-09   2.03666179E+15   5.95203257E+08   0.00000000E+00   2.30471041E+07   0.29701917      
  4                8.87157859E-06   3.30650631E-04   754.62765256     1.24105305E-08   3.17367522E+15   5.95203258E+08   0.00000000E+00   2.26543860E+07   0.29673211      
  5                1.07401712E-05   4.77034445E-04   775.42566303     1.74246615E-08   4.45589972E+15   5.95203258E+08   0.00000000E+00   2.23395991E+07   0.2964127       
  6                1.30023396E-05   6.51302646E-04   787.34372919     2.34301314E-08   5.99162066E+15   5.95203258E+08   0.00000000E+00   2.20668591E+07   0.29618608      
  7                1.57409813E-05   8.58794395E-04   804.73163065     3.02274495E-08   7.72972368E+15   5.95203258E+08   0.00000000E+00   2.18203042E+07   0.2958917       
  8                1.90564546E-05   1.10617054E-03   814.47307271     3.84689690E-08   9.83719312E+15   5.95203258E+08   0.00000000E+00   2.15908997E+07   0.29568213      
  9                2.30702555E-05   1.40094864E-03   830.33902360     4.77891482E-08   1.22206021E+16   5.95203258E+08   0.00000000E+00   2.13734917E+07   0.29539226      
  10               2.79294706E-05   1.75230214E-03   838.96047875     5.91605067E-08   1.51284114E+16   5.95203258E+08   0.00000000E+00   2.11645314E+07   0.29518846      
  11               3.38121669E-05   2.17073761E-03   854.05863176     7.19915890E-08   1.84096480E+16   5.95203258E+08   0.00000000E+00   2.09617763E+07   0.29489324      
  12               4.09339169E-05   2.66895871E-03   862.02267745     8.76975045E-08   2.24258547E+16   5.95203258E+08   0.00000000E+00   2.07634923E+07   0.2946879       
  13               4.95556987E-05   3.26165936E-03   876.73725381     1.05373448E-07   2.69460419E+16   5.95203258E+08   0.00000000E+00   2.05685184E+07   0.29438342      
  14               5.99934592E-05   3.96651571E-03   884.36415923     1.27040479E-07   3.24865719E+16   5.95203258E+08   0.00000000E+00   2.03758706E+07   0.2941731       
  15               7.26296922E-05   4.80404890E-03   898.95970183     1.51366380E-07   3.87073139E+16   5.95203258E+08   0.00000000E+00   2.01848781E+07   0.29385396      
  16               8.79274551E-05   5.79869399E-03   906.39594543     1.81207672E-07   4.63380844E+16   5.95203258E+08   0.00000000E+00   1.99949605E+07   0.29363078      
  17               1.06447338E-04   6.97901208E-03   921.08034113     2.14614484E-07   5.48810329E+16   5.95203258E+08   0.00000000E+00   1.98056907E+07   0.29330384      
  18               1.28868005E-04   8.37934046E-03   928.56381693     2.55601158E-07   6.53617873E+16   5.95203258E+08   0.00000000E+00   1.96166222E+07   0.29306568      
  19               1.56011066E-04   1.00405119E-02   943.53401453     3.01412539E-07   7.70768813E+16   5.95203258E+08   0.00000000E+00   1.94273650E+07   0.2927195       
  20               1.88871184E-04   1.20112369E-02   951.23440325     3.57655859E-07   9.14589101E+16   5.95203258E+08   0.00000000E+00   1.92375577E+07   0.29274318      
  21               2.28652526E-04   1.43489656E-02   966.75799063     4.20403401E-07   1.07505000E+17   5.95203258E+08   0.00000000E+00   1.90469114E+07   0.29242194      
  22               2.76812886E-04   1.71222419E-02   974.89610094     4.97470976E-07   1.27212016E+17   5.95203258E+08   0.00000000E+00   1.88551433E+07   0.2921383       
  23               3.35117111E-04   2.04111165E-02   991.07831725     5.83340906E-07   1.49171077E+17   5.95203258E+08   0.00000000E+00   1.86620789E+07   0.29170435      
  24               4.05701771E-04   2.43111284E-02   999.79927658     6.88744071E-07   1.76123837E+17   5.95203259E+08   0.00000000E+00   1.84675089E+07   0.29135039      
  25               4.91153455E-04   2.89347561E-02   1017.00815075    8.05858901E-07   2.06073066E+17   5.95203258E+08   0.00000000E+00   1.82712522E+07   0.29085772      
  26               5.94603558E-04   3.44170923E-02   1026.72823359    9.49475824E-07   2.42797668E+17   5.95203260E+08   0.00000000E+00   1.80730564E+07   0.29042961      
  27               7.19843029E-04   4.09143273E-02   1045.19296118    1.10877155E-06   2.83533761E+17   5.95203255E+08   0.00000000E+00   1.78728096E+07   0.28983595      
  28               8.71461295E-04   4.86133335E-02   1056.12129305    1.30378507E-06   3.33401418E+17   5.95203257E+08   0.00000000E+00   1.76703163E+07   0.28936837      
  29               1.05501444E-03   5.77295996E-02   1076.20558250    1.51937661E-06   3.88534103E+17   5.95203266E+08   0.00000000E+00   1.74654920E+07   0.28881477      
  30               1.27722880E-03   6.85226497E-02   1088.87766185    1.78245243E-06   4.55806904E+17   5.95203252E+08   0.00000000E+00   1.72580950E+07   0.28838991      
  31               1.54624747E-03   8.12844613E-02   1111.07135768    2.07217321E-06   5.29896949E+17   5.95203263E+08   0.00000000E+00   1.70481089E+07   0.2877889       
  32               1.87192870E-03   9.63606298E-02   1125.86836403    2.42422392E-06   6.19923148E+17   5.95203249E+08   0.00000000E+00   1.68353971E+07   0.28724396      
  33               2.26620714E-03   1.14149191E-01   1150.68279406    2.80980036E-06   7.18526944E+17   5.95203278E+08   0.00000000E+00   1.66198625E+07   0.28651952      
  34               2.74353120E-03   1.35137759E-01   1168.41090178    3.27596360E-06   8.37735562E+17   5.95203232E+08   0.00000000E+00   1.64010987E+07   0.28590732      
  35               3.32139252E-03   1.59854302E-01   1196.61978446    3.78376103E-06   9.67595832E+17   5.95203289E+08   0.00000000E+00   1.61790968E+07   0.28513174      
  36               4.02096694E-03   1.88906842E-01   1217.93173598    4.39318621E-06   1.12344180E+18   5.95203227E+08   0.00000000E+00   1.59537598E+07   0.28436771      
  37               4.86789053E-03   2.22925148E-01   1250.21217175    5.05042744E-06   1.29152013E+18   5.95203305E+08   0.00000000E+00   1.57253793E+07   0.28331334      
  38               5.89319895E-03   2.62620808E-01   1275.85402214    5.83015415E-06   1.49091878E+18   5.95203198E+08   0.00000000E+00   1.54940455E+07   0.28227041      
  39               7.13446485E-03   3.08680158E-01   1312.78448922    6.65988104E-06   1.70310379E+18   5.95203313E+08   0.00000000E+00   1.52602991E+07   0.28094205      
  40               8.63717467E-03   3.61807202E-01   1343.27759724    7.62889982E-06   1.95091018E+18   5.95203175E+08   0.00000000E+00   1.50246034E+07   0.27968375      
  41               1.04563955E-02   4.22585517E-01   1385.25580890    8.64050052E-06   2.20958375E+18   5.95203537E+08   0.00000000E+00   1.47878756E+07   0.27840298      
  42               1.26587931E-02   4.91682885E-01   1420.83990107    9.80164854E-06   2.50648890E+18   5.95203190E+08   0.00000000E+00   1.45504414E+07   0.27728016      
  43               1.53250748E-02   5.69438486E-01   1467.75897889    1.09895816E-05   2.81007499E+18   5.95203592E+08   0.00000000E+00   1.43135240E+07   0.2757392       
  44               1.85529469E-02   6.53430839E-01   1508.23124799    1.22774827E-05   3.13803319E+18   5.95202429E+08   0.00000000E+00   1.40848460E+07   0.27410858      
  45               2.24606956E-02   7.42343195E-01   1561.57206474    1.34726697E-05   3.44324987E+18   5.94824901E+08   3.87864550E+05   1.38662280E+07   0.27226409      
  46               2.71915211E-02   8.32754798E-01   1611.17440275    1.46514388E-05   3.74369474E+18   5.92185347E+08   3.04543935E+06   1.36627275E+07   0.27045407      
  47               3.29187854E-02   9.19254360E-01   1654.51208155    1.57598656E-05   4.02431155E+18   5.87936241E+08   7.30438280E+06   1.34827077E+07   0.26842667      
  48               3.98523653E-02   9.96067294E-01   1690.52052159    1.67297001E-05   4.26770186E+18   5.83043542E+08   1.21871385E+07   1.33331048E+07   0.26626839      
  49               4.82463432E-02   1.06405487E+00   1720.23435638    1.75673740E-05   4.48024996E+18   5.78581918E+08   1.66397908E+07   1.32076901E+07   0.26396082      
  50               5.84083183E-02   1.12539591E+00   1745.88970023    1.83067491E-05   4.66889782E+18   5.74655632E+08   2.05677515E+07   1.30995237E+07   0.26206865      
  51               7.07106781E-02   1.19542739E+00   1773.53486803    1.91416549E-05   4.88212968E+18   5.70058080E+08   2.51467997E+07   1.29812200E+07   0.26024736      
  52               8.56042452E-02   1.25208014E+00   1795.04508971    1.98263227E-05   5.05222409E+18   5.66021805E+08   2.91244113E+07   1.28892455E+07   0.25883968      
  53               1.03634797E-01   1.29471499E+00   1810.54979785    2.03255294E-05   5.17952032E+18   5.62807162E+08   3.23008909E+07   1.28220836E+07   0.25753538      
  54               1.25463068E-01   1.34417120E+00   1828.16255248    2.08981988E-05   5.32556410E+18   5.59141500E+08   3.59726661E+07   1.27462004E+07   0.25634436      
  55               1.51888958E-01   1.40124691E+00   1847.63122250    2.15554602E-05   5.49319750E+18   5.54848073E+08   4.02731282E+07   1.26611613E+07   0.2550677       
  56               1.83880850E-01   1.46675071E+00   1869.32328633    2.23005650E-05   5.68326271E+18   5.49760081E+08   4.53692645E+07   1.25666834E+07   0.25396863      
  57               2.22611093E-01   1.54145656E+00   1892.93722501    2.31431208E-05   5.89821934E+18   5.43695377E+08   5.14493611E+07   1.24626948E+07   0.25272304      
  58               2.69498965E-01   1.62602588E+00   1918.67678085    2.40841476E-05   6.13834755E+18   5.36523461E+08   5.86363945E+07   1.23494191E+07   0.25153075      
  59               3.26262682E-01   1.72098837E+00   1946.14023313    2.51294850E-05   6.40515502E+18   5.28304591E+08   6.68462920E+07   1.22273530E+07   0.25009644      
  60               3.94982361E-01   1.82776122E+00   1975.64110399    2.62880397E-05   6.70096340E+18   5.19241347E+08   7.59001987E+07   1.20959847E+07   0.24865754      
  61               4.78176250E-01   1.94841654E+00   2007.15723283    2.75807692E-05   7.03114819E+18   5.09115507E+08   8.60342015E+07   1.19542862E+07   0.24696331      
  62               5.78893005E-01   2.08432197E+00   2040.79860388    2.90148194E-05   7.39759409E+18   4.97565368E+08   9.75935838E+07   1.18023628E+07   0.24515904      
  63               7.00823412E-01   2.23696872E+00   2076.29888936    3.06029158E-05   7.80361581E+18   4.84315653E+08   1.10852850E+08   1.16403693E+07   0.24294159      
  64               8.48435636E-01   2.40800204E+00   2113.66061899    3.23547167E-05   8.25177608E+18   4.69169260E+08   1.26008830E+08   1.14684866E+07   0.24058722      
  65               1.02713896E+00   2.59923697E+00   2152.67102320    3.42839352E-05   8.74568940E+18   4.51926309E+08   1.43261810E+08   1.12869120E+07   0.23777909      
  66               1.24348200E+00   2.81269343E+00   2193.22049290    3.64040090E-05   9.28893541E+18   4.32486820E+08   1.62710619E+08   1.10958423E+07   0.23486797      
  67               1.50539269E+00   3.05060658E+00   2235.19715149    3.87296019E-05   9.88544462E+18   4.10737782E+08   1.84467773E+08   1.08954758E+07   0.23160489      
  68               1.82246880E+00   3.31546142E+00   2278.39728422    4.12785585E-05   1.05399940E+19   3.86636540E+08   2.08580637E+08   1.06860030E+07   0.22790734      
  69               2.20632965E+00   3.61003257E+00   2322.66872156    4.40697507E-05   1.12577004E+19   3.60207433E+08   2.35019504E+08   1.04675985E+07   0.22383359      
  70               2.67104190E+00   3.93713551E+00   2367.78045977    4.71275253E-05   1.20438342E+19   3.31696612E+08   2.63527113E+08   1.02406153E+07   0.2194793       
  71               3.23363503E+00   4.30022226E+00   2413.62158353    5.04658165E-05   1.29046896E+19   3.01818320E+08   2.93397751E+08   1.00051758E+07   0.21492095      
  72               3.91472538E+00   4.70339832E+00   2460.06182050    5.41181558E-05   1.38481442E+19   2.71225578E+08   3.23985453E+08   9.76120929E+06   0.21013041      
  73               4.73927163E+00   5.15090044E+00   2506.96168088    5.81130920E-05   1.48820000E+19   2.40434532E+08   3.54768465E+08   9.50886546E+06   0.20525865      
  74               5.73748947E+00   5.64745647E+00   2554.21729831    6.24816574E-05   1.60147768E+19   2.10346248E+08   3.84845085E+08   9.24827318E+06   0.20033446      
  75               6.94595877E+00   6.19821628E+00   2601.69875529    6.72578383E-05   1.72558182E+19   1.81973925E+08   4.13202536E+08   8.97960174E+06   0.19536309      
  76               8.40896415E+00   6.80881054E+00   2649.29579345    7.24779743E-05   1.86151543E+19   1.56137514E+08   4.39022896E+08   8.70304414E+06   0.19047323      
  77               1.01801177E+01   7.48537847E+00   2696.93851384    7.81801114E-05   2.01033557E+19   1.33359114E+08   4.61786525E+08   8.41881544E+06   0.18568421      
  78               1.23243238E+01   8.23466298E+00   2744.53206369    8.44066573E-05   2.17321833E+19   1.13774079E+08   4.81360902E+08   8.12712769E+06   0.18092512      
  79               1.49201573E+01   9.06394955E+00   2791.97405282    9.12032356E-05   2.35142939E+19   9.72705379E+07   4.97858435E+08   7.82823228E+06   0.17647382      
  80               1.80627429E+01   9.98102814E+00   2839.31488720    9.86120838E-05   2.54617096E+19   8.34470746E+07   5.11680041E+08   7.52242727E+06   0.17236149      
  81               2.18672415E+01   1.09942094E+01   2886.47288842    1.06682025E-04   2.75881362E+19   7.17809377E+07   5.23348364E+08   7.21004616E+06   0.16848516      
  82               2.64730696E+01   1.21123949E+01   2933.45504007    1.15460951E-04   2.99072462E+19   6.18722699E+07   5.33263646E+08   6.89143645E+06   0.16491319      
  83               3.20490087E+01   1.33451144E+01   2980.23088692    1.25000804E-04   3.24338294E+19   5.33934500E+07   5.41754253E+08   6.56694849E+06   0.16166033      
  84               3.87993903E+01   1.47025849E+01   3026.83472416    1.35353219E-04   3.51828348E+19   4.60894059E+07   5.49077578E+08   6.23692260E+06   0.15860235      
  85               4.69715834E+01   1.61952423E+01   3073.16534892    1.46575162E-04   3.81704571E+19   3.98056608E+07   5.55389059E+08   5.90179992E+06   0.15582583      
  86               5.68650599E+01   1.78338753E+01   3119.30515074    1.58713599E-04   4.14108079E+19   3.44003038E+07   5.60826528E+08   5.56205535E+06   0.15337685      
  87               6.88423680E+01   1.96301770E+01   3165.19994018    1.71827544E-04   4.49209474E+19   2.97200269E+07   5.65541620E+08   5.21807490E+06   0.15118293      
  88               8.33424188E+01   2.15969155E+01   3210.92767066    1.85973259E-04   4.87177301E+19   2.56580079E+07   5.69638998E+08   4.87015218E+06   0.14919246      
  89               1.00896570E+02   2.37481137E+01   3256.43419308    2.01222278E-04   5.28217339E+19   2.21307419E+07   5.73203154E+08   4.51849069E+06   0.14743421      
  90               1.22148096E+02   2.60991765E+01   3301.84603181    2.17639619E-04   5.72526808E+19   1.90751965E+07   5.76296314E+08   4.16321560E+06   0.14590239      
  91               1.47875764E+02   2.86670365E+01   3347.12730874    2.35309649E-04   6.20349459E+19   1.64277813E+07   5.78980804E+08   3.80438465E+06   0.14454198      
  92               1.79022369E+02   3.14703367E+01   3392.39274996    2.54311805E-04   6.71925468E+19   1.41545577E+07   5.81288145E+08   3.44199669E+06   0.14333082      
  93               2.16729286E+02   3.45295530E+01   3437.60612025    2.74746934E-04   7.27546377E+19   1.22078173E+07   5.83267516E+08   3.07600800E+06   0.14228545      
  94               2.62378292E+02   3.78672835E+01   3482.90827969    2.96707556E-04   7.87495268E+19   1.05357379E+07   5.84970322E+08   2.70632659E+06   0.14139437      
  95               3.17642204E+02   4.15084757E+01   3528.26625174    3.20313891E-04   8.52121011E+19   9.09147975E+06   5.86442846E+08   2.33281989E+06   0.14063024      
  96               3.84546179E+02   4.54807203E+01   3573.81667827    3.45677762E-04   9.21766462E+19   7.84345182E+06   5.87714867E+08   1.95531783E+06   0.13996381      
  97               4.65541927E+02   4.98145763E+01   3619.51504518    3.72945042E-04   9.96854777E+19   6.76379470E+06   5.88815046E+08   1.57361691E+06   0.13940425      
  98               5.63597555E+02   5.45438689E+01   3665.51436084    4.02248473E-04   1.07779671E+20   5.83253893E+06   5.89763445E+08   1.18748701E+06   0.13894621      
  99               6.82306330E+02   5.97060284E+01   3711.77057212    4.33761967E-04   1.16509919E+20   5.03156873E+06   5.90576734E+08   7.96677324E+05   0.13859027      
  100              8.26018359E+02   6.53422664E+01   3758.44332329    4.67641678E-04   1.25925020E+20   4.34836850E+06   5.91266060E+08   4.00933766E+05   0.13831067      
  101              1.00000000E+03   7.14979774E+01   3805.47017242    5.04094223E-04   1.36085318E+20   4.03139513E+06   5.91600699E+08   0.00000000E+00   0.13810694      
