# ATMO pressure-temperature profile
# Effective temperature = 500.0K
# log(g) = 3.5cm/s^2
# M/H = 0.0
# Optical depth grid in band 17 (1.20-1.33microns)
# All parameters in cgs units
#
# Model Level      Optical Depth    Pressure         Temperature      Density          Number Density   Rad Flux         Conv Flux        Radial Extension Adiabatic Gradient
#                                   [Ba]             [K]              [g/cm^3]         [/cm^3]          [ergs/s/cm^2/sr] [ergs/s/cm^2/sr] [cm]             [K/Ba]          
  1                5.00000000E-05   1.00000000E-05   78.68444118      3.58203306E-09   9.20527940E+14   3.54379373E+06   0.00000000E+00   1.01471859E+08   0.34582119      
  2                5.91534807E-05   1.20654485E-04   96.95213809      3.50714515E-08   9.01388302E+15   3.54379373E+06   0.00000000E+00   9.83498992E+07   0.31479373      
  3                6.99826855E-05   1.92390999E-04   112.02008993     4.84426232E-08   1.24398365E+16   3.54379373E+06   0.00000000E+00   9.77993741E+07   0.31904286      
  4                8.27943887E-05   2.18320704E-04   120.32928208     5.11755382E-08   1.31416361E+16   3.54379374E+06   0.00000000E+00   9.76346897E+07   0.32301266      
  5                9.79515255E-05   2.48654647E-04   127.77256485     5.48905761E-08   1.40956403E+16   3.54379374E+06   0.00000000E+00   9.74537021E+07   0.32454967      
  6                1.15883473E-04   2.84246000E-04   132.92936135     6.03131850E-08   1.54881406E+16   3.54379375E+06   0.00000000E+00   9.72580928E+07   0.32554962      
  7                1.37098216E-04   3.26095218E-04   137.96832171     6.66659251E-08   1.71194926E+16   3.54379376E+06   0.00000000E+00   9.70493895E+07   0.32581799      
  8                1.62196734E-04   3.75365411E-04   141.39985398     7.48762569E-08   1.92278679E+16   3.54379377E+06   0.00000000E+00   9.68288633E+07   0.32589545      
  9                1.91890027E-04   4.33417175E-04   145.32436500     8.41214417E-08   2.16019781E+16   3.54379381E+06   0.00000000E+00   9.65975557E+07   0.32582063      
  10               2.27019260E-04   5.01843919E-04   148.01523677     9.56315459E-08   2.45577222E+16   3.54379399E+06   0.00000000E+00   9.63563031E+07   0.32553695      
  11               2.68579588E-04   5.82486967E-04   152.29987235     1.07876365E-07   2.77020885E+16   3.54379396E+06   0.00000000E+00   9.61052282E+07   0.3252216       
  12               3.17748350E-04   6.77550806E-04   154.32075908     1.23838820E-07   3.18011888E+16   3.54379415E+06   0.00000000E+00   9.58451381E+07   0.32484007      
  13               3.75918418E-04   7.89603712E-04   158.77578664     1.40270665E-07   3.60205838E+16   3.54379445E+06   0.00000000E+00   9.55762871E+07   0.32444153      
  14               4.44737657E-04   9.21661060E-04   161.05996427     1.61407756E-07   4.14485632E+16   3.54379493E+06   0.00000000E+00   9.52987526E+07   0.32389464      
  15               5.26155608E-04   1.07724969E-03   165.90215069     1.83153118E-07   4.70316484E+16   3.54379526E+06   0.00000000E+00   9.50125919E+07   0.32329194      
  16               6.22478712E-04   1.26052944E-03   168.06239934     2.11557924E-07   5.43260681E+16   3.54379597E+06   0.00000000E+00   9.47181547E+07   0.32267398      
  17               7.36435649E-04   1.47636348E-03   172.62853585     2.41241200E-07   6.19450413E+16   3.54379752E+06   0.00000000E+00   9.44160325E+07   0.32203637      
  18               8.71254639E-04   1.73041995E-03   174.63323406     2.79503472E-07   7.17712412E+16   3.54379969E+06   0.00000000E+00   9.41066392E+07   0.32136007      
  19               1.03075489E-03   2.02916697E-03   179.32339779     3.19232174E-07   8.19608900E+16   3.54380275E+06   0.00000000E+00   9.37903646E+07   0.3206444       
  20               1.21945479E-03   2.38002043E-03   181.46129615     3.69997899E-07   9.49997618E+16   3.54380629E+06   0.00000000E+00   9.34675354E+07   0.31990008      
  21               1.44269991E-03   2.79085317E-03   186.57476602     4.22149414E-07   1.08345262E+17   3.54381083E+06   0.00000000E+00   9.31387936E+07   0.31904655      
  22               1.70681442E-03   3.26926352E-03   188.98561849     4.88107377E-07   1.25298829E+17   3.54382000E+06   0.00000000E+00   9.28055132E+07   0.31818945      
  23               2.01928028E-03   3.82133710E-03   195.12271924     5.53450599E-07   1.41851310E+17   3.54383061E+06   0.00000000E+00   9.24695431E+07   0.31726528      
  24               2.38894914E-03   4.44317079E-03   198.36703487     6.32673997E-07   1.62236790E+17   3.54385489E+06   0.00000000E+00   9.21372320E+07   0.31599199      
  25               2.82629313E-03   5.11690353E-03   208.29036124     6.96529187E-07   1.77936029E+17   3.54388423E+06   0.00000000E+00   9.18161403E+07   0.31425558      
  26               3.34370152E-03   5.89885367E-03   216.18671750     7.73641715E-07   1.97635272E+17   3.54380815E+06   0.00000000E+00   9.14792881E+07   0.31269345      
  27               3.95583167E-03   6.81277241E-03   225.47943876     8.56679155E-07   2.18848098E+17   3.54376372E+06   0.00000000E+00   9.11242879E+07   0.31119584      
  28               4.68002425E-03   7.88152758E-03   232.22672490     9.62275583E-07   2.45823865E+17   3.54373321E+06   0.00000000E+00   9.07520510E+07   0.31000087      
  29               5.53679448E-03   9.13183569E-03   240.74738863     1.07546868E-06   2.74740284E+17   3.54371070E+06   0.00000000E+00   9.03633923E+07   0.30884436      
  30               6.55041330E-03   1.05946760E-02   247.08771712     1.21573183E-06   3.10572047E+17   3.54369373E+06   0.00000000E+00   8.99588358E+07   0.30783628      
  31               7.74959494E-03   1.23061128E-02   255.43233948     1.36598608E-06   3.48956144E+17   3.54368076E+06   0.00000000E+00   8.95388653E+07   0.30696828      
  32               9.16831029E-03   1.43081332E-02   261.86664972     1.54918773E-06   3.95757017E+17   3.54367056E+06   0.00000000E+00   8.91036608E+07   0.30618488      
  33               1.08467493E-02   1.66496560E-02   270.49695669     1.74519575E-06   4.45829418E+17   3.54366232E+06   0.00000000E+00   8.86533377E+07   0.3053883       
  34               1.28324595E-02   1.93871015E-02   277.43181190     1.98133490E-06   5.06153757E+17   3.54365520E+06   0.00000000E+00   8.81878111E+07   0.30465893      
  35               1.51816929E-02   2.25857600E-02   286.75421878     2.23319247E-06   5.70493541E+17   3.54364886E+06   0.00000000E+00   8.77069431E+07   0.30395726      
  36               1.79609996E-02   2.63211516E-02   294.52205919     2.53389329E-06   6.47310867E+17   3.54364281E+06   0.00000000E+00   8.72103749E+07   0.30333773      
  37               2.12491128E-02   3.06816166E-02   304.75178422     2.85452101E-06   7.29218740E+17   3.54363720E+06   0.00000000E+00   8.66976647E+07   0.30279184      
  38               2.51391797E-02   3.57692299E-02   313.51332319     3.23485526E-06   8.26379295E+17   3.54363180E+06   0.00000000E+00   8.61682207E+07   0.30231195      
  39               2.97413996E-02   4.17020562E-02   324.90991333     3.63911492E-06   9.29651868E+17   3.54362702E+06   0.00000000E+00   8.56214108E+07   0.30186763      
  40               3.51861462E-02   4.86150823E-02   335.18006998     4.11238825E-06   1.05055472E+18   3.54362270E+06   0.00000000E+00   8.50563135E+07   0.30146037      
  41               4.16276604E-02   5.66630858E-02   348.49931711     4.60998514E-06   1.17767140E+18   3.54361926E+06   0.00000000E+00   8.44718043E+07   0.30109002      
  42               4.92484201E-02   6.60250143E-02   361.04036859     5.18506943E-06   1.32458118E+18   3.54361622E+06   0.00000000E+00   8.38662702E+07   0.30075285      
  43               5.82643093E-02   7.69078932E-02   377.01997098     5.78373496E-06   1.47751670E+18   3.54361416E+06   0.00000000E+00   8.32378324E+07   0.30045286      
  44               6.89307339E-02   8.95412525E-02   393.79316291     6.44698687E-06   1.64695159E+18   3.53840817E+06   5.06727511E+03   8.25835936E+07   0.30019834      
  45               8.15498567E-02   1.04195048E-01   413.00334942     7.15311495E-06   1.82733994E+18   3.52239526E+06   2.10205018E+04   8.19012168E+07   0.3000098       
  46               9.64791575E-02   1.21196211E-01   431.23073633     7.96854929E-06   2.03565967E+18   3.49590301E+06   4.74933480E+04   8.11891160E+07   0.29986796      
  47               1.14141560E-01   1.40977966E-01   452.19757281     8.83994784E-06   2.25812954E+18   3.45790852E+06   8.54651083E+04   8.04437582E+07   0.29972878      
  48               1.35037411E-01   1.64092740E-01   472.23165106     9.85299987E-06   2.51686612E+18   3.41162633E+06   1.31754802E+05   7.96605409E+07   0.29958884      
  49               1.59758657E-01   1.91351386E-01   495.54027737     1.09492540E-05   2.79691000E+18   3.36587144E+06   1.77506151E+05   7.88306343E+07   0.29946421      
  50               1.89005613E-01   2.23959049E-01   518.33172103     1.22514979E-05   3.12958438E+18   3.32261365E+06   2.20790821E+05   7.79403379E+07   0.29934814      
  51               2.23606798E-01   2.63853482E-01   545.56781626     1.37131301E-05   3.50299830E+18   3.28796942E+06   2.55443224E+05   7.69670249E+07   0.29919463      
  52               2.64542408E-01   3.13629945E-01   573.27905229     1.55119930E-05   3.96257311E+18   3.26470331E+06   2.78743848E+05   7.58877682E+07   0.29898492      
  53               3.12972084E-01   3.76586125E-01   606.79742459     1.75966247E-05   4.49517316E+18   3.24538726E+06   2.98068186E+05   7.46827508E+07   0.29871957      
  54               3.70267763E-01   4.55838402E-01   641.02868414     2.01621301E-05   5.15061734E+18   3.22189851E+06   3.21581425E+05   7.33522013E+07   0.29838502      
  55               4.38052539E-01   5.54069327E-01   680.90114272     2.30716075E-05   5.89394237E+18   3.18100262E+06   3.62473561E+05   7.19119340E+07   0.29791087      
  56               5.18246648E-01   6.72928919E-01   719.90088427     2.65027545E-05   6.77052467E+18   3.11084432E+06   4.32646048E+05   7.03919086E+07   0.29730163      
  57               6.13121862E-01   8.13100491E-01   763.14963678     3.02083589E-05   7.71721076E+18   3.00414031E+06   5.39337345E+05   6.88253310E+07   0.29661922      
  58               7.25365844E-01   9.75131951E-01   803.63233658     3.44032803E-05   8.78884535E+18   2.89014339E+06   6.53353656E+05   6.72359180E+07   0.29584339      
  59               8.58158289E-01   1.16036206E+00   847.81971389     3.88047307E-05   9.91324521E+18   2.79126308E+06   7.52227707E+05   6.56327832E+07   0.29489899      
  60               1.01526100E+00   1.37010528E+00   888.40730381     4.37255952E-05   1.11703726E+19   2.73305914E+06   8.10464724E+05   6.40225896E+07   0.29383186      
  61               1.20112443E+00   1.60568548E+00   932.72644786     4.88090341E-05   1.24690116E+19   2.71897099E+06   8.24554076E+05   6.24100080E+07   0.29269214      
  62               1.42101382E+00   1.86915123E+00   972.95824933     5.44687400E-05   1.39147714E+19   2.75868825E+06   7.84877667E+05   6.07941549E+07   0.2915035       
  63               1.68115827E+00   2.16418484E+00   1017.52149547    6.03052192E-05   1.54055283E+19   2.84727584E+06   6.96292258E+05   5.91662704E+07   0.29015275      
  64               1.98892727E+00   2.49537861E+00   1058.05078277    6.68694719E-05   1.70826709E+19   2.98854020E+06   5.55061151E+05   5.75169918E+07   0.28881079      
  65               2.35303941E+00   2.86931883E+00   1103.87213266    7.36961928E-05   1.88272061E+19   3.16772446E+06   3.75881959E+05   5.58324842E+07   0.28723956      
  66               2.78380943E+00   3.29491774E+00   1145.98490302    8.15140262E-05   2.08253121E+19   3.38978746E+06   1.53834109E+05   5.40960034E+07   0.28575973      
  67               3.29344035E+00   3.78711108E+00   1194.98178877    8.98423210E-05   2.29547515E+19   3.54362367E+06   0.00000000E+00   5.22771629E+07   0.2840116       
  68               3.89636920E+00   4.36492318E+00   1236.93294332    1.00030621E-04   2.55597316E+19   3.54363064E+06   0.00000000E+00   5.03496824E+07   0.28245809      
  69               4.60967600E+00   5.04937316E+00   1279.58952406    1.11849659E-04   2.85820011E+19   3.54362590E+06   0.00000000E+00   4.83033897E+07   0.28092944      
  70               5.45356761E+00   5.86017318E+00   1318.61504231    1.25959642E-04   3.21897990E+19   3.54361616E+06   0.00000000E+00   4.61432259E+07   0.27943923      
  71               6.45195012E+00   6.81668435E+00   1360.41823387    1.42006851E-04   3.62933101E+19   3.54361109E+06   0.00000000E+00   4.38815738E+07   0.27790321      
  72               7.63310614E+00   7.93758173E+00   1400.32443389    1.60636183E-04   4.10568270E+19   3.54360235E+06   0.00000000E+00   4.15346799E+07   0.2763376       
  73               9.03049593E+00   9.24700957E+00   1444.06004032    1.81457131E-04   4.63811910E+19   3.54359844E+06   0.00000000E+00   3.91093141E+07   0.27469059      
  74               1.06837053E+01   1.07669767E+01   1486.83221557    2.05196646E-04   5.24514683E+19   3.54357940E+06   0.00000000E+00   3.66183627E+07   0.27305213      
  75               1.26395671E+01   1.25127358E+01   1533.98775240    2.31127427E-04   5.90821407E+19   3.54356208E+06   0.00000000E+00   3.40833657E+07   0.27138718      
  76               1.49534878E+01   1.44878332E+01   1580.75845256    2.59689147E-04   6.63840529E+19   3.54355019E+06   0.00000000E+00   3.15339526E+07   0.26971817      
  77               1.76910170E+01   1.66798345E+01   1632.14603016    2.89587532E-04   7.40216161E+19   3.54355296E+06   0.00000000E+00   2.90062053E+07   0.26802619      
  78               2.09297047E+01   1.90455280E+01   1682.88974251    3.20797011E-04   8.19715585E+19   3.54354709E+06   0.00000000E+00   2.65516465E+07   0.26627964      
  79               2.47612977E+01   2.15108242E+01   1738.02114714    3.50843765E-04   8.96453637E+19   3.45009212E+06   9.31180218E+04   2.42278258E+07   0.26446362      
  80               2.92943389E+01   2.39959952E+01   1788.93054864    3.80349260E-04   9.71563355E+19   3.03887606E+06   5.04043919E+05   2.20764288E+07   0.26290633      
  81               3.46572422E+01   2.63578081E+01   1833.39975750    4.07884453E-04   1.04130502E+20   2.55232800E+06   9.90540373E+05   2.01801505E+07   0.26143962      
  82               4.10019301E+01   2.84126810E+01   1869.71863188    4.31549261E-04   1.10068184E+20   2.08737875E+06   1.45583660E+06   1.86312393E+07   0.2602472       
  83               4.85081376E+01   3.01092130E+01   1898.00316198    4.50493210E-04   1.14902192E+20   1.83749107E+06   1.70653495E+06   1.74144846E+07   0.25913708      
  84               5.73885036E+01   3.19878671E+01   1928.03485423    4.71136325E-04   1.20170050E+20   1.74991764E+06   1.79464634E+06   1.61249597E+07   0.25804554      
  85               6.78945948E+01   3.40610764E+01   1959.37529889    4.93629455E-04   1.25911842E+20   1.56457151E+06   1.98123302E+06   1.47654897E+07   0.25708868      
  86               8.03240320E+01   3.57804370E+01   1984.38049474    5.12150589E-04   1.30601009E+20   1.30426947E+06   2.24374558E+06   1.36840968E+07   0.25637219      
  87               9.50289215E+01   3.71403927E+01   2003.33792244    5.26577211E-04   1.34282098E+20   1.16121882E+06   2.38894923E+06   1.28559734E+07   0.25554117      
  88               1.12425830E+02   3.86760304E+01   2024.23679181    5.42677667E-04   1.38390545E+20   1.11378394E+06   2.43770724E+06   1.19475530E+07   0.25466557      
  89               1.33007583E+02   4.04027530E+01   2046.75545009    5.60656390E-04   1.42978535E+20   1.06080009E+06   2.49214656E+06   1.09576255E+07   0.25369817      
  90               1.57357229E+02   4.23334520E+01   2071.17558992    5.80486065E-04   1.48044611E+20   9.38804348E+05   2.61293521E+06   9.88741176E+06   0.25299624      
  91               1.86164557E+02   4.37625213E+01   2088.53988550    5.95596852E-04   1.51769814E+20   7.72683079E+05   2.77298762E+06   9.11875847E+06   0.25247754      
  92               2.20245630E+02   4.47939684E+01   2100.93053496    6.06030996E-04   1.54430716E+20   6.90008552E+05   2.85088565E+06   8.57585397E+06   0.25190853      
  93               2.60565913E+02   4.59780535E+01   2114.68550626    6.17993919E-04   1.57481895E+20   6.69319905E+05   2.87151168E+06   7.96400607E+06   0.25124568      
  94               3.08267614E+02   4.73360955E+01   2130.27072839    6.31579436E-04   1.60947217E+20   6.49419582E+05   2.89142081E+06   7.27660976E+06   0.25052194      
  95               3.64702046E+02   4.88886239E+01   2147.45480568    6.47058587E-04   1.64895810E+20   6.26911888E+05   2.91393338E+06   6.50862279E+06   0.24971251      
  96               4.31467909E+02   5.06576469E+01   2166.65369653    6.64511951E-04   1.69348498E+20   6.03491123E+05   2.93737001E+06   5.65550216E+06   0.24881754      
  97               5.10456573E+02   5.26666816E+01   2187.59976415    6.84227887E-04   1.74378897E+20   5.77864489E+05   2.96300680E+06   4.71331796E+06   0.24782681      
  98               6.03905660E+02   5.49408273E+01   2210.67790305    7.06293237E-04   1.80009558E+20   5.51322115E+05   2.98957733E+06   3.67882959E+06   0.24671087      
  99               7.14462436E+02   5.75068865E+01   2235.57003797    7.31015632E-04   1.86319116E+20   5.23122116E+05   3.01778727E+06   2.54952501E+06   0.24548504      
  100              8.45258798E+02   6.03935485E+01   2262.63132570    7.58486487E-04   1.93331487E+20   4.94685197E+05   3.04624847E+06   1.32361378E+06   0.24412181      
  101              1.00000000E+03   6.36315957E+01   2291.49116932    7.89035882E-04   2.01131673E+20   4.78708142E+05   3.06220481E+06   0.00000000E+00   0.24267313      
