# ATMO pressure-temperature profile
# Effective temperature = 400.0K
# log(g) = 2.5cm/s^2
# M/H = 0.0
# Optical depth grid in band 17 (1.20-1.33microns)
# All parameters in cgs units
#
# Model Level      Optical Depth    Pressure         Temperature      Density          Number Density   Rad Flux         Conv Flux        Radial Extension Adiabatic Gradient
#                                   [Ba]             [K]              [g/cm^3]         [/cm^3]          [ergs/s/cm^2/sr] [ergs/s/cm^2/sr] [cm]             [K/Ba]          
  1                5.00000000E-04   1.00000000E-05   58.17498608      4.84480690E-09   1.24505791E+15   1.45138740E+06   0.00000000E+00   8.64863408E+08   0.34582128      
  2                5.78069831E-04   1.23258760E-04   84.80720147      4.09635723E-08   1.05271522E+16   1.45138740E+06   0.00000000E+00   8.39439948E+08   0.31479417      
  3                6.68329458E-04   2.40795115E-04   93.57476512      7.25186972E-08   1.86386634E+16   1.45138740E+06   0.00000000E+00   8.32620514E+08   0.31476576      
  4                7.72682194E-04   3.22272429E-04   110.82730427     8.20191382E-08   2.10621267E+16   1.45138740E+06   0.00000000E+00   8.29278571E+08   0.31483314      
  5                8.93328530E-04   3.46810535E-04   113.36900927     8.62852873E-08   2.21576537E+16   1.45138740E+06   0.00000000E+00   8.28356180E+08   0.3239599       
  6                1.03281254E-03   3.74921701E-04   122.97637172     8.59919352E-08   2.20823222E+16   1.45138740E+06   0.00000000E+00   8.27324175E+08   0.31725024      
  7                1.19407555E-03   4.07187851E-04   123.47062502     9.30186399E-08   2.38867468E+16   1.45138740E+06   0.00000000E+00   8.26183313E+08   0.32567946      
  8                1.38051810E-03   4.44280674E-04   131.55372657     9.52561640E-08   2.44613323E+16   1.45138740E+06   0.00000000E+00   8.24937197E+08   0.32206474      
  9                1.59607173E-03   4.86935052E-04   131.85879787     1.04159946E-07   2.67477814E+16   1.45138740E+06   0.00000000E+00   8.23583047E+08   0.32588108      
  10               1.84528182E-03   5.36026099E-04   139.22918631     1.08591163E-07   2.78856961E+16   1.45138741E+06   0.00000000E+00   8.22123377E+08   0.3241386       
  11               2.13340350E-03   5.92532395E-04   139.43498968     1.19861347E-07   3.07798267E+16   1.45138745E+06   0.00000000E+00   8.20557131E+08   0.32534437      
  12               2.46651240E-03   6.57604257E-04   146.29782996     1.26784346E-07   3.25576141E+16   1.45138745E+06   0.00000000E+00   8.18887883E+08   0.32534108      
  13               2.85163282E-03   7.32550305E-04   146.21482304     1.41313911E-07   3.62887401E+16   1.45138737E+06   0.00000000E+00   8.17117271E+08   0.32447869      
  14               3.29688580E-03   8.18896584E-04   152.67055757     1.51290945E-07   3.88507679E+16   1.45138739E+06   0.00000000E+00   8.15249839E+08   0.32583671      
  15               3.81166043E-03   9.18387379E-04   152.22906346     1.70163872E-07   4.36972565E+16   1.45138738E+06   0.00000000E+00   8.13288996E+08   0.32345459      
  16               4.40681180E-03   1.03301786E-03   158.84878919     1.83427320E-07   4.71031294E+16   1.45138742E+06   0.00000000E+00   8.11237198E+08   0.32593407      
  17               5.09488990E-03   1.16508611E-03   158.31320790     2.07577589E-07   5.33048485E+16   1.45138745E+06   0.00000000E+00   8.09096891E+08   0.32226858      
  18               5.89040429E-03   1.31721938E-03   165.32250387     2.24734464E-07   5.77101201E+16   1.45138741E+06   0.00000000E+00   8.06869483E+08   0.32569303      
  19               6.81013002E-03   1.49242737E-03   164.94141179     2.55214454E-07   6.55374197E+16   1.45138745E+06   0.00000000E+00   8.04555999E+08   0.32086947      
  20               7.87346142E-03   1.69416973E-03   172.30921405     2.77334484E-07   7.12154553E+16   1.45138745E+06   0.00000000E+00   8.02158024E+08   0.3251218       
  21               9.10282102E-03   1.92637661E-03   171.96178792     3.15979876E-07   8.11400152E+16   1.45138748E+06   0.00000000E+00   7.99677500E+08   0.31933942      
  22               1.05241324E-02   2.19351509E-03   179.56582173     3.44594168E-07   8.84795261E+16   1.45138752E+06   0.00000000E+00   7.97117392E+08   0.324283        
  23               1.21673669E-02   2.50056416E-03   179.01292903     3.94028671E-07   1.01176451E+17   1.45138761E+06   0.00000000E+00   7.94482335E+08   0.31778632      
  24               1.40671754E-02   2.85287390E-03   187.07861075     4.30290817E-07   1.10454720E+17   1.45138762E+06   0.00000000E+00   7.91776522E+08   0.32323228      
  25               1.62636194E-02   3.25597267E-03   186.72363883     4.91955153E-07   1.26301145E+17   1.45138778E+06   0.00000000E+00   7.89005961E+08   0.31610987      
  26               1.88030155E-02   3.71449063E-03   195.37353668     5.36953891E-07   1.37708063E+17   1.45138764E+06   0.00000000E+00   7.86184374E+08   0.32201625      
  27               2.17389119E-02   4.23081001E-03   195.60239620     6.10517021E-07   1.56666158E+17   1.45138735E+06   0.00000000E+00   7.83332692E+08   0.31469064      
  28               2.51332183E-02   4.79768516E-03   206.93539212     6.57352433E-07   1.67927882E+17   1.45133268E+06   5.34219752E+01   7.80500877E+08   0.31889737      
  29               2.90575105E-02   5.39354707E-03   211.35001104     7.23558255E-07   1.84840885E+17   1.45102557E+06   3.55343305E+02   7.77768695E+08   0.31166357      
  30               3.35945403E-02   6.07495285E-03   222.73271002     7.73321732E-07   1.97553510E+17   1.45108773E+06   2.89325748E+02   7.74888055E+08   0.3157887       
  31               3.88399805E-02   6.85369477E-03   227.96090039     8.52443689E-07   2.17766081E+17   1.45130994E+06   6.52552500E+01   7.71854998E+08   0.3088907       
  32               4.49044419E-02   7.74337907E-03   240.06968151     9.14522739E-07   2.33624854E+17   1.45137493E+06   0.00000000E+00   7.68668557E+08   0.31241692      
  33               5.19158062E-02   8.76026256E-03   244.34979667     1.01649780E-06   2.59675502E+17   1.45137762E+06   0.00000000E+00   7.65333366E+08   0.30668727      
  34               6.00219227E-02   9.92306684E-03   255.87127198     1.09957712E-06   2.80899023E+17   1.45138165E+06   0.00000000E+00   7.61855278E+08   0.30983138      
  35               6.93937253E-02   1.12521904E-02   260.50696463     1.22466989E-06   3.12855342E+17   1.45138559E+06   0.00000000E+00   7.58233324E+08   0.30496685      
  36               8.02288381E-02   1.27711077E-02   272.53165501     1.32865711E-06   3.39420019E+17   1.45138842E+06   0.00000000E+00   7.54467863E+08   0.3076254       
  37               9.27557418E-02   1.45059957E-02   277.97399043     1.47960124E-06   3.77980349E+17   1.45138982E+06   0.00000000E+00   7.50555018E+08   0.30364541      
  38               1.07238592E-01   1.64869983E-02   290.78300422     1.60758475E-06   4.10675140E+17   1.45139026E+06   0.00000000E+00   7.46493150E+08   0.30567518      
  39               1.23982789E-01   1.87475147E-02   297.38119304     1.78744015E-06   4.56621171E+17   1.45139078E+06   0.00000000E+00   7.42276137E+08   0.30247505      
  40               1.43341420E-01   2.13253025E-02   311.78715425     1.93927003E-06   4.95407778E+17   1.45117659E+06   2.14889997E+02   7.37897769E+08   0.30396266      
  41               1.65722701E-01   2.42597955E-02   321.61787991     2.13869204E-06   5.46352319E+17   1.44791066E+06   3.48139147E+03   7.33341180E+08   0.30142489      
  42               1.91598587E-01   2.75995839E-02   336.99260872     2.32211363E-06   5.93209364E+17   1.44111903E+06   1.02732704E+04   7.28602002E+08   0.30250668      
  43               2.21514726E-01   3.13992508E-02   347.72132432     2.56029057E-06   6.54054292E+17   1.43020539E+06   2.11870717E+04   7.23674132E+08   0.30073308      
  44               2.56101960E-01   3.57221570E-02   364.17827056     2.78115419E-06   7.10476120E+17   1.41364668E+06   3.77458470E+04   7.18551199E+08   0.30148261      
  45               2.96089634E-01   4.06400211E-02   375.84529854     3.06581675E-06   7.83196327E+17   1.39043763E+06   6.09549227E+04   7.13225325E+08   0.30025104      
  46               3.42320969E-01   4.62364450E-02   393.51184665     3.33140746E-06   8.51044879E+17   1.35903603E+06   9.23565388E+04   7.07687697E+08   0.30070101      
  47               3.95770849E-01   5.26071679E-02   406.17850451     3.67224238E-06   9.38110129E+17   1.31957849E+06   1.31813933E+05   7.01927860E+08   0.29986305      
  48               4.57566375E-01   5.98766006E-02   425.23252955     3.99239408E-06   1.01989743E+18   1.27278730E+06   1.78605021E+05   6.95924165E+08   0.30012963      
  49               5.29010634E-01   6.81969711E-02   439.08649407     4.40369269E-06   1.12496976E+18   1.22101189E+06   2.30379852E+05   6.89649106E+08   0.29964325      
  50               6.11610175E-01   7.78200403E-02   459.97990442     4.79680293E-06   1.22540157E+18   1.16572357E+06   2.85667628E+05   6.83027995E+08   0.29981105      
  51               7.07106781E-01   8.90642388E-02   475.67739145     5.30909494E-06   1.35617798E+18   1.10978647E+06   3.41603205E+05   6.75981822E+08   0.29945694      
  52               8.17514195E-01   1.02518079E-01   499.56218130     5.81881596E-06   1.48640359E+18   1.06125312E+06   3.90135152E+05   6.68327226E+08   0.29962539      
  53               9.45160584E-01   1.18859811E-01   518.64253994     6.49808992E-06   1.65994134E+18   1.02217787E+06   4.29207209E+05   6.59923155E+08   0.29916146      
  54               1.09273764E+00   1.39157777E-01   547.38574213     7.20816338E-06   1.84136481E+18   9.91780032E+05   4.59601956E+05   6.50544261E+08   0.29933912      
  55               1.26335732E+00   1.64423264E-01   571.55300552     8.15665617E-06   2.08368752E+18   9.57266058E+05   4.94110462E+05   6.40124422E+08   0.29877034      
  56               1.46061751E+00   1.95654954E-01   606.05142866     9.15335592E-06   2.33833758E+18   9.08752258E+05   5.42618056E+05   6.28694267E+08   0.29892378      
  57               1.68867783E+00   2.33415626E-01   634.66649274     1.04274946E-05   2.66385263E+18   8.41341718E+05   6.10019208E+05   6.16471754E+08   0.29808473      
  58               1.95234742E+00   2.78031801E-01   672.97815660     1.17134699E-05   2.99239792E+18   7.67995251E+05   6.83355573E+05   6.03705575E+08   0.29823068      
  59               2.25718628E+00   3.29662898E-01   703.50112633     1.32860451E-05   3.39415065E+18   6.99591189E+05   7.51748454E+05   5.90617641E+08   0.29712787      
  60               2.60962258E+00   3.88348049E-01   743.23197587     1.48144675E-05   3.78462263E+18   6.45588324E+05   8.05740875E+05   5.77389827E+08   0.29712646      
  61               3.01708817E+00   4.54146170E-01   773.75713888     1.66411016E-05   4.25125177E+18   6.04227367E+05   8.47091762E+05   5.64137869E+08   0.29570406      
  62               3.48817529E+00   5.27429867E-01   813.65084834     1.83788934E-05   4.69518249E+18   5.82651827E+05   8.68656097E+05   5.50886599E+08   0.29550261      
  63               4.03281780E+00   6.08737538E-01   843.73152363     2.04558725E-05   5.22578632E+18   5.69976034E+05   8.81316366E+05   5.37626004E+08   0.29397874      
  64               4.66250061E+00   6.98633642E-01   883.75058575     2.24135826E-05   5.72592453E+18   5.70250911E+05   8.81021716E+05   5.24349705E+08   0.29348056      
  65               5.39050188E+00   7.97720004E-01   913.41050875     2.47614360E-05   6.32572515E+18   5.77355871E+05   8.73895052E+05   5.11049112E+08   0.29197279      
  66               6.23217301E+00   9.06843745E-01   953.68781368     2.69599561E-05   6.88734865E+18   5.95068770E+05   8.56162606E+05   4.97693159E+08   0.29129891      
  67               7.20526240E+00   1.02733521E+00   983.26240996     2.96238673E-05   7.56778135E+18   6.25243985E+05   8.25969878E+05   4.84210408E+08   0.28958869      
  68               8.33028963E+00   1.16137936E+00   1024.52096096    3.21395448E-05   8.21067943E+18   6.65213589E+05   7.85991920E+05   4.70472681E+08   0.28890781      
  69               9.63097823E+00   1.31157448E+00   1055.15834073    3.52410051E-05   9.00328840E+18   7.24758803E+05   7.26439614E+05   4.56359760E+08   0.28694127      
  70               1.11347559E+01   1.48280178E+00   1098.92599052    3.82520716E-05   9.77328345E+18   7.96712954E+05   6.54487689E+05   4.41611561E+08   0.28619167      
  71               1.28733329E+01   1.68071165E+00   1132.76812540    4.20593687E-05   1.07467719E+19   9.07032527E+05   5.44166954E+05   4.26008194E+08   0.28418352      
  72               1.48833708E+01   1.91589434E+00   1181.93931343    4.59440382E-05   1.17409223E+19   1.04068531E+06   4.10512853E+05   4.09088735E+08   0.28296758      
  73               1.72072553E+01   2.20068256E+00   1222.55018599    5.10151904E-05   1.30381672E+19   1.24441136E+06   2.06785478E+05   3.90486264E+08   0.2812061       
  74               1.98939903E+01   2.55365150E+00   1281.40700385    5.64698359E-05   1.44344544E+19   1.45022421E+06   9.65839108E+02   3.69689007E+08   0.2791064       
  75               2.30002312E+01   2.99269079E+00   1332.07490514    6.36550707E-05   1.62726783E+19   1.45124548E+06   0.00000000E+00   3.46531604E+08   0.27703531      
  76               2.65914795E+01   3.52097163E+00   1382.62086405    7.21484403E-05   1.84452803E+19   1.45126357E+06   0.00000000E+00   3.21880173E+08   0.27541939      
  77               3.07434641E+01   4.14102196E+00   1430.52981721    8.20080977E-05   2.09670079E+19   1.45127976E+06   0.00000000E+00   2.96389033E+08   0.27327763      
  78               3.55437382E+01   4.85532335E+00   1480.31201358    9.29173280E-05   2.37569528E+19   1.45129253E+06   0.00000000E+00   2.70512350E+08   0.27167923      
  79               4.10935254E+01   5.66207246E+00   1528.77085251    1.04921117E-04   2.68261821E+19   1.45130661E+06   0.00000000E+00   2.44674133E+08   0.26959609      
  80               4.75098546E+01   6.54986933E+00   1580.00860321    1.17445735E-04   3.00261067E+19   1.45131923E+06   0.00000000E+00   2.19382779E+08   0.26810117      
  81               5.49280272E+01   7.48856420E+00   1630.27744286    1.30185531E-04   3.32707719E+19   1.45130994E+06   0.00000000E+00   1.95375309E+08   0.26606309      
  82               6.35044707E+01   8.44438802E+00   1683.13398821    1.42200080E-04   3.63391974E+19   1.39622765E+06   5.50736252E+04   1.73160084E+08   0.26455418      
  83               7.34200373E+01   9.38508912E+00   1730.60674266    1.53748336E-04   3.92794908E+19   1.22141655E+06   2.29923361E+05   1.53041053E+08   0.26303962      
  84               8.48838171E+01   1.02542031E+01   1771.33966167    1.64204522E-04   4.19301009E+19   1.03285683E+06   4.18551872E+05   1.35743206E+08   0.26181276      
  85               9.81375475E+01   1.10187458E+01   1804.86680809    1.73353621E-04   4.42194002E+19   8.60525366E+05   5.90988221E+05   1.21412369E+08   0.26069755      
  86               1.13460711E+02   1.16723506E+01   1832.17858449    1.80896509E-04   4.61441191E+19   7.66268398E+05   6.85348791E+05   1.09740677E+08   0.25960478      
  87               1.31176428E+02   1.23839874E+01   1860.43509079    1.89004939E-04   4.82138509E+19   6.92982046E+05   7.59404865E+05   9.75702179E+07   0.25866179      
  88               1.51658271E+02   1.29600515E+01   1882.45069233    1.95538370E-04   4.98665079E+19   5.84161655E+05   8.67771450E+05   8.80939663E+07   0.25799324      
  89               1.75338142E+02   1.33931523E+01   1898.41903550    2.00370969E-04   5.10994903E+19   5.23776795E+05   9.28387284E+05   8.11747689E+07   0.25714769      
  90               2.02715380E+02   1.38742432E+01   1915.73693727    2.05689415E-04   5.24564951E+19   5.06049150E+05   9.46324698E+05   7.36809389E+07   0.25634697      
  91               2.34367291E+02   1.44068613E+01   1934.26006632    2.11537138E-04   5.39486209E+19   4.86666468E+05   9.65947467E+05   6.56064194E+07   0.25545187      
  92               2.70961321E+02   1.49947306E+01   1954.12407126    2.17927085E-04   5.55792106E+19   4.65840904E+05   9.87050645E+05   5.69481309E+07   0.25454954      
  93               3.13269130E+02   1.56408157E+01   1975.14861476    2.24884496E-04   5.73568721E+19   4.14495700E+05   1.03833280E+06   4.77191344E+07   0.25386375      
  94               3.62182865E+02   1.61012361E+01   1989.76492020    2.30005924E-04   5.86115609E+19   3.42536125E+05   1.11310055E+06   4.13164982E+07   0.25337179      
  95               4.18733975E+02   1.64189533E+01   1999.59671297    2.33388930E-04   5.94742391E+19   3.07173518E+05   1.14419545E+06   3.69800792E+07   0.25281455      
  96               4.84114957E+02   1.67770512E+01   2010.55588016    2.37176285E-04   6.04401206E+19   2.98967314E+05   1.15240936E+06   3.21669664E+07   0.25220493      
  97               5.59704502E+02   1.71795117E+01   2022.56333569    2.41420815E-04   6.15225779E+19   2.89783844E+05   1.16160376E+06   2.68483299E+07   0.25152789      
  98               6.47096573E+02   1.76305654E+01   2035.80767512    2.46143435E-04   6.27271175E+19   2.80194642E+05   1.17118768E+06   2.09971051E+07   0.25078002      
  99               7.48134013E+02   1.81346521E+01   2050.19459439    2.51399998E-04   6.40678254E+19   2.69901218E+05   1.18145086E+06   1.45890149E+07   0.2499603       
  100              8.64947405E+02   1.86963171E+01   2065.89486107    2.57210841E-04   6.55501501E+19   2.60180406E+05   1.19115081E+06   7.60427526E+06   0.2490499       
  101              1.00000000E+03   1.93225273E+01   2082.84812746    2.63654699E-04   6.71942583E+19   2.55077847E+05   1.19624978E+06   0.00000000E+00   0.24807174      
