# ATMO pressure-temperature profile
# Effective temperature = 2100.0K
# log(g) = 4.0cm/s^2
# M/H = 0.0
# Optical depth grid in band 17 (1.20-1.33microns)
# All parameters in cgs units
#
# Model Level      Optical Depth    Pressure         Temperature      Density          Number Density   Rad Flux         Conv Flux        Radial Extension Adiabatic Gradient
#                                   [Ba]             [K]              [g/cm^3]         [/cm^3]          [ergs/s/cm^2/sr] [ergs/s/cm^2/sr] [cm]             [K/Ba]          
  1                8.00000000E-05   1.00000000E-05   741.88022345     3.81776262E-10   9.76319684E+13   1.10270825E+09   0.00000000E+00   9.52245104E+07   0.29641539      
  2                9.42017752E-05   4.04583475E-04   874.54744120     1.31029065E-08   3.35081620E+15   1.10270826E+09   0.00000000E+00   7.75823467E+07   0.29412507      
  3                1.10924681E-04   8.06794124E-04   930.51369207     2.45574153E-08   6.28008899E+15   1.10270826E+09   0.00000000E+00   7.53401245E+07   0.29269601      
  4                1.30616273E-04   1.24890709E-03   960.82770704     3.68152098E-08   9.41478597E+15   1.10270826E+09   0.00000000E+00   7.38697488E+07   0.29182572      
  5                1.53803560E-04   1.74551097E-03   992.25109448     4.98245751E-08   1.27416842E+16   1.10270826E+09   0.00000000E+00   7.27102382E+07   0.29091823      
  6                1.81107105E-04   2.30779873E-03   1012.07155914    6.45846495E-08   1.65162919E+16   1.10270824E+09   0.00000000E+00   7.17190134E+07   0.2902941       
  7                2.13257635E-04   2.94732310E-03   1037.26994265    8.04782470E-08   2.05807783E+16   1.10270823E+09   0.00000000E+00   7.08319529E+07   0.28952177      
  8                2.51115597E-04   3.67619467E-03   1053.50384246    9.88336699E-08   2.52748285E+16   1.10270821E+09   0.00000000E+00   7.00146947E+07   0.28898278      
  9                2.95694188E-04   4.50814654E-03   1076.12844296    1.18652370E-07   3.03430864E+16   1.10270819E+09   0.00000000E+00   6.92464359E+07   0.2882615       
  10               3.48186468E-04   5.45825258E-03   1090.74926971    1.41733068E-07   3.62455369E+16   1.10270814E+09   0.00000000E+00   6.85137830E+07   0.28775751      
  11               4.09997292E-04   6.54367790E-03   1112.27332913    1.66629862E-07   4.26124230E+16   1.10270809E+09   0.00000000E+00   6.78074850E+07   0.28705019      
  12               4.82780909E-04   7.78342020E-03   1126.33881020    1.95723896E-07   5.00526722E+16   1.10270801E+09   0.00000000E+00   6.71209968E+07   0.2865509       
  13               5.68485234E-04   9.20048763E-03   1147.53328374    2.27084737E-07   5.80726166E+16   1.10270793E+09   0.00000000E+00   6.64488338E+07   0.2858379       
  14               6.69403978E-04   1.08211652E-02   1161.58137445    2.63855859E-07   6.74761392E+16   1.10270783E+09   0.00000000E+00   6.57867403E+07   0.2836561       
  15               7.88238038E-04   1.26753890E-02   1182.97215972    3.03479316E-07   7.76090939E+16   1.10270771E+09   0.00000000E+00   6.51314794E+07   0.28303909      
  16               9.28167781E-04   1.47963241E-02   1197.56816473    3.49941883E-07   8.94910146E+16   1.10270756E+09   0.00000000E+00   6.44806534E+07   0.28270545      
  17               1.09293816E-03   1.72213441E-02   1219.70640668    3.99902560E-07   1.02267486E+17   1.10270738E+09   0.00000000E+00   6.38324067E+07   0.2822754       
  18               1.28695893E-03   1.99918661E-02   1235.20975494    4.58410952E-07   1.17229918E+17   1.10270715E+09   0.00000000E+00   6.31853281E+07   0.28205727      
  19               1.51542270E-03   2.31535299E-02   1258.46138443    5.21099634E-07   1.33261027E+17   1.10270687E+09   0.00000000E+00   6.25384418E+07   0.28169348      
  20               1.78444386E-03   2.67561427E-02   1275.30837168    5.94226086E-07   1.51961696E+17   1.10270654E+09   0.00000000E+00   6.18910288E+07   0.28144618      
  21               2.10122224E-03   3.08532786E-02   1300.13295723    6.72141635E-07   1.71885560E+17   1.10270618E+09   0.00000000E+00   6.12427309E+07   0.28100174      
  22               2.47423582E-03   3.55013798E-02   1318.69816372    7.62515272E-07   1.94995986E+17   1.10270571E+09   0.00000000E+00   6.05934671E+07   0.28041236      
  23               2.91346758E-03   4.07468571E-02   1345.36173454    8.57869502E-07   2.19371843E+17   1.10270522E+09   0.00000000E+00   5.99449038E+07   0.27934698      
  24               3.43067273E-03   4.66532664E-02   1365.98112751    9.67398028E-07   2.47379209E+17   1.10270441E+09   0.00000000E+00   5.92965523E+07   0.27838033      
  25               4.03969326E-03   5.32272989E-02   1394.89618959    1.08099829E-06   2.76387488E+17   1.10270385E+09   0.00000000E+00   5.86536787E+07   0.27718633      
  26               4.75682846E-03   6.05274327E-02   1418.00142470    1.20921560E-06   3.09172905E+17   1.10270352E+09   0.00000000E+00   5.80151703E+07   0.27618486      
  27               5.60127107E-03   6.84722483E-02   1449.55359172    1.33865609E-06   3.42141812E+17   1.10270254E+09   0.00000000E+00   5.73906970E+07   0.27483052      
  28               6.59562098E-03   7.70366989E-02   1475.44632370    1.47970283E-06   3.78181334E+17   1.10270146E+09   0.00000000E+00   5.67821719E+07   0.27360623      
  29               7.76649006E-03   8.62937387E-02   1509.76346372    1.62012532E-06   4.13996065E+17   1.10270118E+09   0.00000000E+00   5.61842871E+07   0.27196786      
  30               9.14521438E-03   9.58972769E-02   1538.64869498    1.76703156E-06   4.51432313E+17   1.10269719E+09   0.00000000E+00   5.56166897E+07   0.27048096      
  31               1.07686929E-02   1.04866675E-01   1576.15896582    1.88827296E-06   4.81907098E+17   1.10251649E+09   1.15282700E+06   5.51256047E+07   0.268445        
  32               1.26803748E-02   1.12487722E-01   1605.99648566    1.98928081E-06   5.07325124E+17   1.10179695E+09   8.14872832E+05   5.47323749E+07   0.26678816      
  33               1.49314227E-02   1.20344438E-01   1635.13007589    2.09017324E-06   5.33088798E+17   1.10089868E+09   1.68203396E+06   5.43470721E+07   0.26533784      
  34               1.75820816E-02   1.27695078E-01   1660.95740787    2.18526997E-06   5.56854204E+17   1.09990986E+09   2.64217008E+06   5.40030892E+07   0.26398864      
  35               2.07032912E-02   1.34034114E-01   1682.31125644    2.26457739E-06   5.77078424E+17   1.09895969E+09   3.57258441E+06   5.37181335E+07   0.26271705      
  36               2.43785848E-02   1.41116140E-01   1705.15346288    2.35221644E-06   5.99430803E+17   1.09773125E+09   4.78650238E+06   5.34112839E+07   0.26128058      
  37               2.87063246E-02   1.48999138E-01   1729.49755311    2.44855677E-06   6.24007260E+17   1.09614269E+09   6.36155728E+06   5.30828121E+07   0.25967213      
  38               3.38023342E-02   1.57736116E-01   1755.18686402    2.55406606E-06   6.50929003E+17   1.09411163E+09   8.38088761E+06   5.27334381E+07   0.25784146      
  39               3.98029987E-02   1.67365700E-01   1782.13571338    2.66884103E-06   6.80223333E+17   1.09156399E+09   1.09194090E+07   5.23646042E+07   0.25575669      
  40               4.68689142E-02   1.77893395E-01   1810.03189305    2.79278322E-06   7.11867940E+17   1.08847436E+09   1.39996571E+07   5.19789891E+07   0.25349404      
  41               5.51891865E-02   1.89220237E-01   1838.47634747    2.92437733E-06   7.45478933E+17   1.08506311E+09   1.73971978E+07   5.15826430E+07   0.25107333      
  42               6.49864917E-02   2.01432594E-01   1867.42439984    3.06451388E-06   7.81290522E+17   1.08152069E+09   2.09338324E+07   5.11746966E+07   0.2483967       
  43               7.65230361E-02   2.14924406E-01   1897.60543705    3.21732212E-06   8.20362235E+17   1.07737220E+09   2.50860316E+07   5.07450182E+07   0.24536184      
  44               9.01075730E-02   2.29806714E-01   1928.82824104    3.38384684E-06   8.62968603E+17   1.07231478E+09   3.01514238E+07   5.02939739E+07   0.24205195      
  45               1.06103667E-01   2.46201381E-01   1961.08596478    3.56489375E-06   9.09326177E+17   1.06610870E+09   3.63688181E+07   4.98219370E+07   0.23845634      
  46               1.24939422E-01   2.64242657E-01   1994.17333374    3.76171700E-06   9.59767110E+17   1.05851492E+09   4.39767204E+07   4.93292703E+07   0.2345009       
  47               1.47118942E-01   2.84079194E-01   2028.05980196    3.97536773E-06   1.01457582E+18   1.04928215E+09   5.32258117E+07   4.88163064E+07   0.23015406      
  48               1.73235819E-01   3.05876986E-01   2062.52296371    4.20742265E-06   1.07417205E+18   1.03816096E+09   6.43615766E+07   4.82833166E+07   0.2255282       
  49               2.03989021E-01   3.29822302E-01   2097.56790096    4.45918212E-06   1.13891111E+18   1.02490420E+09   7.76305815E+07   4.77304906E+07   0.22072879      
  50               2.40201599E-01   3.56120947E-01   2133.00000585    4.73251926E-06   1.20929568E+18   1.00926710E+09   9.32807040E+07   4.71580063E+07   0.21581535      
  51               2.82842712E-01   3.84999819E-01   2168.84363204    5.02898587E-06   1.28575471E+18   9.91004320E+08   1.11557834E+08   4.65660382E+07   0.2107608       
  52               3.33053570E-01   4.16709178E-01   2204.88881269    5.35085662E-06   1.36890154E+18   9.69896197E+08   1.32680935E+08   4.59547577E+07   0.20564139      
  53               3.92177970E-01   4.51525199E-01   2241.18794107    5.69996764E-06   1.45924951E+18   9.45741344E+08   1.56850530E+08   4.53243279E+07   0.20047595      
  54               4.61798262E-01   4.89751055E-01   2277.53193546    6.07902281E-06   1.55753116E+18   9.18350943E+08   1.84257789E+08   4.46749314E+07   0.19513308      
  55               5.43777701E-01   5.31720066E-01   2313.92602987    6.49037611E-06   1.66440656E+18   8.87566490E+08   2.15060369E+08   4.40067672E+07   0.18973675      
  56               6.40310309E-01   5.77703528E-01   2350.12658181    6.93696914E-06   1.78049027E+18   8.53285404E+08   2.49359968E+08   4.33214360E+07   0.18456237      
  57               7.53979598E-01   6.28094370E-01   2386.26387923    7.41989359E-06   1.90648008E+18   8.15795396E+08   2.86866733E+08   4.26190517E+07   0.17971382      
  58               8.87827707E-01   6.83416657E-01   2422.28123440    7.94413913E-06   2.04355737E+18   7.75409681E+08   3.27266110E+08   4.18984671E+07   0.1749819       
  59               1.04543683E+00   7.44132709E-01   2458.21275838    8.51274495E-06   2.19258665E+18   7.32190964E+08   3.70500293E+08   4.11601333E+07   0.17043747      
  60               1.23102506E+00   8.10729348E-01   2493.94745900    9.12936650E-06   2.35458533E+18   6.86283084E+08   4.16426940E+08   4.04046850E+07   0.166203        
  61               1.44955933E+00   8.83738680E-01   2529.57921459    9.79714885E-06   2.53047132E+18   6.37997352E+08   4.64713334E+08   3.96326873E+07   0.1622836       
  62               1.70688827E+00   9.63759811E-01   2565.02348425    1.05204695E-05   2.72146846E+18   5.87921916E+08   5.14767622E+08   3.88444714E+07   0.15852919      
  63               2.00989882E+00   1.05143520E+00   2600.32791559    1.13033402E-05   2.92873605E+18   5.36735231E+08   5.65912456E+08   3.80404553E+07   0.15497094      
  64               2.36670046E+00   1.14744969E+00   2635.41964734    1.21505424E-05   3.15362256E+18   4.85199257E+08   6.17386391E+08   3.72211541E+07   0.15168267      
  65               2.78684231E+00   1.25252890E+00   2670.38234062    1.30661923E-05   3.39734889E+18   4.34120573E+08   6.68378479E+08   3.63871800E+07   0.14867508      
  66               3.28156866E+00   1.36743887E+00   2705.14865153    1.40553551E-05   3.66136161E+18   3.84327984E+08   7.18064242E+08   3.55392299E+07   0.14583092      
  67               3.86411992E+00   1.49299097E+00   2739.75321414    1.51226894E-05   3.94704042E+18   3.36743708E+08   7.65541541E+08   3.46780446E+07   0.14314542      
  68               4.55008695E+00   1.63004507E+00   2774.13030034    1.62737161E-05   4.25597037E+18   2.92350451E+08   8.09835535E+08   3.38043852E+07   0.14068947      
  69               5.35782835E+00   1.77951209E+00   2808.35734147    1.75131677E-05   4.58959554E+18   2.52032010E+08   8.50070455E+08   3.29190096E+07   0.13848492      
  70               6.30896177E+00   1.94236121E+00   2842.38744020    1.88469232E-05   4.94962801E+18   2.16412073E+08   8.85604955E+08   3.20226327E+07   0.1365328       
  71               7.42894249E+00   2.11961844E+00   2876.31022737    2.02799498E-05   5.33762186E+18   1.85688231E+08   9.16255487E+08   3.11159444E+07   0.1347288       
  72               8.74774463E+00   2.31237646E+00   2910.03431782    2.18190703E-05   5.75554255E+18   1.59721693E+08   9.42169445E+08   3.01995794E+07   0.13307735      
  73               1.03006634E+01   2.52180114E+00   2943.66308871    2.34696359E-05   6.20509699E+18   1.38046125E+08   9.63814050E+08   2.92741058E+07   0.13155619      
  74               1.21292597E+01   2.74914020E+00   2977.10097028    2.52393653E-05   6.68850667E+18   1.19997624E+08   9.81852559E+08   2.83400151E+07   0.13017338      
  75               1.42824725E+01   2.99573118E+00   3010.46695286    2.71340887E-05   7.20766868E+18   1.04874938E+08   9.96967455E+08   2.73977186E+07   0.12892286      
  76               1.68179283E+01   3.26297516E+00   3043.66438033    2.91622596E-05   7.76502477E+18   9.20079738E+07   1.00985323E+09   2.64476679E+07   0.12776057      
  77               1.98034838E+01   3.55231872E+00   3076.78981395    3.13299326E-05   8.36257324E+18   8.09541343E+07   1.02094732E+09   2.54904066E+07   0.12669513      
  78               2.33190416E+01   3.86534301E+00   3109.75507736    3.36464029E-05   9.00300919E+18   7.13886253E+07   1.03056906E+09   2.45262762E+07   0.1257395       
  79               2.74586889E+01   4.20376537E+00   3142.67947001    3.61186762E-05   9.68867123E+18   6.30668060E+07   1.03895875E+09   2.35554746E+07   0.12489238      
  80               3.23332155E+01   4.56944845E+00   3175.48217404    3.87575413E-05   1.04226929E+19   5.57811418E+07   1.04630585E+09   2.25780857E+07   0.12416747      
  81               3.80730788E+01   4.96441166E+00   3208.30015002    4.15708654E-05   1.12077552E+19   4.93819442E+07   1.05275633E+09   2.15940963E+07   0.12353439      
  82               4.48318951E+01   5.39084892E+00   3241.04126455    4.45713896E-05   1.20475417E+19   4.37291861E+07   1.05846080E+09   2.06034039E+07   0.12298363      
  83               5.27905513E+01   5.85114670E+00   3273.84602353    4.77682754E-05   1.29451944E+19   3.87328414E+07   1.06350789E+09   1.96058250E+07   0.12249255      
  84               6.21620456E+01   6.34790427E+00   3306.61321186    5.11766101E-05   1.39050582E+19   3.42982757E+07   1.06799142E+09   1.86011050E+07   0.12206286      
  85               7.31971881E+01   6.88395315E+00   3339.49126609    5.48070210E-05   1.49308122E+19   3.03728974E+07   1.07196430E+09   1.75889277E+07   0.12167871      
  86               8.61913133E+01   7.46238441E+00   3372.37197496    5.86773414E-05   1.60275812E+19   2.68981689E+07   1.07546425E+09   1.65689179E+07   0.12134744      
  87               1.01492184E+02   8.08657478E+00   3405.41405152    6.27999171E-05   1.71996862E+19   2.38329097E+07   1.07855245E+09   1.55406454E+07   0.12105972      
  88               1.19509299E+02   8.76020013E+00   3438.50411710    6.71956707E-05   1.84531418E+19   2.11138364E+07   1.08129527E+09   1.45036567E+07   0.12082622      
  89               1.40724851E+02   9.48726059E+00   3471.81080477    7.18786685E-05   1.97929542E+19   1.87055401E+07   1.08372680E+09   1.34574785E+07   0.12063899      
  90               1.65706635E+02   1.02721093E+01   3505.21475412    7.68732463E-05   2.12261311E+19   1.65625470E+07   1.08589178E+09   1.24016241E+07   0.12050781      
  91               1.95123240E+02   1.11194830E+01   3538.89375002    8.21953813E-05   2.27584621E+19   1.46607512E+07   1.08781372E+09   1.13355943E+07   0.12042284      
  92               2.29761945E+02   1.20345363E+01   3572.72088739    8.78733519E-05   2.43981059E+19   1.29661553E+07   1.08950359E+09   1.02588819E+07   0.12039317      
  93               2.70549789E+02   1.30228790E+01   3606.88272139    9.39252809E-05   2.61517540E+19   1.14625398E+07   1.09099646E+09   9.17097082E+06   0.120407        
  94               3.18578380E+02   1.40906181E+01   3641.24337599    1.00384041E-04   2.80289078E+19   1.01249278E+07   1.09232080E+09   8.07133926E+06   0.12046689      
  95               3.75133111E+02   1.52444057E+01   3675.99468516    1.07270385E-04   3.00373395E+19   8.94393856E+06   1.09348572E+09   6.95945566E+06   0.12056078      
  96               4.41727563E+02   1.64914885E+01   3710.99143338    1.14622591E-04   3.21881298E+19   7.89806496E+06   1.09451264E+09   5.83478357E+06   0.12069203      
  97               5.20144008E+02   1.78397696E+01   3746.43140697    1.22464501E-04   3.44903257E+19   6.97497408E+06   1.09541329E+09   4.69677379E+06   0.12085094      
  98               6.12481111E+02   1.92978725E+01   3782.16141645    1.30840736E-04   3.69568725E+19   6.15637034E+06   1.09618919E+09   3.54486710E+06   0.12105038      
  99               7.21210099E+02   2.08752086E+01   3818.39117627    1.39778457E-04   3.95982731E+19   5.43399501E+06   1.09686088E+09   2.37849131E+06   0.1212889       
  100              8.49240896E+02   2.25820473E+01   3854.96419226    1.49329283E-04   4.24295869E+19   4.79339657E+06   1.09744629E+09   1.19706756E+06   0.12156586      
  101              1.00000000E+03   2.44296096E+01   3892.09447669    1.59524649E-04   4.54630944E+19   4.49923696E+06   1.09771663E+09   0.00000000E+00   0.12186854      
