# ATMO pressure-temperature profile
# Effective temperature = 2300.0K
# log(g) = 3.0cm/s^2
# M/H = 0.0
# Optical depth grid in band 17 (1.20-1.33microns)
# All parameters in cgs units
#
# Model Level      Optical Depth    Pressure         Temperature      Density          Number Density   Rad Flux         Conv Flux        Radial Extension Adiabatic Gradient
#                                   [Ba]             [K]              [g/cm^3]         [/cm^3]          [ergs/s/cm^2/sr] [ergs/s/cm^2/sr] [cm]             [K/Ba]          
  1                1.00000000E-05   1.00000000E-05   844.53715135     3.35369594E-10   8.57644053E+13   1.58663888E+09   0.00000000E+00   1.04389885E+09   0.29323478      
  2                1.20226443E-05   1.49109733E-05   951.99436428     4.43622910E-10   1.13448159E+14   1.58663887E+09   0.00000000E+00   1.03116677E+09   0.29064826      
  3                1.44543977E-05   2.00855791E-05   1011.66658456    5.62327330E-10   1.43804604E+14   1.58663887E+09   0.00000000E+00   1.02080638E+09   0.2894163       
  4                1.73780083E-05   2.59155248E-05   1036.23951150    7.08340365E-10   1.81144728E+14   1.58663887E+09   0.00000000E+00   1.01156900E+09   0.28886627      
  5                2.08929613E-05   3.25905539E-05   1074.04574788    8.59431148E-10   2.19783356E+14   1.58663887E+09   0.00000000E+00   1.00301386E+09   0.28696408      
  6                2.51188643E-05   4.02761496E-05   1089.28445630    1.04724574E-09   2.67813508E+14   1.58663886E+09   0.00000000E+00   9.94912693E+08   0.28676949      
  7                3.01995172E-05   4.91618786E-05   1120.90885967    1.24222663E-09   3.17675709E+14   1.58663886E+09   0.00000000E+00   9.87122134E+08   0.2851818       
  8                3.63078055E-05   5.94531162E-05   1132.83226142    1.48645819E-09   3.80132370E+14   1.58663885E+09   0.00000000E+00   9.79548731E+08   0.28510517      
  9                4.36515832E-05   7.14046227E-05   1161.74040478    1.74086156E-09   4.45187615E+14   1.58663884E+09   0.00000000E+00   9.72119141E+08   0.28366958      
  10               5.24807460E-05   8.53070839E-05   1172.16381565    2.06132776E-09   5.27135938E+14   1.58663884E+09   0.00000000E+00   9.64780145E+08   0.28364375      
  11               6.30957344E-05   1.01466741E-04   1199.88918626    2.39522704E-09   6.12503270E+14   1.58663883E+09   0.00000000E+00   9.57507586E+08   0.28228955      
  12               7.58577575E-05   1.20237985E-04   1209.72892905    2.81527106E-09   7.19912086E+14   1.58663882E+09   0.00000000E+00   9.50278890E+08   0.28315894      
  13               9.12010839E-05   1.41935105E-04   1237.03379099    3.25041856E-09   8.31063292E+14   1.58663880E+09   0.00000000E+00   9.43106194E+08   0.28149779      
  14               1.09647820E-04   1.67013000E-04   1246.78209502    3.79474861E-09   9.70254264E+14   1.58663879E+09   0.00000000E+00   9.35965673E+08   0.28156649      
  15               1.31825674E-04   1.95261136E-04   1274.11147122    4.34324381E-09   1.11002874E+15   1.58663876E+09   0.00000000E+00   9.29007152E+08   0.27967412      
  16               1.58489319E-04   2.27010824E-04   1284.13692467    5.00995949E-09   1.28044542E+15   1.58663873E+09   0.00000000E+00   9.22200787E+08   0.27975874      
  17               1.90546072E-04   2.63507778E-04   1311.75803521    5.69508801E-09   1.45500855E+15   1.58663869E+09   0.00000000E+00   9.15367724E+08   0.27771124      
  18               2.29086765E-04   3.05131523E-04   1322.35906576    6.54174711E-09   1.67133504E+15   1.58663864E+09   0.00000000E+00   9.08548357E+08   0.27779256      
  19               2.75422870E-04   3.51500565E-04   1350.51603141    7.38166438E-09   1.88517696E+15   1.58663857E+09   0.00000000E+00   9.01875403E+08   0.27532434      
  20               3.31131121E-04   4.02859876E-04   1361.94739230    8.38871768E-09   2.14249354E+15   1.58663847E+09   0.00000000E+00   8.95348694E+08   0.27540279      
  21               3.98107171E-04   4.57233071E-04   1390.77937508    9.33939221E-09   2.38125132E+15   1.58663835E+09   0.00000000E+00   8.89204493E+08   0.27270392      
  22               4.78630092E-04   5.11206271E-04   1402.55181143    1.03604444E-08   2.63999497E+15   1.58663829E+09   0.00000000E+00   8.83717455E+08   0.27276302      
  23               5.75439937E-04   5.68265797E-04   1431.01855402    1.12873000E-08   2.87628616E+15   1.58663832E+09   0.00000000E+00   8.78440971E+08   0.26932994      
  24               6.91830971E-04   6.34624791E-04   1440.17418853    1.25251147E-08   3.19174252E+15   1.58663833E+09   0.00000000E+00   8.72859947E+08   0.26934961      
  25               8.31763771E-04   7.11751931E-04   1469.77603822    1.37636110E-08   3.50754564E+15   1.58663833E+09   0.00000000E+00   8.66985714E+08   0.26581724      
  26               1.00000000E-03   8.01267723E-04   1480.24702564    1.53847951E-08   3.92075126E+15   1.58663831E+09   0.00000000E+00   8.60834121E+08   0.26578509      
  27               1.20226443E-03   9.05031256E-04   1511.46571692    1.70167826E-08   4.33701692E+15   1.58663828E+09   0.00000000E+00   8.54421117E+08   0.26125099      
  28               1.44543977E-03   1.02504739E-03   1523.62749054    1.91190432E-08   4.87293908E+15   1.58663824E+09   0.00000000E+00   8.47767345E+08   0.26109267      
  29               1.73780083E-03   1.16362262E-03   1556.66012485    2.12405773E-08   5.41432339E+15   1.58663772E+09   0.00000000E+00   8.40890784E+08   0.25578051      
  30               2.08929613E-03   1.32292521E-03   1571.21962061    2.39235882E-08   6.09851699E+15   1.58663677E+09   0.00000000E+00   8.33823919E+08   0.25532113      
  31               2.51188643E-03   1.50505646E-03   1606.89304192    2.66080208E-08   6.78409094E+15   1.58663644E+09   0.00000000E+00   8.26605070E+08   0.24836962      
  32               3.01995172E-03   1.71074172E-03   1624.99049715    2.99048232E-08   7.62534435E+15   1.58663585E+09   0.00000000E+00   8.19313403E+08   0.24721593      
  33               3.63078055E-03   1.93667887E-03   1664.90593789    3.30324742E-08   8.42546251E+15   1.58663601E+09   0.00000000E+00   8.12124678E+08   0.23836711      
  34               4.36515832E-03   2.17908228E-03   1685.06179836    3.67165676E-08   9.36663583E+15   1.58663588E+09   0.00000000E+00   8.05164214E+08   0.23620674      
  35               5.24807460E-03   2.45663857E-03   1716.35741426    4.06251603E-08   1.03671498E+16   1.58663575E+09   0.00000000E+00   7.97977569E+08   0.22822313      
  36               6.30957344E-03   2.77453803E-03   1736.75254823    4.53339146E-08   1.15712047E+16   1.58663561E+09   0.00000000E+00   7.90569894E+08   0.22602855      
  37               7.58577575E-03   3.13855990E-03   1769.24804085    5.03171428E-08   1.28489470E+16   1.58663545E+09   0.00000000E+00   7.82948002E+08   0.21741253      
  38               9.12010839E-03   3.55474309E-03   1791.93771423    5.62499747E-08   1.43684906E+16   1.58663527E+09   0.00000000E+00   7.75125109E+08   0.21463649      
  39               1.09647820E-02   4.02984685E-03   1827.12706125    6.24987194E-08   1.59751753E+16   1.58663508E+09   0.00000000E+00   7.67112039E+08   0.20465841      
  40               1.31825674E-02   4.57050066E-03   1854.25062653    6.98093414E-08   1.78534101E+16   1.58663485E+09   0.00000000E+00   7.58926808E+08   0.20054247      
  41               1.58489319E-02   5.18153049E-03   1899.99765584    7.71392641E-08   1.97528985E+16   1.58591802E+09   6.94202798E+05   7.50599869E+08   0.18883381      
  42               1.90546072E-02   5.86439883E-03   1943.68188121    8.52166274E-08   2.18536585E+16   1.58235027E+09   4.25151089E+06   7.42177089E+08   0.17722153      
  43               2.29086765E-02   6.63040847E-03   1985.03696780    9.41822738E-08   2.41934345E+16   1.57605630E+09   1.05404364E+07   7.33626305E+08   0.16666322      
  44               2.75422870E-02   7.49223761E-03   2024.95922771    1.04128431E-07   2.67991549E+16   1.56689433E+09   1.97047956E+07   7.24923266E+08   0.15740047      
  45               3.31131121E-02   8.46423440E-03   2063.19090944    1.15218063E-07   2.97148886E+16   1.55464005E+09   3.19662268E+07   7.16048874E+08   0.14882986      
  46               3.98107171E-02   9.56323920E-03   2100.32286602    1.27586287E-07   3.29795555E+16   1.53908390E+09   4.75308001E+07   7.06984117E+08   0.14126986      
  47               4.78630092E-02   1.08082640E-02   2136.21902363    1.41429037E-07   3.66467955E+16   1.52001542E+09   6.66305390E+07   6.97715281E+08   0.13445297      
  48               5.75439937E-02   1.22207859E-02   2171.31603412    1.56917821E-07   4.07663600E+16   1.49728017E+09   8.93717107E+07   6.88233103E+08   0.12896674      
  49               6.91830971E-02   1.38247201E-02   2205.76648921    1.74255775E-07   4.53965294E+16   1.47066924E+09   1.16018563E+08   6.78533028E+08   0.12405832      
  50               8.31763771E-02   1.56469480E-02   2239.60831440    1.93675998E-07   5.06038322E+16   1.44002444E+09   1.46715572E+08   6.68613542E+08   0.11971929      
  51               1.00000000E-01   1.77175733E-02   2272.99057770    2.15420448E-07   5.64589040E+16   1.40521558E+09   1.81608045E+08   6.58475876E+08   0.11583742      
  52               1.20226443E-01   2.00702418E-02   2305.88872514    2.39772985E-07   6.30434685E+16   1.36613951E+09   2.20761946E+08   6.48123630E+08   0.1123036       
  53               1.44543977E-01   2.27298805E-02   2338.24895293    2.66929494E-07   7.04096594E+16   1.32272126E+09   2.64225454E+08   6.37609993E+08   0.10916895      
  54               1.73780083E-01   2.57363768E-02   2370.12024869    2.97159089E-07   7.86507496E+16   1.27523705E+09   3.11793158E+08   6.26934591E+08   0.10649486      
  55               2.08929613E-01   2.91487491E-02   2401.79579982    3.30954889E-07   8.79042112E+16   1.22408131E+09   3.63079213E+08   6.16052970E+08   0.1042493       
  56               2.51188643E-01   3.30174706E-02   2433.26622308    3.68697427E-07   9.82833638E+16   1.16937184E+09   4.17911980E+08   6.04977460E+08   0.10228409      
  57               3.01995172E-01   3.73979348E-02   2464.58171911    4.10781380E-07   1.09908236E+17   1.11128952E+09   4.76106348E+08   5.93721173E+08   0.10054099      
  58               3.63078055E-01   4.23437248E-02   2495.66416755    4.57583335E-07   1.22893455E+17   1.04995512E+09   5.37539188E+08   5.82313155E+08   0.099001731     
  59               4.36515832E-01   4.79181383E-02   2526.56340215    5.09529231E-07   1.37371163E+17   9.85711310E+08   6.01913593E+08   5.70768149E+08   0.09765905      
  60               5.24807460E-01   5.41968367E-02   2557.27916264    5.67159097E-07   1.53504686E+17   9.19132622E+08   6.68635475E+08   5.59088043E+08   0.09654451      
  61               6.30957344E-01   6.12625202E-02   2587.91605423    6.31009371E-07   1.71463038E+17   8.50785117E+08   7.37098032E+08   5.47276743E+08   0.095591347     
  62               7.58577575E-01   6.92053177E-02   2618.42537714    7.01705470E-07   1.91436658E+17   7.81235199E+08   8.06734058E+08   5.35339841E+08   0.094767809     
  63               9.12010839E-01   7.81232102E-02   2648.89022899    7.79854637E-07   2.13620024E+17   7.11067317E+08   8.76952754E+08   5.23284176E+08   0.09400603      
  64               1.09647820E+00   8.81226772E-02   2679.21562717    8.66187855E-07   2.38235159E+17   6.40984168E+08   9.47078745E+08   5.11117366E+08   0.09334335      
  65               1.31825674E+00   9.93191056E-02   2709.51114823    9.61372613E-07   2.65501939E+17   5.71785869E+08   1.01630301E+09   4.98847494E+08   0.092773537     
  66               1.58489319E+00   1.11837457E-01   2739.67681417    1.06623911E-06   2.95674444E+17   5.04424478E+08   1.08364624E+09   4.86482726E+08   0.092321497     
  67               1.90546072E+00   1.25812808E-01   2769.84422712    1.18151264E-06   3.28999586E+17   4.39926956E+08   1.14809335E+09   4.74031044E+08   0.091937892     
  68               2.29086765E+00   1.41391373E-01   2799.88293042    1.30815493E-06   3.65770670E+17   3.79424901E+08   1.20852425E+09   4.61499922E+08   0.091660695     
  69               2.75422870E+00   1.58731285E-01   2829.95724759    1.44694532E-06   4.06264147E+17   3.24005552E+08   1.26387969E+09   4.48896097E+08   0.091446988     
  70               3.31131121E+00   1.78004004E-01   2859.91083160    1.59900399E-06   4.50819942E+17   2.74661845E+08   1.31318200E+09   4.36225331E+08   0.091365887     
  71               3.98107171E+00   1.99395050E-01   2889.96194713    1.76514012E-06   4.99744575E+17   2.31981523E+08   1.35580812E+09   4.23492404E+08   0.091345524     
  72               4.78630092E+00   2.23106092E-01   2919.90899139    1.94668550E-06   5.53436698E+17   1.96102625E+08   1.39162564E+09   4.10700849E+08   0.091389011     
  73               5.75439937E+00   2.49356742E-01   2949.98352225    2.14453708E-06   6.12247985E+17   1.66581729E+08   1.42108101E+09   3.97852849E+08   0.091418193     
  74               6.91830971E+00   2.78387346E-01   2979.93507300    2.36033135E-06   6.76656922E+17   1.42564700E+08   1.44502978E+09   3.84949201E+08   0.091450799     
  75               8.31763771E+00   3.10461485E-01   3010.01904796    2.59509068E-06   7.47075211E+17   1.22977949E+08   1.46458544E+09   3.71989294E+08   0.091442902     
  76               1.00000000E+01   3.45864455E-01   3039.95364643    2.85079609E-06   8.24071338E+17   1.06794582E+08   1.48072351E+09   3.58972935E+08   0.091470962     
  77               1.20226443E+01   3.84901100E-01   3070.04634857    3.12845916E-06   9.08092440E+17   9.32024768E+07   1.49425234E+09   3.45901198E+08   0.091520973     
  78               1.44543977E+01   4.27908192E-01   3100.00295409    3.43041158E-06   9.99802764E+17   8.16252852E+07   1.50575626E+09   3.32772842E+08   0.091656336     
  79               1.73780083E+01   4.75257045E-01   3130.18819405    3.75774545E-06   1.09972463E+18   7.17025054E+07   1.51560088E+09   3.19584768E+08   0.091849158     
  80               2.08929613E+01   5.27356616E-01   3160.28969066    4.11328140E-06   1.20865776E+18   6.31074818E+07   1.52411711E+09   3.06332673E+08   0.092148779     
  81               2.51188643E+01   5.84656112E-01   3190.71558464    4.49816668E-06   1.32720571E+18   5.56645043E+07   1.53151075E+09   2.93011353E+08   0.092532641     
  82               3.01995172E+01   6.47648654E-01   3221.13424793    4.91575451E-06   1.45631888E+18   4.91360488E+07   1.53799931E+09   2.79615068E+08   0.093008769     
  83               3.63078055E+01   7.16875851E-01   3251.96831404    5.36729283E-06   1.59670059E+18   4.34113573E+07   1.54369071E+09   2.66137474E+08   0.093499179     
  84               4.36515832E+01   7.92934793E-01   3282.82994700    5.85692221E-06   1.74950395E+18   3.83237807E+07   1.54874982E+09   2.52571656E+08   0.093995599     
  85               5.24807460E+01   8.76485503E-01   3314.14716786    6.38612182E-06   1.91557335E+18   3.38348457E+07   1.55321382E+09   2.38909944E+08   0.094444669     
  86               6.30957344E+01   9.68259707E-01   3345.49221177    6.96002903E-06   2.09632047E+18   2.98282013E+07   1.55719807E+09   2.25144048E+08   0.094847928     
  87               7.58577575E+01   1.06906948E+00   3377.30520163    7.58046168E-06   2.29277514E+18   2.62827845E+07   1.56075229E+09   2.11265069E+08   0.095168308     
  88               9.12010839E+01   1.17981730E+00   3409.12746482    8.25379321E-06   2.50667113E+18   2.31218484E+07   1.56391119E+09   1.97263770E+08   0.095485078     
  89               1.09647820E+02   1.30150330E+00   3441.46178852    8.98199295E-06   2.73922786E+18   2.03466550E+07   1.56666920E+09   1.83130731E+08   0.095824568     
  90               1.31825674E+02   1.43523242E+00   3473.85785206    9.77258162E-06   2.99251291E+18   1.78840005E+07   1.56910214E+09   1.68856830E+08   0.096244153     
  91               1.58489319E+02   1.58222372E+00   3506.86543442    1.06275879E-05   3.26794417E+18   1.57274048E+07   1.57121850E+09   1.54433098E+08   0.096729492     
  92               1.90546072E+02   1.74382126E+00   3540.01419628    1.15559258E-05   3.56798322E+18   1.38143406E+07   1.57308557E+09   1.39850909E+08   0.097305119     
  93               2.29086765E+02   1.92150954E+00   3573.88039316    1.25597515E-05   3.89429073E+18   1.21464598E+07   1.57472349E+09   1.25101519E+08   0.097974066     
  94               2.75422870E+02   2.11692375E+00   3607.98608633    1.36494877E-05   4.24977757E+18   1.06654659E+07   1.57618457E+09   1.10176484E+08   0.098715138     
  95               3.31131121E+02   2.33187175E+00   3642.90358382    1.48276459E-05   4.63642057E+18   9.36580639E+06   1.57746554E+09   9.50670707E+07   0.099475501     
  96               3.98107171E+02   2.56835563E+00   3678.10958405    1.61068779E-05   5.05773807E+18   8.20389381E+06   1.57860923E+09   7.97643728E+07   0.10021569      
  97               4.78630092E+02   2.82860430E+00   3714.16162110    1.74905200E-05   5.51616488E+18   7.18317876E+06   1.57961242E+09   6.42587144E+07   0.10093619      
  98               5.75439937E+02   3.11509540E+00   3750.52874073    1.89937633E-05   6.01595657E+18   6.27423616E+06   1.58050171E+09   4.85401548E+07   0.10164727      
  99               6.91830971E+02   3.43058980E+00   3787.78873909    2.06206808E-05   6.56007619E+18   5.47949650E+06   1.58129601E+09   3.25981253E+07   0.10234425      
  100              8.31763771E+02   3.77816135E+00   3825.39846002    2.23895552E-05   7.15368250E+18   4.77688508E+06   1.58199207E+09   1.64218466E+07   0.10305606      
  101              1.00000000E+03   4.16123745E+00   3863.97001048    2.43051775E-05   7.80035899E+18   4.46846310E+06   1.58228418E+09   0.00000000E+00   0.10381214      
