# ATMO pressure-temperature profile
# Effective temperature = 1300.0K
# log(g) = 5.5cm/s^2
# M/H = 0.0
# Optical depth grid in band 17 (1.20-1.33microns)
# All parameters in cgs units
#
# Model Level      Optical Depth    Pressure         Temperature      Density          Number Density   Rad Flux         Conv Flux        Radial Extension Adiabatic Gradient
#                                   [Ba]             [K]              [g/cm^3]         [/cm^3]          [ergs/s/cm^2/sr] [ergs/s/cm^2/sr] [cm]             [K/Ba]          
  1                1.00000000E-07   1.00000000E-05   364.58642591     7.77634249E-10   1.98666822E+14   1.61935610E+08   0.00000000E+00   2.15190755E+06   0.29858533      
  2                1.25892541E-07   1.91278139E-05   410.12492100     1.32228477E-09   3.37811956E+14   1.61935610E+08   0.00000000E+00   2.12344217E+06   0.29765441      
  3                1.58489319E-07   3.01604452E-05   411.06211494     2.08020443E-09   5.31442319E+14   1.61935610E+08   0.00000000E+00   2.10240614E+06   0.29764427      
  4                1.99526231E-07   4.37800373E-05   429.77743928     2.88812887E-09   7.37833471E+14   1.61935610E+08   0.00000000E+00   2.08483485E+06   0.29749387      
  5                2.51188643E-07   6.06428248E-05   427.37046160     4.02308395E-09   1.02778142E+15   1.61935610E+08   0.00000000E+00   2.06919107E+06   0.29750869      
  6                3.16227766E-07   8.16003610E-05   443.06871246     5.22161815E-09   1.33397238E+15   1.61935610E+08   0.00000000E+00   2.05473141E+06   0.29744204      
  7                3.98107171E-07   1.07652085E-04   440.48783587     6.92903518E-09   1.77016752E+15   1.61935610E+08   0.00000000E+00   2.04103529E+06   0.29957504      
  8                5.01187234E-07   1.40062446E-04   455.43558091     8.71924582E-09   2.22751476E+15   1.61935610E+08   0.00000000E+00   2.02784944E+06   0.29947385      
  9                6.30957344E-07   1.80367266E-04   453.34137077     1.12801967E-08   2.88176266E+15   1.61935610E+08   0.00000000E+00   2.01499778E+06   0.29949447      
  10               7.94328235E-07   2.30505304E-04   468.03338567     1.39633080E-08   3.56722028E+15   1.61935610E+08   0.00000000E+00   2.00236454E+06   0.29940535      
  11               1.00000000E-06   2.92837452E-04   466.63545162     1.77923474E-08   4.54542743E+15   1.61935610E+08   0.00000000E+00   1.98985903E+06   0.29942007      
  12               1.25892541E-06   3.70338008E-04   481.23657556     2.18184524E-08   5.57398118E+15   1.61935610E+08   0.00000000E+00   1.97742029E+06   0.29933644      
  13               1.58489319E-06   4.66633820E-04   480.53327969     2.75319618E-08   7.03361481E+15   1.61935610E+08   0.00000000E+00   1.96499585E+06   0.29934621      
  14               1.99526231E-06   5.86282494E-04   495.11121218     3.35728728E-08   8.57689325E+15   1.61935609E+08   0.00000000E+00   1.95255085E+06   0.29926739      
  15               2.51188643E-06   7.34849650E-04   494.99653078     4.20901827E-08   1.07528151E+16   1.61935610E+08   0.00000000E+00   1.94005291E+06   0.29927321      
  16               3.16227766E-06   9.19293680E-04   509.70872887     5.11348044E-08   1.30634547E+16   1.61935609E+08   0.00000000E+00   1.92748058E+06   0.29919357      
  17               3.98107171E-06   1.14814727E-03   510.05673563     6.38210061E-08   1.63044049E+16   1.61935610E+08   0.00000000E+00   1.91481230E+06   0.29919821      
  18               5.01187234E-06   1.43212679E-03   524.88553528     7.73573038E-08   1.97625374E+16   1.61935609E+08   0.00000000E+00   1.90203160E+06   0.29911653      
  19               6.30957344E-06   1.78442687E-03   525.53593082     9.62677780E-08   2.45936043E+16   1.61935611E+08   0.00000000E+00   1.88912174E+06   0.29912125      
  20               7.94328235E-06   2.22150545E-03   540.43794973     1.16542969E-07   2.97733282E+16   1.61935610E+08   0.00000000E+00   1.87607278E+06   0.29903447      
  21               1.00000000E-05   2.76364167E-03   541.21544536     1.44775890E-07   3.69860021E+16   1.61935612E+08   0.00000000E+00   1.86287450E+06   0.29904038      
  22               1.25892541E-05   3.43605708E-03   556.16553541     1.75162417E-07   4.47488765E+16   1.61935609E+08   0.00000000E+00   1.84952180E+06   0.29894904      
  23               1.58489319E-05   4.26983503E-03   557.02955709     2.17328992E-07   5.55211810E+16   1.61935611E+08   0.00000000E+00   1.83600820E+06   0.29895627      
  24               1.99526231E-05   5.30355478E-03   572.01535423     2.62871870E-07   6.71560606E+16   1.61935609E+08   0.00000000E+00   1.82233179E+06   0.29885613      
  25               2.51188643E-05   6.58481189E-03   572.80415251     3.25928366E-07   8.32651090E+16   1.61935611E+08   0.00000000E+00   1.80848965E+06   0.29886461      
  26               3.16227766E-05   8.17249271E-03   587.89912364     3.94127387E-07   1.00687966E+17   1.61935610E+08   0.00000000E+00   1.79448141E+06   0.29875554      
  27               3.98107171E-05   1.01393099E-02   588.52715828     4.88457755E-07   1.24786535E+17   1.61935612E+08   0.00000000E+00   1.78030611E+06   0.29876432      
  28               5.01187234E-05   1.25749234E-02   603.69279877     5.90574123E-07   1.50874274E+17   1.61935612E+08   0.00000000E+00   1.76596583E+06   0.29867355      
  29               6.30957344E-05   1.55898216E-02   604.29801698     7.31434283E-07   1.86859772E+17   1.61935610E+08   0.00000000E+00   1.75145982E+06   0.29866792      
  30               7.94328235E-05   1.93195216E-02   619.88438051     8.83631053E-07   2.25741556E+17   1.61935606E+08   0.00000000E+00   1.73678912E+06   0.29850247      
  31               1.00000000E-04   2.39305263E-02   620.68572167     1.09311564E-06   2.79258458E+17   1.61935602E+08   0.00000000E+00   1.72195277E+06   0.29851508      
  32               1.25892541E-04   2.96277474E-02   637.07557464     1.31853971E-06   3.36847647E+17   1.61935601E+08   0.00000000E+00   1.70694613E+06   0.29837593      
  33               1.58489319E-04   3.66631634E-02   638.60209924     1.62774163E-06   4.15839206E+17   1.61935609E+08   0.00000000E+00   1.69175989E+06   0.29837916      
  34               1.99526231E-04   4.53437322E-02   656.26444560     1.95895436E-06   5.00454072E+17   1.61935597E+08   0.00000000E+00   1.67638743E+06   0.2981969       
  35               2.51188643E-04   5.60443302E-02   658.95033477     2.41137797E-06   6.16034223E+17   1.61935620E+08   0.00000000E+00   1.66081833E+06   0.29818677      
  36               3.16227766E-04   6.92213035E-02   678.35533331     2.89313486E-06   7.39108793E+17   1.61935591E+08   0.00000000E+00   1.64504227E+06   0.2979531       
  37               3.98107171E-04   8.54284240E-02   682.71516567     3.54771991E-06   9.06334859E+17   1.61935647E+08   0.00000000E+00   1.62904496E+06   0.29790463      
  38               5.01187234E-04   1.05333993E-01   704.12024876     4.24139169E-06   1.08354650E+18   1.61935585E+08   0.00000000E+00   1.61281768E+06   0.2976026       
  39               6.30957344E-04   1.29744602E-01   710.62763066     5.17647460E-06   1.32243108E+18   1.61935683E+08   0.00000000E+00   1.59634336E+06   0.29751828      
  40               7.94328235E-04   1.59627165E-01   734.56048958     6.16124816E-06   1.57400125E+18   1.61935533E+08   0.00000000E+00   1.57961062E+06   0.2971274       
  41               1.00000000E-03   1.96126446E-01   743.71530208     7.47685783E-06   1.91009638E+18   1.61935703E+08   0.00000000E+00   1.56260508E+06   0.29703182      
  42               1.25892541E-03   2.40606969E-01   770.41872228     8.85465014E-06   2.26207611E+18   1.61935484E+08   0.00000000E+00   1.54531788E+06   0.29659895      
  43               1.58489319E-03   2.94739493E-01   782.64638684     1.06773912E-05   2.72771245E+18   1.61935792E+08   0.00000000E+00   1.52771270E+06   0.29641412      
  44               1.99526231E-03   3.60539292E-01   812.57774567     1.25799751E-05   3.21376056E+18   1.61935442E+08   0.00000000E+00   1.50975907E+06   0.29577027      
  45               2.51188643E-03   4.40345934E-01   828.43202743     1.50705551E-05   3.85001968E+18   1.61935890E+08   0.00000000E+00   1.49143025E+06   0.29546062      
  46               3.16227766E-03   5.36955637E-01   862.07418940     1.76597874E-05   4.51148589E+18   1.61935341E+08   0.00000000E+00   1.47270345E+06   0.29464358      
  47               3.98107171E-03   6.53541782E-01   882.03347899     2.10077745E-05   5.36678414E+18   1.61935981E+08   0.00000000E+00   1.45356246E+06   0.2942224       
  48               5.01187234E-03   7.93824916E-01   919.68430351     2.44724710E-05   6.25189667E+18   1.61935259E+08   0.00000000E+00   1.43399756E+06   0.29318724      
  49               6.30957344E-03   9.61965079E-01   943.95061827     2.88936888E-05   7.38135123E+18   1.61936157E+08   0.00000000E+00   1.41400209E+06   0.29259742      
  50               7.94328235E-03   1.16366794E+00   985.88123245     3.34661429E-05   8.54929512E+18   1.61935045E+08   0.00000000E+00   1.39348991E+06   0.29131036      
  51               1.00000000E-02   1.40551443E+00   1014.83699567    3.92677713E-05   1.00314764E+19   1.61936169E+08   0.00000000E+00   1.37239294E+06   0.29053006      
  52               1.25892541E-02   1.69683300E+00   1061.51678668    4.53206103E-05   1.15781208E+19   1.61935007E+08   0.00000000E+00   1.35055508E+06   0.28894635      
  53               1.58489319E-02   2.04870119E+00   1095.58791643    5.30155394E-05   1.35443206E+19   1.61936368E+08   0.00000000E+00   1.32785465E+06   0.2879075       
  54               1.99526231E-02   2.47964451E+00   1147.85844660    6.12407594E-05   1.56468503E+19   1.61935625E+08   0.00000000E+00   1.30393720E+06   0.28595684      
  55               2.51188643E-02   3.01215044E+00   1188.04036926    7.18720238E-05   1.83641698E+19   1.61936002E+08   0.00000000E+00   1.27855488E+06   0.28466235      
  56               3.16227766E-02   3.68261144E+00   1246.65483950    8.37283019E-05   2.13961439E+19   1.61934453E+08   0.00000000E+00   1.25122234E+06   0.28247188      
  57               3.98107171E-02   4.53125249E+00   1291.96863390    9.94026364E-05   2.54034167E+19   1.61934165E+08   0.00000000E+00   1.22180553E+06   0.28103494      
  58               5.01187234E-02   5.60837244E+00   1354.37939742    1.17348534E-04   2.99931685E+19   1.61933509E+08   0.00000000E+00   1.19026691E+06   0.27869274      
  59               6.30957344E-02   6.95520126E+00   1401.63466662    1.40615475E-04   3.59418735E+19   1.61935966E+08   0.00000000E+00   1.15711105E+06   0.27715858      
  60               7.94328235E-02   8.61469242E+00   1465.76031298    1.66532581E-04   4.25699027E+19   1.61932522E+08   0.00000000E+00   1.12281706E+06   0.27463334      
  61               1.00000000E-01   1.06309459E+01   1514.91969923    1.98834438E-04   5.08285983E+19   1.61934770E+08   0.00000000E+00   1.08777805E+06   0.2730208       
  62               1.25892541E-01   1.30270672E+01   1580.87310978    2.33481337E-04   5.96864130E+19   1.61930992E+08   0.00000000E+00   1.05261023E+06   0.27047456      
  63               1.58489319E-01   1.57745235E+01   1631.29379783    2.74012428E-04   7.00406074E+19   1.61942232E+08   0.00000000E+00   1.01826017E+06   0.26884619      
  64               1.99526231E-01   1.88131463E+01   1696.77861024    3.14283988E-04   8.03086070E+19   1.61934496E+08   0.00000000E+00   9.85514755E+05   0.26631373      
  65               2.51188643E-01   2.20611128E+01   1746.55413049    3.58075551E-04   9.14894897E+19   1.61970033E+08   0.00000000E+00   9.54897328E+05   0.26469351      
  66               3.16227766E-01   2.53337654E+01   1810.85662138    3.96772566E-04   1.01330811E+20   1.61946197E+08   0.00000000E+00   9.27439701E+05   0.26217623      
  67               3.98107171E-01   2.82815108E+01   1863.88585384    4.30896086E-04   1.09902895E+20   1.54636763E+08   7.26289988E+06   9.04893066E+05   0.26048285      
  68               5.01187234E-01   3.07356362E+01   1904.36344971    4.58320453E-04   1.16900995E+20   1.46086428E+08   1.58204506E+07   8.87429761E+05   0.2585756       
  69               6.30957344E-01   3.35456766E+01   1947.99940877    4.88995390E-04   1.24730762E+20   1.36304147E+08   2.56587801E+07   8.68659245E+05   0.25729604      
  70               7.94328235E-01   3.59225612E+01   1982.32820887    5.14716990E-04   1.31255518E+20   1.25346535E+08   3.65434074E+07   8.53676547E+05   0.25571173      
  71               1.00000000E+00   3.78204223E+01   2008.67234073    5.34790844E-04   1.36377622E+20   1.15508398E+08   4.63677103E+07   8.42237537E+05   0.25460719      
  72               1.25892541E+00   4.00583008E+01   2038.09870311    5.58241226E-04   1.42361695E+20   1.06036460E+08   5.59169750E+07   8.29285626E+05   0.25329246      
  73               1.58489319E+00   4.26765487E+01   2071.08503079    5.85214601E-04   1.49250983E+20   9.48810649E+07   6.71043582E+07   8.14799821E+05   0.25268206      
  74               1.99526231E+00   4.46966266E+01   2095.31222085    6.06340000E-04   1.54508309E+20   8.35893754E+07   7.82594871E+07   8.04074694E+05   0.25190357      
  75               2.51188643E+00   4.62209772E+01   2113.13199258    6.21718235E-04   1.58430334E+20   7.50570349E+07   8.67694717E+07   7.96223601E+05   0.25122864      
  76               3.16227766E+00   4.80599188E+01   2133.85445752    6.40158213E-04   1.63133847E+20   6.87553984E+07   9.30951552E+07   7.87005794E+05   0.25037951      
  77               3.98107171E+00   5.02688960E+01   2158.02180720    6.62060148E-04   1.68721084E+20   6.35185447E+07   9.83396711E+07   7.76275810E+05   0.249396        
  78               5.01187234E+00   5.29058774E+01   2185.59743654    6.87968943E-04   1.75331355E+20   5.88507243E+07   1.03014837E+08   7.63919914E+05   0.24830496      
  79               6.30957344E+00   5.60341786E+01   2216.99500663    7.18289733E-04   1.83068716E+20   5.44908934E+07   1.07381691E+08   7.49847302E+05   0.24697532      
  80               7.94328235E+00   5.97228887E+01   2252.01158007    7.53619378E-04   1.92086138E+20   5.02939449E+07   1.11585219E+08   7.33992923E+05   0.24549146      
  81               1.00000000E+01   6.40475234E+01   2290.95098483    7.94383790E-04   2.02494104E+20   4.61632911E+07   1.15721884E+08   7.16317942E+05   0.24343296      
  82               1.25892541E+01   6.90902631E+01   2333.32151724    8.41364276E-04   2.14470765E+20   4.21917190E+07   1.19698587E+08   6.96811689E+05   0.24188377      
  83               1.58489319E+01   7.49424981E+01   2379.68255845    8.94733265E-04   2.28105091E+20   3.82851290E+07   1.23609811E+08   6.75482015E+05   0.23935153      
  84               1.99526231E+01   8.17073619E+01   2428.90490154    9.55576341E-04   2.43655667E+20   3.45379511E+07   1.27360867E+08   6.52346396E+05   0.236985        
  85               2.51188643E+01   8.94998372E+01   2481.93092932    1.02414277E-03   2.61191112E+20   3.09578936E+07   1.30943678E+08   6.27436928E+05   0.2345008       
  86               3.16227766E+01   9.84495613E+01   2537.43238305    1.10164817E-03   2.81025123E+20   2.74082610E+07   1.34495476E+08   6.00792263E+05   0.23103036      
  87               3.98107171E+01   1.08715272E+02   2596.00153140    1.18872796E-03   3.03327268E+20   2.42180429E+07   1.37687596E+08   5.72424234E+05   0.22842418      
  88               5.01187234E+01   1.20482789E+02   2657.23727372    1.28658809E-03   3.28413133E+20   2.12064496E+07   1.40701108E+08   5.42333890E+05   0.22492122      
  89               6.30957344E+01   1.33973125E+02   2720.89557765    1.39659425E-03   3.56641316E+20   1.85522268E+07   1.43357618E+08   5.10508642E+05   0.22177437      
  90               7.94328235E+01   1.49441529E+02   2787.25663500    1.52000368E-03   3.88347206E+20   1.61979259E+07   1.45714667E+08   4.76935451E+05   0.21830267      
  91               1.00000000E+02   1.67184506E+02   2855.67178353    1.65877960E-03   4.24046590E+20   1.41035107E+07   1.47812484E+08   4.41599647E+05   0.21501207      
  92               1.25892541E+02   1.87543475E+02   2926.73998832    1.81437472E-03   4.64134293E+20   1.22202655E+07   1.49699788E+08   4.04488541E+05   0.2113949       
  93               1.58489319E+02   2.10912942E+02   2999.43831108    1.98948169E-03   5.09318129E+20   1.05321232E+07   1.51393980E+08   3.65591024E+05   0.20796161      
  94               1.99526231E+02   2.37736523E+02   3074.70375415    2.18567900E-03   5.60039254E+20   9.02049316E+06   1.52915153E+08   3.24912894E+05   0.20428727      
  95               2.51188643E+02   2.68453614E+02   3150.95806185    2.40599613E-03   6.17095632E+20   7.70192097E+06   1.54245729E+08   2.82553740E+05   0.20091895      
  96               3.16227766E+02   3.03532040E+02   3229.40720325    2.65136708E-03   6.80781227E+20   6.58336602E+06   1.55378190E+08   2.38633334E+05   0.19757736      
  97               3.98107171E+02   3.43473612E+02   3308.17470330    2.92531601E-03   7.52022406E+20   5.59629996E+06   1.56381798E+08   1.93279638E+05   0.19443677      
  98               5.01187234E+02   3.88814712E+02   3388.69455449    3.22851724E-03   8.31067128E+20   4.73199030E+06   1.57265712E+08   1.46622979E+05   0.19158478      
  99               6.30957344E+02   4.40126148E+02   3469.11928750    3.56484178E-03   9.18932851E+20   3.96526254E+06   1.58055239E+08   9.87927952E+04   0.1890772       
  100              7.94328235E+02   4.98019554E+02   3551.06911229    3.93464500E-03   1.01581146E+21   3.29080549E+06   1.58745212E+08   4.99088432E+04   0.18671919      
  101              1.00000000E+03   5.63261452E+02   3632.64680408    4.34322736E-03   1.12308518E+21   2.95024177E+06   1.59094055E+08   0.00000000E+00   0.18449865      
