# ATMO pressure-temperature profile
# Effective temperature = 250.0K
# log(g) = 4.0cm/s^2
# M/H = 0.0
# Optical depth grid in band 17 (1.20-1.33microns)
# All parameters in cgs units
#
# Model Level      Optical Depth    Pressure         Temperature      Density          Number Density   Rad Flux         Conv Flux        Radial Extension Adiabatic Gradient
#                                   [Ba]             [K]              [g/cm^3]         [/cm^3]          [ergs/s/cm^2/sr] [ergs/s/cm^2/sr] [cm]             [K/Ba]          
  1                5.00000000E-05   1.00000000E-05   33.92729001      8.30726841E-09   2.13489573E+15   2.21422467E+05   0.00000000E+00   2.12264095E+07   0.34612403      
  2                5.91534807E-05   4.70829957E-04   46.53318177      2.85173229E-07   7.32870395E+16   2.21422467E+05   0.00000000E+00   2.02796117E+07   0.31479375      
  3                6.99826855E-05   1.01201091E-03   51.44061772      5.54480702E-07   1.42496718E+17   2.21422433E+05   0.00000000E+00   2.01435159E+07   0.31483384      
  4                8.27943887E-05   1.64791543E-03   54.60609968      8.50552599E-07   2.18584620E+17   2.21422446E+05   0.00000000E+00   2.00509186E+07   0.31485863      
  5                9.79515255E-05   2.39475829E-03   57.80793521      1.16756654E-06   3.00054446E+17   2.21422473E+05   0.00000000E+00   1.99759745E+07   0.31487758      
  6                1.15883473E-04   3.27072266E-03   60.04245348      1.53529807E-06   3.94558250E+17   2.21422536E+05   0.00000000E+00   1.99105486E+07   0.31489356      
  7                1.37098216E-04   4.29746401E-03   63.12023554      1.91889430E-06   4.93139144E+17   2.21422605E+05   0.00000000E+00   1.98507296E+07   0.31490782      
  8                1.62196734E-04   5.49925163E-03   65.26081432      2.37497213E-06   6.10347181E+17   2.21422671E+05   0.00000000E+00   1.97944342E+07   0.31492101      
  9                1.91890027E-04   6.90348131E-03   68.52063037      2.83958071E-06   7.29747546E+17   2.21422661E+05   0.00000000E+00   1.97403610E+07   0.31493354      
  10               2.27019260E-04   8.54299123E-03   70.53724013      3.41349217E-06   8.77237800E+17   2.21422555E+05   0.00000000E+00   1.96877002E+07   0.31494565      
  11               2.68579588E-04   1.04499570E-02   73.87214683      3.98695373E-06   1.02461243E+18   2.21422317E+05   0.00000000E+00   1.96360083E+07   0.31495753      
  12               3.17748350E-04   1.26519401E-02   76.40801897      4.66686891E-06   1.19934472E+18   2.21421642E+05   0.00000000E+00   1.95849601E+07   0.31496932      
  13               3.75918418E-04   1.51902731E-02   78.91560278      5.42512962E-06   1.39421113E+18   2.21420902E+05   0.00000000E+00   1.95345136E+07   0.31498112      
  14               4.44737657E-04   1.81136352E-02   81.84789068      6.23742790E-06   1.60296472E+18   2.21419887E+05   0.00000000E+00   1.94842591E+07   0.31499302      
  15               5.26155608E-04   2.14831732E-02   84.69414762      7.14911761E-06   1.83726105E+18   2.21418457E+05   0.00000000E+00   1.94337998E+07   0.31500511      
  16               6.22478712E-04   2.53758751E-02   88.01873592      8.12556025E-06   2.08819831E+18   2.21416434E+05   0.00000000E+00   1.93827260E+07   0.31501747      
  17               7.36435649E-04   2.98835684E-02   91.43451290      9.21148636E-06   2.36727188E+18   2.21413368E+05   0.00000000E+00   1.93306230E+07   0.31503018      
  18               8.71254639E-04   3.51158956E-02   95.23358780      1.03925236E-05   2.67078816E+18   2.21408920E+05   0.00000000E+00   1.92771457E+07   0.31504332      
  19               1.03075489E-03   4.12050954E-02   99.57245405      1.16632372E-05   2.99735065E+18   2.21401963E+05   0.00000000E+00   1.92218374E+07   0.31505702      
  20               1.21945479E-03   4.83080723E-02   104.77028977     1.29953806E-05   3.33969958E+18   2.21389369E+05   3.26313247E+01   1.91641426E+07   0.31507136      
  21               1.44269991E-03   5.65829345E-02   110.03616345     1.44929820E-05   3.72456765E+18   2.21365241E+05   5.67579124E+01   1.91038468E+07   0.31508649      
  22               1.70681442E-03   6.60599374E-02   115.62832536     1.61020187E-05   4.13808838E+18   2.21319729E+05   1.02140798E+02   1.90418095E+07   0.31510253      
  23               2.01928028E-03   7.56214998E-02   120.56624266     1.76791132E-05   4.54302785E+18   2.21243279E+05   1.78591959E+02   1.89851377E+07   0.31511966      
  24               2.38894914E-03   8.40451308E-02   124.74343998     1.89898890E-05   4.88000965E+18   2.21157826E+05   2.65261813E+02   1.89391642E+07   0.31513805      
  25               2.82629313E-03   9.14888489E-02   128.02502898     2.01464441E-05   5.17605784E+18   2.21071461E+05   3.54911418E+02   1.89011063E+07   0.31515794      
  26               3.34370152E-03   9.74609299E-02   130.70375620     2.10200486E-05   5.40092718E+18   2.20988729E+05   4.39549836E+02   1.88720855E+07   0.31682886      
  27               3.95583167E-03   1.02266992E-01   132.62306690     2.17497997E-05   5.58524532E+18   2.20919639E+05   5.04085770E+02   1.88496066E+07   0.31897401      
  28               4.68002425E-03   1.05968347E-01   134.23982931     2.22655598E-05   5.71769006E+18   2.20873906E+05   5.45350594E+02   1.88327869E+07   0.3206989       
  29               5.53679448E-03   1.10331298E-01   135.89089523     2.29006186E-05   5.88077017E+18   2.20842641E+05   5.76659867E+02   1.88134655E+07   0.32246201      
  30               6.55041330E-03   1.15471631E-01   138.00949463     2.35996294E-05   6.06027282E+18   2.20823206E+05   5.96168930E+02   1.87913541E+07   0.32377636      
  31               7.74959494E-03   1.21524797E-01   140.20969234     2.44470080E-05   6.27787562E+18   2.20815758E+05   6.03710899E+02   1.87661532E+07   0.32515459      
  32               9.16831029E-03   1.28649174E-01   142.94502524     2.53849788E-05   6.51874205E+18   2.20821110E+05   5.98470795E+02   1.87375545E+07   0.32610069      
  33               1.08467493E-02   1.37029939E-01   145.80902075     2.65075701E-05   6.80701817E+18   2.20840166E+05   5.79540002E+02   1.87052465E+07   0.32562361      
  34               1.28324595E-02   1.46883663E-01   149.24991011     2.77586451E-05   7.12828828E+18   2.20873857E+05   5.45970998E+02   1.86689206E+07   0.32533747      
  35               1.51816929E-02   1.58463757E-01   152.86847184     2.92382161E-05   7.50823512E+18   2.20922809E+05   4.97131912E+02   1.86282728E+07   0.32512484      
  36               1.79609996E-02   1.72067005E-01   157.12960392     3.08871935E-05   7.93168437E+18   2.20985989E+05   4.34047089E+02   1.85830062E+07   0.32504019      
  37               2.12491128E-02   1.88041060E-01   161.61282592     3.28182733E-05   8.42757657E+18   2.21061391E+05   3.58722113E+02   1.85328334E+07   0.32490914      
  38               2.51391797E-02   2.06793048E-01   166.80084225     3.49684659E-05   8.97973530E+18   2.21142023E+05   2.78153287E+02   1.84774791E+07   0.32486739      
  39               2.97413996E-02   2.28796292E-01   172.24766236     3.74657642E-05   9.62102814E+18   2.21208947E+05   2.11276902E+02   1.84166892E+07   0.32464989      
  40               3.51861462E-02   2.54604503E-01   178.45302888     4.02421642E-05   1.03339890E+19   2.21215473E+05   2.04780663E+02   1.83502232E+07   0.32452762      
  41               4.16276604E-02   2.84867197E-01   184.94655916     4.34446169E-05   1.11563473E+19   2.21074428E+05   3.45862370E+02   1.82778464E+07   0.32409578      
  42               4.92484201E-02   3.20344949E-01   192.24412565     4.70009555E-05   1.20695379E+19   2.20609604E+05   8.10833513E+02   1.81993346E+07   0.32383658      
  43               5.82643093E-02   3.61870067E-01   199.84634693     5.10745108E-05   1.31154225E+19   2.19547155E+05   1.87358174E+03   1.81145812E+07   0.32307405      
  44               6.89307339E-02   4.10390750E-01   208.26166080     5.55847205E-05   1.42729609E+19   2.17111847E+05   4.30911029E+03   1.80235163E+07   0.3225404       
  45               8.15498567E-02   4.66915319E-01   216.96856710     6.06995825E-05   1.55871653E+19   2.11917719E+05   9.50280346E+03   1.79262018E+07   0.3212765       
  46               9.64791575E-02   5.31779322E-01   226.34136649     6.63950554E-05   1.70174057E+19   2.02035986E+05   1.93833319E+04   1.78239825E+07   0.32035544      
  47               1.14141560E-01   6.04695500E-01   235.70698813     7.24631228E-05   1.85819000E+19   1.89719800E+05   3.16983180E+04   1.77188596E+07   0.31875939      
  48               1.35037411E-01   6.86655485E-01   245.55501317     7.92852010E-05   2.02542389E+19   1.78462602E+05   4.29553229E+04   1.76106789E+07   0.31768691      
  49               1.59758657E-01   7.76652400E-01   255.21256691     8.62832859E-05   2.20419733E+19   1.68065112E+05   5.33531377E+04   1.75018690E+07   0.31594801      
  50               1.89005613E-01   8.81790521E-01   265.74761431     9.40801702E-05   2.40337695E+19   1.60040493E+05   6.13780726E+04   1.73851752E+07   0.31473617      
  51               2.23606798E-01   1.00458266E+00   276.74315605     1.02922620E-04   2.62926662E+19   1.53053419E+05   6.83656229E+04   1.72603892E+07   0.3128406       
  52               2.64542408E-01   1.14787259E+00   288.60157777     1.12770896E-04   2.88085119E+19   1.46543764E+05   7.48759166E+04   1.71273861E+07   0.31156905      
  53               3.12972084E-01   1.31493900E+00   300.95790234     1.23880201E-04   3.16465008E+19   1.40459104E+05   8.09613618E+04   1.69860381E+07   0.30980746      
  54               3.70267763E-01   1.50954631E+00   314.16035142     1.36237639E-04   3.48033386E+19   1.35177511E+05   8.62438330E+04   1.68362388E+07   0.30866893      
  55               4.38052539E-01   1.73595233E+00   327.89996525     1.50106144E-04   3.83461939E+19   1.30964367E+05   9.04578607E+04   1.66779172E+07   0.30716151      
  56               5.18246648E-01   1.99913663E+00   342.47120196     1.65508562E-04   4.22809034E+19   1.28288021E+05   9.31349579E+04   1.65109426E+07   0.30620137      
  57               6.13121862E-01   2.30492349E+00   357.63554242     1.82733379E-04   4.66811644E+19   1.27289838E+05   9.41337179E+04   1.63351099E+07   0.30498548      
  58               7.25365844E-01   2.65997586E+00   373.63982926     2.01849003E-04   5.15644477E+19   1.27926771E+05   9.34972523E+04   1.61502383E+07   0.30416232      
  59               8.58158289E-01   3.07165114E+00   390.27842148     2.23151304E-04   5.70063440E+19   1.29599968E+05   9.18247762E+04   1.59562651E+07   0.3032646       
  60               1.01526100E+00   3.54791252E+00   407.74650198     2.46708775E-04   6.30243678E+19   1.31501046E+05   8.99252231E+04   1.57532850E+07   0.30264597      
  61               1.20112443E+00   4.09791585E+00   425.85647213     2.72837569E-04   6.96988518E+19   1.32557781E+05   8.88714793E+04   1.55412917E+07   0.30199152      
  62               1.42101382E+00   4.73209039E+00   444.79867569     3.01643474E-04   7.70575835E+19   1.31669924E+05   8.97644089E+04   1.53202319E+07   0.30151043      
  63               1.68115827E+00   5.46152682E+00   464.38382351     3.33458194E-04   8.51849411E+19   1.27702491E+05   9.37381424E+04   1.50902361E+07   0.30104642      
  64               1.98892727E+00   6.29788538E+00   484.77028469     3.68352581E-04   9.40989118E+19   1.19060856E+05   1.02382875E+05   1.48515979E+07   0.3007465       
  65               2.35303941E+00   7.25327072E+00   505.74906830     4.06641516E-04   1.03878253E+20   1.05452160E+05   1.15993082E+05   1.46047431E+07   0.30049331      
  66               2.78380943E+00   8.34343841E+00   527.52302491     4.48451110E-04   1.14559071E+20   9.40192703E+04   1.27432123E+05   1.43494554E+07   0.30028706      
  67               3.29344035E+00   9.58832628E+00   549.96193856     4.94364266E-04   1.26280418E+20   8.81191269E+04   1.33338838E+05   1.40850571E+07   0.30009112      
  68               3.89636920E+00   1.10075702E+01   573.26624979     5.44467513E-04   1.39078798E+20   8.31890791E+04   1.38272988E+05   1.38115002E+07   0.29991887      
  69               4.60967600E+00   1.26198507E+01   597.19538020     5.99203892E-04   1.53060672E+20   7.85947026E+04   1.42871524E+05   1.35292286E+07   0.29976853      
  70               5.45356761E+00   1.44439036E+01   621.90930218     6.58558442E-04   1.68222223E+20   7.43670720E+04   1.47103486E+05   1.32388577E+07   0.29963976      
  71               6.45195012E+00   1.65032002E+01   647.18538717     7.23063054E-04   1.84699323E+20   7.07084906E+04   1.50766679E+05   1.29404338E+07   0.29950013      
  72               7.63310614E+00   1.88300117E+01   673.31661833     7.92990218E-04   2.02561590E+20   6.76068153E+04   1.53873671E+05   1.26331503E+07   0.29934051      
  73               9.03049593E+00   2.14561440E+01   700.08154041     8.69039332E-04   2.21987688E+20   6.47527026E+04   1.56732040E+05   1.23168038E+07   0.2991638       
  74               1.06837053E+01   2.44130235E+01   727.70668814     9.51264528E-04   2.42991478E+20   6.19932329E+04   1.59492935E+05   1.19915942E+07   0.29897415      
  75               1.26395671E+01   2.77323763E+01   755.90108252     1.04029818E-03   2.65734509E+20   5.92520795E+04   1.62233447E+05   1.16579189E+07   0.29876591      
  76               1.49534878E+01   3.14517451E+01   784.92393527     1.13619379E-03   2.90230476E+20   5.67673104E+04   1.64718733E+05   1.13158101E+07   0.29854827      
  77               1.76910170E+01   3.56385328E+01   814.67928666     1.24041734E-03   3.16853845E+20   5.48592120E+04   1.66627668E+05   1.09631381E+07   0.29825582      
  78               2.09297047E+01   4.03618387E+01   845.54459304     1.35353202E-03   3.45748469E+20   5.37727714E+04   1.67713552E+05   1.05986124E+07   0.29790105      
  79               2.47612977E+01   4.56829307E+01   877.22419575     1.47665767E-03   3.77197839E+20   5.36034800E+04   1.67880239E+05   1.02222315E+07   0.2974585       
  80               2.92943389E+01   5.16511420E+01   909.90702036     1.60960071E-03   4.11158007E+20   5.44123347E+04   1.67065234E+05   9.83511168E+06   0.2969909       
  81               3.46572422E+01   5.82997039E+01   943.11713781     1.75281878E-03   4.47740677E+20   5.61468695E+04   1.65325162E+05   9.43928897E+06   0.29648532      
  82               4.10019301E+01   6.56717733E+01   977.05744927     1.90587207E-03   4.86838015E+20   5.84256504E+04   1.63045420E+05   9.03594619E+06   0.29591218      
  83               4.85081376E+01   7.38587069E+01   1011.50094599    2.07047278E-03   5.28884995E+20   6.07874770E+04   1.60686527E+05   8.62381081E+06   0.29530199      
  84               5.73885036E+01   8.29402417E+01   1046.79048063    2.24666990E-03   5.73893587E+20   6.27371261E+04   1.58745293E+05   8.20273998E+06   0.29454005      
  85               6.78945948E+01   9.29791780E+01   1082.46932507    2.43559378E-03   6.22151201E+20   6.40689833E+04   1.57435733E+05   7.77358316E+06   0.29378919      
  86               8.03240320E+01   1.04022565E+02   1118.81310220    2.63638468E-03   6.73435261E+20   6.49660845E+04   1.56617580E+05   7.33777434E+06   0.29292161      
  87               9.50289215E+01   1.16110099E+02   1155.25522826    2.84995185E-03   7.27977393E+20   6.61175477E+04   1.55634510E+05   6.89679817E+06   0.29199973      
  88               1.12425830E+02   1.29305501E+02   1192.19815239    3.07547886E-03   7.85587196E+20   6.78937564E+04   1.54011189E+05   6.45109304E+06   0.29099603      
  89               1.33007583E+02   1.43772270E+02   1229.37358030    3.31615067E-03   8.47065697E+20   6.99139609E+04   1.51973490E+05   5.99809306E+06   0.2899369       
  90               1.57357229E+02   1.59649236E+02   1267.33704136    3.57204209E-03   9.12432099E+20   7.16221202E+04   1.50028311E+05   5.53678375E+06   0.28883901      
  91               1.86164557E+02   1.77042366E+02   1305.55606824    3.84523118E-03   9.82217159E+20   7.29124112E+04   1.48363829E+05   5.06747531E+06   0.28762483      
  92               2.20245630E+02   1.96032302E+02   1344.42627954    4.13457026E-03   1.05612783E+21   7.37488875E+04   1.47209779E+05   4.59121191E+06   0.28648521      
  93               2.60565913E+02   2.16683060E+02   1383.35602799    4.44150054E-03   1.13453222E+21   7.41666113E+04   1.46686634E+05   4.10931284E+06   0.28517715      
  94               3.08267614E+02   2.39103643E+02   1422.77415079    4.76527474E-03   1.21723958E+21   7.43553103E+04   1.46567461E+05   3.62196593E+06   0.28394907      
  95               3.64702046E+02   2.63455734E+02   1462.29950497    5.10867220E-03   1.30495988E+21   7.44480858E+04   1.46583898E+05   3.12840767E+06   0.28258072      
  96               4.31467909E+02   2.90031028E+02   1502.56303290    5.47327735E-03   1.39809796E+21   7.44428400E+04   1.46667602E+05   2.62583308E+06   0.28127857      
  97               5.10456573E+02   3.19061947E+02   1543.22599991    5.86246354E-03   1.49751548E+21   7.40362364E+04   1.47092355E+05   2.11332916E+06   0.27985029      
  98               6.03905660E+02   3.50688672E+02   1584.57935081    6.27541512E-03   1.60300023E+21   7.30632456E+04   1.48024797E+05   1.59190237E+06   0.2784577       
  99               7.14462436E+02   3.84960744E+02   1626.05553685    6.71296155E-03   1.71477408E+21   7.13585887E+04   1.49645904E+05   1.06386788E+06   0.27708707      
  100              8.45258798E+02   4.21849172E+02   1667.80858330    7.17213389E-03   1.83204795E+21   6.88350354E+04   1.52071211E+05   5.32237299E+05   0.27565431      
  101              1.00000000E+03   4.61277696E+02   1709.17654280    7.65178222E-03   1.95479568E+21   6.71965842E+04   1.53641432E+05   0.00000000E+00   0.27420817      
