# ATMO pressure-temperature profile
# Effective temperature = 900.0K
# log(g) = 5.5cm/s^2
# M/H = 0.0
# Optical depth grid in band 17 (1.20-1.33microns)
# All parameters in cgs units
#
# Model Level      Optical Depth    Pressure         Temperature      Density          Number Density   Rad Flux         Conv Flux        Radial Extension Adiabatic Gradient
#                                   [Ba]             [K]              [g/cm^3]         [/cm^3]          [ergs/s/cm^2/sr] [ergs/s/cm^2/sr] [cm]             [K/Ba]          
  1                8.00000000E-07   1.00000000E-05   212.17331351     1.33632212E-09   3.41377647E+14   3.71999535E+07   0.00000000E+00   1.63629850E+06   0.31232634      
  2                9.86413681E-07   3.80681119E-05   242.54892374     4.45003980E-09   1.13680984E+15   3.71999535E+07   0.00000000E+00   1.59990065E+06   0.30708216      
  3                1.21626494E-06   7.16911568E-05   256.62143213     7.92090051E-09   2.02347808E+15   3.71999535E+07   0.00000000E+00   1.58199180E+06   0.30577886      
  4                1.49967547E-06   1.12663601E-04   261.08874732     1.22348140E-08   3.12551302E+15   3.71999535E+07   0.00000000E+00   1.56883028E+06   0.30604062      
  5                1.84912550E-06   1.62753093E-04   270.37521408     1.70672777E-08   4.36001731E+15   3.71999535E+07   0.00000000E+00   1.55786889E+06   0.30538977      
  6                2.28000336E-06   2.24033175E-04   273.54323274     2.32213917E-08   5.93215101E+15   3.71999535E+07   0.00000000E+00   1.54813485E+06   0.30482416      
  7                2.81128314E-06   2.99074273E-04   281.50088044     3.01232039E-08   7.69529259E+15   3.71999535E+07   0.00000000E+00   1.53916253E+06   0.30437671      
  8                3.46636019E-06   3.90991782E-04   284.08709577     3.90227610E-08   9.96877885E+15   3.71999535E+07   0.00000000E+00   1.53068463E+06   0.30396865      
  9                4.27408139E-06   5.03640773E-04   291.36036745     4.90108520E-08   1.25203435E+16   3.71999535E+07   0.00000000E+00   1.52253904E+06   0.30362786      
  10               5.27001545E-06   6.41702518E-04   293.78777610     6.19301139E-08   1.58207060E+16   3.71999536E+07   0.00000000E+00   1.51461446E+06   0.30329852      
  11               6.49801917E-06   8.10935600E-04   300.93375714     7.64042094E-08   1.95182690E+16   3.71999535E+07   0.00000000E+00   1.50683453E+06   0.30300868      
  12               8.01216876E-06   1.01835645E-03   303.47209337     9.51443268E-08   2.43056309E+16   3.71999536E+07   0.00000000E+00   1.49914142E+06   0.30272178      
  13               9.87914110E-06   1.27258839E-03   310.69502992     1.16132948E-07   2.96674003E+16   3.71999534E+07   0.00000000E+00   1.49149319E+06   0.30246912      
  14               1.21811499E-05   1.58414222E-03   313.36156092     1.43334344E-07   3.66162856E+16   3.71999536E+07   0.00000000E+00   1.48385693E+06   0.30221911      
  15               1.50195662E-05   1.96594971E-03   320.72632788     1.73795917E-07   4.43980230E+16   3.71999534E+07   0.00000000E+00   1.47620714E+06   0.30199791      
  16               1.85193820E-05   2.43377048E-03   323.51276786     2.13299574E-07   5.44896518E+16   3.71999536E+07   0.00000000E+00   1.46852354E+06   0.30178725      
  17               2.28347147E-05   3.00692829E-03   331.06950190     2.57516839E-07   6.57854327E+16   3.71999534E+07   0.00000000E+00   1.46079004E+06   0.30158864      
  18               2.81555937E-05   3.70898259E-03   334.10467279     3.14755988E-07   8.04077823E+16   3.71999536E+07   0.00000000E+00   1.45299208E+06   0.30140223      
  19               3.47163285E-05   4.56881513E-03   342.02437112     3.78746162E-07   9.67547671E+16   3.71999534E+07   0.00000000E+00   1.44511704E+06   0.30122734      
  20               4.28058268E-05   5.62152147E-03   345.34140678     4.61537454E-07   1.17904684E+17   3.71999538E+07   0.00000000E+00   1.43715490E+06   0.3010657       
  21               5.27803164E-05   6.91022386E-03   353.64029842     5.54028366E-07   1.41532510E+17   3.71999537E+07   0.00000000E+00   1.42909586E+06   0.3009151       
  22               6.50790328E-05   8.48744473E-03   357.30013869     6.73512278E-07   1.72055918E+17   3.71999542E+07   0.00000000E+00   1.42093091E+06   0.30077313      
  23               8.02435604E-05   1.04174670E-02   366.03435643     8.06941235E-07   2.06141828E+17   3.71999536E+07   0.00000000E+00   1.41265209E+06   0.30059632      
  24               9.89416822E-05   1.27780276E-02   370.08839463     9.78948862E-07   2.50083014E+17   3.71999540E+07   0.00000000E+00   1.40425335E+06   0.30055673      
  25               1.21996786E-04   1.56648482E-02   379.39575937     1.17067191E-06   2.99060847E+17   3.71999533E+07   0.00000000E+00   1.39572584E+06   0.30043781      
  26               1.50424124E-04   1.91936046E-02   383.97809474     1.41726771E-06   3.62056155E+17   3.71999542E+07   0.00000000E+00   1.38706264E+06   0.30028719      
  27               1.85475517E-04   2.35059004E-02   393.92573794     1.69185882E-06   4.32203593E+17   3.71999533E+07   0.00000000E+00   1.37825619E+06   0.30019987      
  28               2.28694484E-04   2.87722907E-02   399.11839877     2.04396895E-06   5.22153905E+17   3.71999549E+07   0.00000000E+00   1.36930061E+06   0.30015431      
  29               2.81984210E-04   3.52035975E-02   409.86994073     2.43524257E-06   6.22109478E+17   3.71999529E+07   0.00000000E+00   1.36018489E+06   0.30007916      
  30               3.47691354E-04   4.30527297E-02   415.86625387     2.93527887E-06   7.49847334E+17   3.71999548E+07   0.00000000E+00   1.35090108E+06   0.29996212      
  31               4.28709385E-04   5.26325108E-02   427.60877080     3.48987138E-06   8.91524583E+17   3.71999516E+07   0.00000000E+00   1.34143596E+06   0.2998574       
  32               5.28606003E-04   6.43199226E-02   434.52507389     4.19693816E-06   1.07215237E+18   3.71999567E+07   0.00000000E+00   1.33177885E+06   0.29977788      
  33               6.51780242E-04   7.85883209E-02   447.46605847     4.97965236E-06   1.27210732E+18   3.71999554E+07   0.00000000E+00   1.32190902E+06   0.29972759      
  34               8.03656185E-04   9.60052863E-02   455.76431295     5.97256465E-06   1.52574049E+18   3.71999700E+07   0.00000000E+00   1.31180966E+06   0.29968946      
  35               9.90921819E-04   1.17291210E-01   470.63247877     7.06637673E-06   1.80513385E+18   3.71999230E+07   0.00000000E+00   1.30144834E+06   0.29963597      
  36               1.22182355E-03   1.43312938E-01   480.98525679     8.44824324E-06   2.15813931E+18   3.71999686E+07   0.00000000E+00   1.29079822E+06   0.29954796      
  37               1.50652933E-03   1.75193042E-01   496.60507613     1.00026674E-05   2.55523907E+18   3.71999463E+07   0.00000000E+00   1.27983145E+06   0.29946885      
  38               1.85757643E-03   2.14297425E-01   508.65805455     1.19459831E-05   3.05152453E+18   3.71999647E+07   0.00000000E+00   1.26851886E+06   0.29940948      
  39               2.29042351E-03   2.62419014E-01   526.35523418     1.41366056E-05   3.61112227E+18   3.71999383E+07   0.00000000E+00   1.25680886E+06   0.29934542      
  40               2.82413135E-03   3.21730640E-01   540.73102622     1.68709156E-05   4.30960011E+18   3.71999767E+07   0.00000000E+00   1.24466384E+06   0.29924003      
  41               3.48220225E-03   3.95177554E-01   561.13368265     1.99687353E-05   5.10095826E+18   3.71999258E+07   0.00000000E+00   1.23200979E+06   0.29910871      
  42               4.29361493E-03   4.86381245E-01   578.60776805     2.38350059E-05   6.08861341E+18   3.71999843E+07   0.00000000E+00   1.21878984E+06   0.29897144      
  43               5.29410063E-03   6.00119662E-01   602.50960996     2.82418383E-05   7.21439168E+18   3.71999197E+07   0.00000000E+00   1.20492694E+06   0.29882647      
  44               6.52771662E-03   7.42121934E-01   623.78342684     3.37332392E-05   8.61722187E+18   3.72000147E+07   0.00000000E+00   1.19037837E+06   0.29858952      
  45               8.04878622E-03   9.19603236E-01   651.82996631     4.00017398E-05   1.02186143E+19   3.71998754E+07   0.00000000E+00   1.17509972E+06   0.29830452      
  46               9.92429106E-03   1.14123590E+00   677.49259546     4.77618278E-05   1.22010361E+19   3.72000537E+07   0.00000000E+00   1.15906526E+06   0.29800052      
  47               1.22368206E-02   1.41693914E+00   709.96430264     5.65875908E-05   1.44557465E+19   3.71998217E+07   0.00000000E+00   1.14229493E+06   0.29765249      
  48               1.50882091E-02   1.75717174E+00   739.76172320     6.73483028E-05   1.72047431E+19   3.72001053E+07   0.00000000E+00   1.12486674E+06   0.29711456      
  49               1.86040198E-02   2.17307704E+00   775.95708810     7.94034469E-05   2.02844510E+19   3.71997816E+07   0.00000000E+00   1.10688167E+06   0.29649052      
  50               2.29390746E-02   2.67785472E+00   809.28184004     9.38188359E-05   2.39669658E+19   3.72001477E+07   0.00000000E+00   1.08838744E+06   0.29578931      
  51               2.82842712E-02   3.28523631E+00   848.69548963     1.09753481E-04   2.80375822E+19   3.71997222E+07   0.00000000E+00   1.06945928E+06   0.2950384       
  52               3.48749902E-02   4.00927639E+00   884.90787514     1.28460710E-04   3.28166145E+19   3.72001858E+07   0.00000000E+00   1.05017655E+06   0.2940736       
  53               4.30014593E-02   4.86603829E+00   926.96727178     1.48837517E-04   3.80221754E+19   3.71995969E+07   0.00000000E+00   1.03058273E+06   0.29303707      
  54               5.30215347E-02   5.87184258E+00   965.83938086     1.72373684E-04   4.40347297E+19   3.72002802E+07   0.00000000E+00   1.01072535E+06   0.29179772      
  55               6.53764590E-02   7.04471182E+00   1010.79803855    1.97607549E-04   5.04806201E+19   3.71994750E+07   0.00000000E+00   9.90629182E+05   0.29055372      
  56               8.06102920E-02   8.40503502E+00   1052.70796686    2.26384426E-04   5.78305679E+19   3.72004605E+07   0.00000000E+00   9.70290709E+05   0.28909501      
  57               9.93938685E-02   9.97915648E+00   1100.51391152    2.57105496E-04   6.56786376E+19   3.71993938E+07   0.00000000E+00   9.49657820E+05   0.28765604      
  58               1.22554340E-01   1.17941555E+01   1144.83626486    2.92101859E-04   7.46189805E+19   3.72006644E+07   0.00000000E+00   9.28714071E+05   0.28597647      
  59               1.51111597E-01   1.38816526E+01   1194.51487389    3.29500791E-04   8.41735122E+19   3.71996526E+07   0.00000000E+00   9.07435998E+05   0.28437951      
  60               1.86323183E-01   1.62800844E+01   1239.96331411    3.72262811E-04   9.50984975E+19   3.72007082E+07   0.00000000E+00   8.85780100E+05   0.28256956      
  61               2.29739671E-01   1.90460231E+01   1289.93660644    4.18629170E-04   1.06945318E+20   3.71989945E+07   0.00000000E+00   8.63623344E+05   0.28093833      
  62               2.83272943E-01   2.22366510E+01   1334.63601573    4.72379584E-04   1.20679188E+20   3.71986280E+07   0.00000000E+00   8.40934181E+05   0.27914117      
  63               3.49280383E-01   2.59083556E+01   1383.43476277    5.30948981E-04   1.35646004E+20   3.71967301E+07   0.00000000E+00   8.17749579E+05   0.27759777      
  64               4.30668686E-01   3.01197509E+01   1426.63020000    5.98549049E-04   1.52920533E+20   3.71975823E+07   0.00000000E+00   7.94125643E+05   0.27583257      
  65               5.31021855E-01   3.49587687E+01   1474.53518157    6.72117266E-04   1.71722352E+20   3.72007273E+07   0.00000000E+00   7.69999467E+05   0.2742667       
  66               6.54759028E-01   4.05191382E+01   1517.31897744    7.57033608E-04   1.93423461E+20   3.72100337E+07   0.00000000E+00   7.45348967E+05   0.27249334      
  67               8.07329079E-01   4.68700802E+01   1565.85503047    8.48516548E-04   2.16805345E+20   3.72206197E+07   0.00000000E+00   7.20290539E+05   0.27094354      
  68               9.95450561E-01   5.40415218E+01   1610.10233210    9.51440880E-04   2.43108381E+20   3.72334284E+07   0.00000000E+00   6.95050618E+05   0.26912494      
  69               1.22740757E+00   6.20227801E+01   1661.30166129    1.05827973E-03   2.70413624E+20   3.72348745E+07   0.00000000E+00   6.69897875E+05   0.26750643      
  70               1.51341452E+00   7.07854667E+01   1709.41810768    1.17431668E-03   2.99931196E+20   3.72366031E+07   0.00000000E+00   6.45038709E+05   0.26557122      
  71               1.86606598E+00   8.03401822E+01   1766.10460714    1.29000494E-03   3.29489993E+20   3.71670856E+07   0.00000000E+00   6.20489676E+05   0.26379177      
  72               2.30089127E+00   9.05844278E+01   1822.06136782    1.40984211E-03   3.60094414E+20   3.52073351E+07   1.99246315E+06   5.96467941E+05   0.26177592      
  73               2.83703828E+00   1.01362766E+02   1876.90205233    1.53180974E-03   3.91167429E+20   3.19331190E+07   5.26665006E+06   5.73273967E+05   0.2602163       
  74               3.49811672E+00   1.12368063E+02   1927.15457983    1.65465267E-03   4.22330243E+20   2.78516381E+07   9.34823952E+06   5.51413363E+05   0.25840321      
  75               4.31323774E+00   1.23089721E+02   1973.49618099    1.77179530E-03   4.51763705E+20   2.36272305E+07   1.35727952E+07   5.31610329E+05   0.25709246      
  76               5.31829590E+00   1.33140059E+02   2013.05473623    1.87873143E-03   4.79047967E+20   2.04971081E+07   1.67030550E+07   5.14190559E+05   0.25543145      
  77               6.55754979E+00   1.44479257E+02   2055.93915714    1.99610250E-03   5.09003867E+20   1.76745335E+07   1.95257915E+07   4.95674033E+05   0.25432352      
  78               8.08557104E+00   1.54346340E+02   2090.16269782    2.09804460E-03   5.34862418E+20   1.43247132E+07   2.28759377E+07   4.80426141E+05   0.2527807       
  79               9.96964736E+00   1.62268847E+02   2117.18095843    2.17752507E-03   5.55140627E+20   1.23418987E+07   2.48591683E+07   4.68704888E+05   0.25184646      
  80               1.22927457E+01   1.71505873E+02   2146.39855220    2.27007939E-03   5.78754619E+20   1.15461602E+07   2.56552843E+07   4.55566854E+05   0.25041483      
  81               1.51571657E+01   1.82216945E+02   2179.55256738    2.37507558E-03   6.05546157E+20   1.08710387E+07   2.63308398E+07   4.40979579E+05   0.24975346      
  82               1.86890445E+01   1.94554730E+02   2215.07097766    2.49502866E-03   6.36179963E+20   9.38588032E+06   2.78159112E+07   4.24952246E+05   0.24869933      
  83               2.30439114E+01   2.03959178E+02   2241.51871765    2.58705144E-03   6.59062683E+20   7.43148228E+06   2.97690410E+07   4.13245114E+05   0.24837322      
  84               2.84135369E+01   2.10838555E+02   2259.73738298    2.65268429E-03   6.75799554E+20   6.45324508E+06   3.07461696E+07   4.04940796E+05   0.24736905      
  85               3.50343769E+01   2.19034811E+02   2281.41035054    2.72954175E-03   6.95401420E+20   6.21064562E+06   3.09887956E+07   3.95308541E+05   0.24695256      
  86               4.31979859E+01   2.28756364E+02   2305.71624616    2.82052931E-03   7.18609848E+20   5.90400479E+06   3.12954640E+07   3.84228899E+05   0.2457116       
  87               5.32638553E+01   2.40234713E+02   2333.79151758    2.92658312E-03   7.45589090E+20   5.60230468E+06   3.15971872E+07   3.71594682E+05   0.24499938      
  88               6.56752445E+01   2.53727858E+02   2364.99191311    3.05002022E-03   7.77077497E+20   5.25985730E+06   3.19396563E+07   3.57312919E+05   0.24349486      
  89               8.09786996E+01   2.69524096E+02   2400.09024900    3.19231892E-03   8.13384449E+20   4.93361711E+06   3.22659133E+07   3.41304454E+05   0.24258164      
  90               9.98481215E+01   2.87942639E+02   2438.69022186    3.35623350E-03   8.55214751E+20   4.57829453E+06   3.26212502E+07   3.23510325E+05   0.24064677      
  91               1.23114441E+02   3.09342337E+02   2481.00918324    3.54383562E-03   9.03102054E+20   4.23184511E+06   3.29677029E+07   3.03888220E+05   0.23945693      
  92               1.51802212E+02   3.34124127E+02   2527.12121052    3.75747209E-03   9.57651743E+20   3.86308956E+06   3.33364523E+07   2.82412436E+05   0.23690093      
  93               1.87174723E+02   3.62758204E+02   2576.42052615    4.00089312E-03   1.01982659E+21   3.51552623E+06   3.36839966E+07   2.59058608E+05   0.23543605      
  94               2.30789634E+02   3.95785869E+02   2629.92307433    4.27566320E-03   1.09004162E+21   3.16794804E+06   3.40315474E+07   2.33806410E+05   0.2328424       
  95               2.84567566E+02   4.33850406E+02   2686.04930145    4.58807246E-03   1.16990842E+21   2.83306937E+06   3.43663887E+07   2.06629164E+05   0.23063227      
  96               3.50876675E+02   4.77715548E+02   2746.55228708    4.93953185E-03   1.25981665E+21   2.51689635E+06   3.46825047E+07   1.77490895E+05   0.22827332      
  97               4.32636941E+02   5.28335409E+02   2809.61835815    5.33888205E-03   1.36203487E+21   2.20991796E+06   3.49894274E+07   1.46319557E+05   0.22585756      
  98               5.33448747E+02   5.86929359E+02   2877.28791999    5.78961096E-03   1.47750293E+21   1.94362054E+06   3.52556946E+07   1.12991800E+05   0.22335929      
  99               6.57751428E+02   6.54784028E+02   2947.55476930    6.30260052E-03   1.60902219E+21   1.71949780E+06   3.54797992E+07   7.74696882E+04   0.22080493      
  100              8.11018759E+02   7.33311457E+02   3022.28769704    6.88083164E-03   1.75743191E+21   1.53444203E+06   3.56648939E+07   3.97606551E+04   0.21796331      
  101              1.00000000E+03   8.23848103E+02   3098.87158295    7.53547206E-03   1.92561476E+21   1.43796481E+06   3.57613927E+07   0.00000000E+00   0.2149532       
