# ATMO pressure-temperature profile
# Effective temperature = 2000.0K
# log(g) = 4.0cm/s^2
# M/H = 0.0
# Optical depth grid in band 17 (1.20-1.33microns)
# All parameters in cgs units
#
# Model Level      Optical Depth    Pressure         Temperature      Density          Number Density   Rad Flux         Conv Flux        Radial Extension Adiabatic Gradient
#                                   [Ba]             [K]              [g/cm^3]         [/cm^3]          [ergs/s/cm^2/sr] [ergs/s/cm^2/sr] [cm]             [K/Ba]          
  1                1.00000000E-06   1.00000000E-05   621.60786456     4.55665029E-10   1.16522378E+14   9.07185166E+08   0.00000000E+00   8.34504385E+07   0.29799243      
  2                1.23026877E-06   1.69671026E-05   663.94527086     7.23784792E-10   1.85097794E+14   9.07185165E+08   0.00000000E+00   8.22372016E+07   0.2976994       
  3                1.51356125E-06   2.59695742E-05   682.19142684     1.07817976E-09   2.75730248E+14   9.07185165E+08   0.00000000E+00   8.12181135E+07   0.29750078      
  4                1.86208714E-06   3.69189859E-05   703.50492010     1.48632510E-09   3.80109273E+14   9.07185165E+08   0.00000000E+00   8.03531673E+07   0.29714524      
  5                2.29086765E-06   5.01982308E-05   714.66745908     1.98937005E-09   5.08756818E+14   9.07185165E+08   0.00000000E+00   7.95809158E+07   0.29696982      
  6                2.81838293E-06   6.62724725E-05   732.56614947     2.56223705E-09   6.55257750E+14   9.07185165E+08   0.00000000E+00   7.88689427E+07   0.29656477      
  7                3.46736850E-06   8.57325703E-05   741.79948125     3.27334912E-09   8.37115066E+14   9.07185165E+08   0.00000000E+00   7.81969892E+07   0.29639027      
  8                4.26579519E-06   1.09272527E-04   758.52006873     4.08019216E-09   1.04344545E+15   9.07185165E+08   0.00000000E+00   7.75528649E+07   0.2965119       
  9                5.24807460E-06   1.37750307E-04   767.08634861     5.08620427E-09   1.30069107E+15   9.07185165E+08   0.00000000E+00   7.69277363E+07   0.29639425      
  10               6.45654229E-06   1.72211065E-04   783.45679510     6.22573724E-09   1.59210549E+15   9.07185165E+08   0.00000000E+00   7.63153398E+07   0.29606439      
  11               7.94328235E-06   2.13932257E-04   791.87821661     7.65178565E-09   1.95678773E+15   9.07185166E+08   0.00000000E+00   7.57108626E+07   0.29593851      
  12               9.77237221E-06   2.64432798E-04   808.28366497     9.26607688E-09   2.36961264E+15   9.07185166E+08   0.00000000E+00   7.51111174E+07   0.29557803      
  13               1.20226443E-05   3.25553024E-04   816.77711570     1.12891869E-08   2.88698158E+15   9.07185166E+08   0.00000000E+00   7.45135241E+07   0.29544084      
  14               1.47910839E-05   3.99494888E-04   833.35345879     1.35776951E-08   3.47222471E+15   9.07185166E+08   0.00000000E+00   7.39162879E+07   0.29504836      
  15               1.81970086E-05   4.88913781E-04   842.01577985     1.64458457E-08   4.20569610E+15   9.07185166E+08   0.00000000E+00   7.33178926E+07   0.29489648      
  16               2.23872114E-05   5.96985946E-04   858.87360391     1.96869609E-08   5.03455038E+15   9.07185167E+08   0.00000000E+00   7.27172772E+07   0.29446745      
  17               2.75422870E-05   7.27525712E-04   867.76638285     2.37459438E-08   6.07255371E+15   9.07185167E+08   0.00000000E+00   7.21135250E+07   0.29430005      
  18               3.38844156E-05   8.85088507E-04   885.01633694     2.83255956E-08   7.24371331E+15   9.07185166E+08   0.00000000E+00   7.15059925E+07   0.29383225      
  19               4.16869383E-05   1.07512979E-03   894.16655912     3.40554155E-08   8.70900038E+15   9.07185167E+08   0.00000000E+00   7.08941138E+07   0.29364778      
  20               5.12861384E-05   1.30415830E-03   911.81513131     4.05104440E-08   1.03597519E+16   9.07185166E+08   0.00000000E+00   7.02775003E+07   0.29314011      
  21               6.30957344E-05   1.57994682E-03   921.21498842     4.85763674E-08   1.24224516E+16   9.07185167E+08   0.00000000E+00   6.96558013E+07   0.29293945      
  22               7.76247117E-05   1.91197010E-03   939.27857978     5.76540807E-08   1.47439048E+16   9.07185167E+08   0.00000000E+00   6.90284063E+07   0.29239205      
  23               9.54992586E-05   2.31176156E-03   948.92513457     6.90008644E-08   1.76456202E+16   9.07185169E+08   0.00000000E+00   6.83945495E+07   0.29217476      
  24               1.17489755E-04   2.79312864E-03   967.49175358     8.17686730E-08   2.09107449E+16   9.07185170E+08   0.00000000E+00   6.77537005E+07   0.29158484      
  25               1.44543977E-04   3.37256863E-03   977.56515384     9.77143698E-08   2.49885424E+16   9.07185174E+08   0.00000000E+00   6.71054606E+07   0.29134605      
  26               1.77827941E-04   4.06974087E-03   996.87926202     1.15629169E-07   2.95699122E+16   9.07185178E+08   0.00000000E+00   6.64495763E+07   0.2907066       
  27               2.18776162E-04   4.90802428E-03   1007.57181064    1.37966600E-07   3.52822712E+16   9.07185187E+08   0.00000000E+00   6.57858788E+07   0.29044022      
  28               2.69153480E-04   5.91516609E-03   1027.76893830    1.63010130E-07   4.16866787E+16   9.07185194E+08   0.00000000E+00   6.51143010E+07   0.28974524      
  29               3.31131121E-04   7.12396179E-03   1039.27927378    1.94147813E-07   4.96495315E+16   9.07185211E+08   0.00000000E+00   6.44348168E+07   0.28944502      
  30               4.07380278E-04   8.57308053E-03   1060.60869878    2.28941636E-07   5.85473925E+16   9.07185225E+08   0.00000000E+00   6.37474709E+07   0.28868774      
  31               5.01187234E-04   1.03079157E-02   1073.11078287    2.72062947E-07   6.95748273E+16   9.07185252E+08   0.00000000E+00   6.30523487E+07   0.28824678      
  32               6.16595002E-04   1.23815499E-02   1095.78119815    3.20032544E-07   8.18421457E+16   9.07185272E+08   0.00000000E+00   6.23495994E+07   0.28704796      
  33               7.58577575E-04   1.48555236E-02   1109.68736779    3.79166813E-07   9.69645893E+16   9.07185311E+08   0.00000000E+00   6.16393959E+07   0.2865557       
  34               9.33254301E-04   1.78012936E-02   1134.13303605    4.44560047E-07   1.13687680E+17   9.07185317E+08   0.00000000E+00   6.09219015E+07   0.28541721      
  35               1.14815362E-03   2.13053828E-02   1149.75740117    5.24838869E-07   1.34217445E+17   9.07185358E+08   0.00000000E+00   6.01964691E+07   0.28494707      
  36               1.41253754E-03   2.54697601E-02   1176.39077946    6.13219529E-07   1.56819145E+17   9.07185323E+08   0.00000000E+00   5.94624132E+07   0.28398041      
  37               1.73780083E-03   3.04114606E-02   1194.44069389    7.21133044E-07   1.84415970E+17   9.07185325E+08   0.00000000E+00   5.87192901E+07   0.28364969      
  38               2.13796209E-03   3.62644914E-02   1223.93192793    8.39202980E-07   2.14610105E+17   9.07185175E+08   0.00000000E+00   5.79669059E+07   0.28284984      
  39               2.63026799E-03   4.31792926E-02   1244.97913143    9.82327071E-07   2.51211369E+17   9.07185066E+08   0.00000000E+00   5.72053213E+07   0.28237552      
  40               3.23593657E-03   5.13216337E-02   1278.02313008    1.13737994E-06   2.90862410E+17   9.07184660E+08   0.00000000E+00   5.64350056E+07   0.2812717       
  41               3.98107171E-03   6.08713458E-02   1303.06740043    1.32309182E-06   3.38354427E+17   9.07184355E+08   0.00000000E+00   5.56565343E+07   0.28041294      
  42               4.89778819E-03   7.19966303E-02   1340.59625771    1.52114364E-06   3.88991406E+17   9.07183591E+08   0.00000000E+00   5.48723225E+07   0.27885747      
  43               6.02559586E-03   8.48628625E-02   1370.46588510    1.75393363E-06   4.48513260E+17   9.07183147E+08   0.00000000E+00   5.40846225E+07   0.27787715      
  44               7.41310241E-03   9.96008219E-02   1413.29641656    1.99625993E-06   5.10452698E+17   9.07182382E+08   0.00000000E+00   5.32969852E+07   0.27631647      
  45               9.12010839E-03   1.15822778E-01   1449.06732662    2.26511259E-06   5.78936926E+17   9.07182396E+08   0.00000000E+00   5.25340623E+07   0.27492063      
  46               1.12201845E-02   1.33463357E-01   1498.91108074    2.52341055E-06   6.44929162E+17   9.07180971E+08   0.00000000E+00   5.17961981E+07   0.27253193      
  47               1.38038426E-02   1.51917446E-01   1552.46850965    2.77443798E-06   7.08778754E+17   9.05760465E+08   1.41000148E+06   5.10987121E+07   0.26996881      
  48               1.69824365E-02   1.69103281E-01   1597.82380777    3.00308200E-06   7.66564999E+17   9.02970532E+08   4.22648293E+06   5.05032863E+07   0.26779826      
  49               2.08929613E-02   1.84682156E-01   1635.84188750    3.20651053E-06   8.17729096E+17   8.99773178E+08   7.36877887E+06   5.00012169E+07   0.26607808      
  50               2.57039578E-02   1.99185352E-01   1668.98978455    3.38941421E-06   8.64429459E+17   8.96748458E+08   1.02947112E+07   4.95612850E+07   0.26437517      
  51               3.16227766E-02   2.12832048E-01   1698.38185120    3.56192691E-06   9.07669044E+17   8.93858535E+08   1.31211123E+07   4.91684844E+07   0.2628214       
  52               3.89045145E-02   2.24763775E-01   1722.85476662    3.70806398E-06   9.44938378E+17   8.91272471E+08   1.56632336E+07   4.88401718E+07   0.26134765      
  53               4.78630092E-02   2.38548376E-01   1749.79621555    3.87472221E-06   9.87449356E+17   8.88128427E+08   1.88141895E+07   4.84765075E+07   0.25961552      
  54               5.88843655E-02   2.54366053E-01   1779.11703328    4.06333609E-06   1.03557241E+18   8.84246832E+08   2.27074153E+07   4.80778668E+07   0.25757333      
  55               7.24435960E-02   2.72362916E-01   1810.60299760    4.27486579E-06   1.08955857E+18   8.79461301E+08   2.75295793E+07   4.76460544E+07   0.25526289      
  56               8.91250938E-02   2.92587782E-01   1843.87528749    4.50903582E-06   1.14934519E+18   8.73733654E+08   3.32973346E+07   4.71853911E+07   0.2527075       
  57               1.09647820E-01   3.15059435E-01   1878.51329377    4.76527751E-06   1.21479797E+18   8.67278161E+08   3.97075956E+07   4.67006047E+07   0.24978191      
  58               1.34896288E-01   3.40266495E-01   1914.77387370    5.04833833E-06   1.28714518E+18   8.60029353E+08   4.69141487E+07   4.61866729E+07   0.24647552      
  59               1.65958691E-01   3.68870200E-01   1953.00590758    5.36458220E-06   1.36803073E+18   8.51347889E+08   5.56194612E+07   4.56370279E+07   0.24278238      
  60               2.04173794E-01   4.01244724E-01   1993.01075311    5.71693184E-06   1.45822834E+18   8.40668147E+08   6.63281449E+07   4.50524309E+07   0.23859417      
  61               2.51188643E-01   4.37812918E-01   2034.56149976    6.10874944E-06   1.55863200E+18   8.27493628E+08   7.95335054E+07   4.44336325E+07   0.23384041      
  62               3.09029543E-01   4.79058249E-01   2077.41702092    6.54394224E-06   1.67028460E+18   8.11360349E+08   9.56915021E+07   4.37812790E+07   0.22870274      
  63               3.80189396E-01   5.25532831E-01   2121.40572243    7.02675588E-06   1.79432850E+18   7.91826531E+08   1.15244963E+08   4.30959120E+07   0.2232542       
  64               4.67735141E-01   5.77861605E-01   2166.30519427    7.56215157E-06   1.93210195E+18   7.68485680E+08   1.38605697E+08   4.23780414E+07   0.21756807      
  65               5.75439937E-01   6.36750319E-01   2211.96497519    8.15544323E-06   2.08505140E+18   7.40981909E+08   1.66126627E+08   4.16281607E+07   0.21166391      
  66               7.07945784E-01   7.02994409E-01   2258.16131957    8.81287377E-06   2.25487643E+18   7.09038160E+08   1.98085277E+08   4.08467631E+07   0.20553331      
  67               8.70963590E-01   7.77488973E-01   2304.73272479    9.54117002E-06   2.44342779E+18   6.72440736E+08   2.34698715E+08   4.00343567E+07   0.19910122      
  68               1.07151931E+00   8.61095437E-01   2351.32992420    1.03481061E-05   2.65254986E+18   6.31255690E+08   2.75898018E+08   3.91929038E+07   0.19278254      
  69               1.31825674E+00   9.54936414E-01   2398.00697801    1.12392737E-05   2.88436257E+18   5.86211907E+08   3.20951052E+08   3.83227365E+07   0.18684393      
  70               1.62181010E+00   1.06041195E+00   2444.70783336    1.22261690E-05   3.14176349E+18   5.37990603E+08   3.69178969E+08   3.74229327E+07   0.18098636      
  71               1.99526231E+00   1.17889708E+00   2491.31853273    1.33184978E-05   3.42746061E+18   4.87065955E+08   4.20107227E+08   3.64943898E+07   0.17547776      
  72               2.45470892E+00   1.31190060E+00   2537.83754996    1.45260651E-05   3.74423372E+18   4.34168116E+08   4.72976824E+08   3.55381364E+07   0.17040655      
  73               3.01995172E+00   1.46111933E+00   2584.22628415    1.58600770E-05   4.09525534E+18   3.80651751E+08   5.26427490E+08   3.45550119E+07   0.16545299      
  74               3.71535229E+00   1.62840840E+00   2630.33362653    1.73333872E-05   4.48413145E+18   3.28188864E+08   5.78799558E+08   3.35460256E+07   0.16089111      
  75               4.57088190E+00   1.81577556E+00   2676.27923432    1.89575740E-05   4.91424249E+18   2.78477835E+08   6.28402909E+08   3.25123777E+07   0.15676192      
  76               5.62341325E+00   2.02539382E+00   2721.94405785    2.07467066E-05   5.38959491E+18   2.33017113E+08   6.73758739E+08   3.14553765E+07   0.15285313      
  77               6.91830971E+00   2.25961251E+00   2767.34336401    2.27145977E-05   5.91421027E+18   1.93077904E+08   7.13618745E+08   3.03764129E+07   0.14922588      
  78               8.51138038E+00   2.52096473E+00   2812.40677340    2.48766713E-05   6.49253761E+18   1.59414159E+08   7.47237424E+08   2.92769268E+07   0.14601302      
  79               1.04712855E+01   2.81216877E+00   2857.25045679    2.72470891E-05   7.12884069E+18   1.31975837E+08   7.74649327E+08   2.81583821E+07   0.14317498      
  80               1.28824955E+01   3.13614477E+00   2901.79864354    2.98428115E-05   7.82806942E+18   1.09981758E+08   7.96653164E+08   2.70222080E+07   0.14059121      
  81               1.58489319E+01   3.49605095E+00   2946.11890418    3.26801457E-05   8.59514727E+18   9.23939714E+07   8.14286707E+08   2.58697124E+07   0.13826         
  82               1.94984460E+01   3.89533341E+00   2990.15909582    3.57783612E-05   9.43574464E+18   7.81967910E+07   8.28559803E+08   2.47019902E+07   0.13619725      
  83               2.39883292E+01   4.33772954E+00   3034.02425285    3.91556576E-05   1.03554568E+19   6.65080477E+07   8.40348365E+08   2.35199964E+07   0.1343217       
  84               2.95120923E+01   4.82709629E+00   3077.60985014    4.28331998E-05   1.13605207E+19   5.66874385E+07   8.50299215E+08   2.23250238E+07   0.13261655      
  85               3.63078055E+01   5.36761073E+00   3121.01716445    4.68300844E-05   1.24569206E+19   4.83802301E+07   8.58748716E+08   2.11181402E+07   0.13110189      
  86               4.46683592E+01   5.96390984E+00   3164.18281845    5.11709728E-05   1.36519705E+19   4.13246519E+07   8.65947064E+08   1.98999915E+07   0.1298128       
  87               5.49540874E+01   6.62113664E+00   3207.26700060    5.58783081E-05   1.49528258E+19   3.53214430E+07   8.72072461E+08   1.86708778E+07   0.12870781      
  88               6.76082975E+01   7.34501137E+00   3250.20252742    6.09824087E-05   1.63684625E+19   3.02034521E+07   8.77307791E+08   1.74307985E+07   0.127739        
  89               8.31763771E+01   8.14194596E+00   3293.14450869    6.65115181E-05   1.79078425E+19   2.58551592E+07   8.81764053E+08   1.61794399E+07   0.12688216      
  90               1.02329299E+02   9.01909410E+00   3336.02558810    7.25033201E-05   1.95821054E+19   2.21423898E+07   8.85570801E+08   1.49162894E+07   0.12614451      
  91               1.25892541E+02   9.98442227E+00   3379.02130242    7.89919039E-05   2.14021720E+19   1.89670856E+07   8.88808302E+08   1.36406905E+07   0.12551562      
  92               1.54881662E+02   1.10468026E+01   3422.06322861    8.60230073E-05   2.33816095E+19   1.62370823E+07   8.91584905E+08   1.23518754E+07   0.12499285      
  93               1.90546072E+02   1.22161180E+01   3465.33552216    9.36377170E-05   2.55337009E+19   1.38917747E+07   8.93962009E+08   1.10489845E+07   0.12456166      
  94               2.34422882E+02   1.35033793E+01   3508.76223400    1.01891537E-04   2.78749673E+19   1.18721960E+07   8.95996590E+08   9.73108827E+06   0.12423463      
  95               2.88403150E+02   1.49208442E+01   3552.54397026    1.10833345E-04   3.04214404E+19   1.01451168E+07   8.97716161E+08   8.39720766E+06   0.12400524      
  96               3.54813389E+02   1.64821478E+01   3596.59986529    1.20529743E-04   3.31930775E+19   8.66948811E+06   8.99152256E+08   7.04633673E+06   0.12387485      
  97               4.36515832E+02   1.82024593E+01   3641.13738836    1.31038822E-04   3.62091927E+19   7.40918515E+06   9.00356437E+08   5.67744578E+06   0.12381609      
  98               5.37031796E+02   2.00986820E+01   3686.05495387    1.42441332E-04   3.94940446E+19   6.32742590E+06   9.01363825E+08   4.28947555E+06   0.12383078      
  99               6.60693448E+02   2.21896675E+01   3731.56794358    1.54806825E-04   4.30710323E+19   5.40124563E+06   9.02196657E+08   2.88133215E+06   0.12390549      
  100              8.12830516E+02   2.44964568E+01   3777.56386051    1.68232997E-04   4.69696471E+19   4.60641398E+06   9.02869711E+08   1.45189126E+06   0.1240574       
  101              1.00000000E+03   2.70425343E+01   3824.27762572    1.82802444E-04   5.12181415E+19   4.24449567E+06   9.03184530E+08   0.00000000E+00   0.12427065      
