# ATMO pressure-temperature profile
# Effective temperature = 1500.0K
# log(g) = 3.5cm/s^2
# M/H = 0.0
# Optical depth grid in band 17 (1.20-1.33microns)
# All parameters in cgs units
#
# Model Level      Optical Depth    Pressure         Temperature      Density          Number Density   Rad Flux         Conv Flux        Radial Extension Adiabatic Gradient
#                                   [Ba]             [K]              [g/cm^3]         [/cm^3]          [ergs/s/cm^2/sr] [ergs/s/cm^2/sr] [cm]             [K/Ba]          
  1                3.00000000E-06   1.00000000E-05   559.81589741     5.06335950E-10   1.29384012E+14   2.87038474E+08   0.00000000E+00   2.14458764E+08   0.2978706       
  2                3.65048058E-06   1.24957627E-05   591.60800756     5.98469331E-10   1.52987013E+14   2.87038474E+08   0.00000000E+00   2.13024352E+08   0.29797562      
  3                4.44200282E-06   1.67913870E-05   616.11268437     7.72063911E-10   1.97402324E+14   2.87038474E+08   0.00000000E+00   2.11025718E+08   0.29798269      
  4                5.40514834E-06   2.29632860E-05   628.56188108     1.03490295E-09   2.64613401E+14   2.87038474E+08   0.00000000E+00   2.08842265E+08   0.29794955      
  5                6.57712968E-06   3.09891606E-05   644.43091948     1.36214876E-09   3.48304659E+14   2.87038474E+08   0.00000000E+00   2.06704622E+08   0.29785048      
  6                8.00322805E-06   4.11071505E-05   653.18142708     1.78268829E-09   4.55836803E+14   2.87038474E+08   0.00000000E+00   2.04651360E+08   0.29780275      
  7                9.73854285E-06   5.36198063E-05   666.62106090     2.27837747E-09   5.82602105E+14   2.87038474E+08   0.00000000E+00   2.02687997E+08   0.29765006      
  8                1.18501205E-05   6.89914946E-05   673.86953040     2.90002927E-09   7.41558766E+14   2.87038474E+08   0.00000000E+00   2.00796927E+08   0.2975983       
  9                1.44195449E-05   8.77594844E-05   686.36559100     3.62169631E-09   9.26113893E+14   2.87038474E+08   0.00000000E+00   1.98965618E+08   0.29740004      
  10               1.75460896E-05   1.10647348E-04   693.05934859     4.52217602E-09   1.15636895E+15   2.87038474E+08   0.00000000E+00   1.97177172E+08   0.29756613      
  11               2.13505531E-05   1.38476966E-04   705.22896707     5.56181721E-09   1.42224114E+15   2.87038474E+08   0.00000000E+00   1.95422379E+08   0.29736386      
  12               2.59799264E-05   1.72293432E-04   711.64132703     6.85772858E-09   1.75361156E+15   2.87038474E+08   0.00000000E+00   1.93690850E+08   0.29732122      
  13               3.16130723E-05   2.13277168E-04   723.62490879     8.34828712E-09   2.13479756E+15   2.87038474E+08   0.00000000E+00   1.91977984E+08   0.29710353      
  14               3.84676354E-05   2.62910039E-04   729.84192110     1.02034809E-08   2.60918099E+15   2.87038474E+08   0.00000000E+00   1.90277405E+08   0.29706085      
  15               4.68084520E-05   3.22885497E-04   741.74940300     1.23298080E-08   3.15295065E+15   2.87038474E+08   0.00000000E+00   1.88586490E+08   0.29682647      
  16               5.69577817E-05   3.95314122E-04   747.86864799     1.49721946E-08   3.82862509E+15   2.87038474E+08   0.00000000E+00   1.86900754E+08   0.2967822       
  17               6.93077586E-05   4.82631627E-04   759.81864609     1.79916280E-08   4.60078216E+15   2.87038474E+08   0.00000000E+00   1.85218375E+08   0.29652762      
  18               8.43355422E-05   5.87881714E-04   765.92124275     2.17407202E-08   5.55944805E+15   2.87038474E+08   0.00000000E+00   1.83535506E+08   0.29648132      
  19               1.02621753E-04   7.14609524E-04   777.99046451     2.60171797E-08   6.65304354E+15   2.87038474E+08   0.00000000E+00   1.81850485E+08   0.29620695      
  20               1.24872905E-04   8.67180803E-04   784.13995454     3.13245743E-08   8.01017329E+15   2.87038474E+08   0.00000000E+00   1.80160432E+08   0.29615765      
  21               1.51948705E-04   1.05068522E-03   796.40937167     3.73684331E-08   9.55569108E+15   2.87038474E+08   0.00000000E+00   1.78464330E+08   0.29585882      
  22               1.84895266E-04   1.27134913E-03   802.65423030     4.48650555E-08   1.14726085E+16   2.87038474E+08   0.00000000E+00   1.76760113E+08   0.29580546      
  23               2.24985526E-04   1.53643977E-03   815.19138975     5.33867115E-08   1.36515447E+16   2.87038474E+08   0.00000000E+00   1.75047242E+08   0.29548188      
  24               2.73768430E-04   1.85489939E-03   821.65321224     6.39458650E-08   1.63515016E+16   2.87038474E+08   0.00000000E+00   1.73323661E+08   0.29542229      
  25               3.33128779E-04   2.23726818E-03   834.58920174     7.59315140E-08   1.94165079E+16   2.87038474E+08   0.00000000E+00   1.71588397E+08   0.29506912      
  26               4.05360046E-04   2.69638901E-03   841.36727698     9.07772466E-08   2.32125457E+16   2.87038474E+08   0.00000000E+00   1.69839648E+08   0.2950003       
  27               4.93252992E-04   3.24743041E-03   854.87204149     1.07600660E-07   2.75146871E+16   2.87038474E+08   0.00000000E+00   1.68076501E+08   0.29461169      
  28               6.00203489E-04   3.90908375E-03   862.18987794     1.28425481E-07   3.28396027E+16   2.87038474E+08   0.00000000E+00   1.66296593E+08   0.29452785      
  29               7.30343727E-04   4.70318079E-03   876.38773496     1.52009468E-07   3.88705980E+16   2.87038474E+08   0.00000000E+00   1.64499324E+08   0.29410006      
  30               8.88701864E-04   5.65643212E-03   884.29095411     1.81186261E-07   4.63311667E+16   2.87038474E+08   0.00000000E+00   1.62682932E+08   0.29399871      
  31               1.08139630E-03   6.80023495E-03   899.35385634     2.14174243E-07   5.47670258E+16   2.87038474E+08   0.00000000E+00   1.60846795E+08   0.29352355      
  32               1.31587206E-03   8.17349436E-03   908.14347410     2.54934892E-07   6.51897237E+16   2.87038474E+08   0.00000000E+00   1.58988330E+08   0.29339526      
  33               1.60118847E-03   9.82132203E-03   924.27663383     3.00981608E-07   7.69650963E+16   2.87038474E+08   0.00000000E+00   1.57107162E+08   0.29285173      
  34               1.94836913E-03   1.18003953E-02   934.15065447     3.57810483E-07   9.14967089E+16   2.87038474E+08   0.00000000E+00   1.55200098E+08   0.29294553      
  35               2.37082789E-03   1.41780610E-02   951.75158081     4.21951504E-07   1.07899411E+17   2.87038474E+08   0.00000000E+00   1.53265043E+08   0.2924183       
  36               2.88488706E-03   1.70382674E-02   963.11790134     5.01090301E-07   1.28136192E+17   2.87038474E+08   0.00000000E+00   1.51298026E+08   0.29217094      
  37               3.51040806E-03   2.04771496E-02   982.37803861     5.90414262E-07   1.50979053E+17   2.87038474E+08   0.00000000E+00   1.49298711E+08   0.29147843      
  38               4.27155881E-03   2.46136256E-02   995.42831723     7.00376697E-07   1.79098289E+17   2.87038474E+08   0.00000000E+00   1.47264545E+08   0.29116167      
  39               5.19774750E-03   2.95839001E-02   1016.86992841    8.24047372E-07   2.10724903E+17   2.87038475E+08   0.00000000E+00   1.45195648E+08   0.29028487      
  40               6.32475876E-03   3.55552149E-02   1032.21478961    9.75651836E-07   2.49493405E+17   2.87038474E+08   0.00000000E+00   1.43089706E+08   0.28983797      
  41               7.69613634E-03   4.27114391E-02   1056.24210824    1.14535138E-06   2.92891364E+17   2.87038475E+08   0.00000000E+00   1.40948948E+08   0.2888404       
  42               9.36486541E-03   5.12732171E-02   1074.43869454    1.35165533E-06   3.45648572E+17   2.87038474E+08   0.00000000E+00   1.38772934E+08   0.2883863       
  43               1.13954198E-02   6.14760140E-02   1101.96343199    1.58012822E-06   4.04077210E+17   2.87038476E+08   0.00000000E+00   1.36565232E+08   0.28738277      
  44               1.38662528E-02   7.35898546E-02   1123.71594947    1.85487225E-06   4.74337259E+17   2.87038474E+08   0.00000000E+00   1.34327651E+08   0.28683911      
  45               1.68728289E-02   8.78988887E-02   1155.08345058    2.15536124E-06   5.51183061E+17   2.87038477E+08   0.00000000E+00   1.32064604E+08   0.28567232      
  46               2.05313114E-02   1.04747632E-01   1181.08554715    2.51195428E-06   6.42375097E+17   2.87038472E+08   0.00000000E+00   1.29774782E+08   0.28495161      
  47               2.49830512E-02   1.24484700E-01   1217.25898586    2.89654313E-06   7.40728114E+17   2.87038479E+08   0.00000000E+00   1.27460922E+08   0.28356156      
  48               3.04000477E-02   1.47483656E-01   1248.17672719    3.34667772E-06   8.55842113E+17   2.87038471E+08   0.00000000E+00   1.25124984E+08   0.28258723      
  49               3.69915946E-02   1.74097289E-01   1289.47455923    3.82405719E-06   9.77923919E+17   2.87038481E+08   0.00000000E+00   1.22772453E+08   0.28071298      
  50               4.50123658E-02   2.04669515E-01   1325.50249251    4.37338637E-06   1.11840333E+18   2.87038468E+08   0.00000000E+00   1.20408405E+08   0.2793755       
  51               5.47722558E-02   2.39480025E-01   1372.16174514    4.94326804E-06   1.26412444E+18   2.87038492E+08   0.00000000E+00   1.18040875E+08   0.27776121      
  52               6.66483519E-02   2.78705636E-01   1413.64563117    5.58433026E-06   1.42800930E+18   2.87038437E+08   0.00000000E+00   1.15679965E+08   0.27662767      
  53               8.10995048E-02   3.22300263E-01   1466.87250730    6.22421673E-06   1.59145415E+18   2.87038491E+08   0.00000000E+00   1.13341593E+08   0.27436972      
  54               9.86840557E-02   3.68188693E-01   1521.72478738    6.85699066E-06   1.75250866E+18   2.84598893E+08   2.44316630E+06   1.11120243E+08   0.27225791      
  55               1.20081410E-01   4.15136411E-01   1571.53584222    7.48739742E-06   1.91334099E+18   2.79850779E+08   7.19493585E+06   1.09048249E+08   0.26981991      
  56               1.46118284E-01   4.61567115E-01   1617.43595272    8.09338457E-06   2.06696730E+18   2.73206679E+08   1.38496489E+07   1.07162002E+08   0.26809275      
  57               1.77800653E-01   5.02472983E-01   1654.09395621    8.62531295E-06   2.20028217E+18   2.65881214E+08   2.11899772E+07   1.05613650E+08   0.26623903      
  58               2.16352610E-01   5.38517921E-01   1685.23711517    9.07611980E-06   2.31454157E+18   2.59372206E+08   2.76484217E+07   1.04325315E+08   0.26499455      
  59               2.63263667E-01   5.71384525E-01   1711.41718856    9.48255317E-06   2.41823456E+18   2.53909308E+08   3.31283299E+07   1.03204994E+08   0.26319884      
  60               3.20346302E-01   6.09038188E-01   1740.73432953    9.93660322E-06   2.53418240E+18   2.47837090E+08   3.93813799E+07   1.01978329E+08   0.26231776      
  61               3.89805984E-01   6.41935822E-01   1764.51160507    1.03406455E-05   2.63507470E+18   2.42281908E+08   4.48536322E+07   1.00951927E+08   0.26101593      
  62               4.74326391E-01   6.69037830E-01   1783.97095119    1.06594090E-05   2.71636882E+18   2.37573078E+08   4.93950225E+07   1.00135606E+08   0.26031727      
  63               5.77173093E-01   7.00357768E-01   1804.99468003    1.10281248E-05   2.81041117E+18   2.32274380E+08   5.47003450E+07   9.92221160E+07   0.25873099      
  64               7.02319722E-01   7.36339003E-01   1828.78471242    1.14434386E-05   2.91635953E+18   2.26191497E+08   6.07898373E+07   9.82092609E+07   0.25768351      
  65               8.54601502E-01   7.77392486E-01   1854.21190274    1.19152256E-05   3.03673443E+18   2.19093984E+08   6.78942709E+07   9.70974754E+07   0.25578085      
  66               1.03990206E+00   8.23845297E-01   1882.09755700    1.24393983E-05   3.17051181E+18   2.10915590E+08   7.60789546E+07   9.58908797E+07   0.25398134      
  67               1.26538076E+00   8.75822714E-01   1911.24180389    1.30216402E-05   3.31914639E+18   2.01883017E+08   8.51163131E+07   9.45994140E+07   0.25192824      
  68               1.53974930E+00   9.34063610E-01   1942.61443763    1.36620219E-05   3.48269691E+18   1.92642238E+08   9.43618261E+07   9.32185892E+07   0.24971851      
  69               1.87360830E+00   9.99989643E-01   1975.61060142    1.43803662E-05   3.66623242E+18   1.83198250E+08   1.03811534E+08   9.17312310E+07   0.24714922      
  70               2.27985690E+00   1.07438617E+00   2011.02207609    1.51759809E-05   3.86962974E+18   1.73216552E+08   1.13798756E+08   9.01386895E+07   0.24425756      
  71               2.77419111E+00   1.15812140E+00   2047.77731923    1.60623117E-05   4.09635134E+18   1.62616001E+08   1.24404265E+08   8.84426829E+07   0.24097992      
  72               3.37571026E+00   1.25216239E+00   2086.65283598    1.70392886E-05   4.34646610E+18   1.51440653E+08   1.35583578E+08   8.66450970E+07   0.23746471      
  73               4.10765492E+00   1.35758520E+00   2126.56770900    1.81223059E-05   4.62395628E+18   1.39754837E+08   1.47272523E+08   8.47479337E+07   0.23356562      
  74               4.99830483E+00   1.47559618E+00   2168.27060281    1.93124666E-05   4.92923905E+18   1.27719200E+08   1.59310495E+08   8.27531307E+07   0.22951964      
  75               6.08207157E+00   1.60754166E+00   2210.71790625    2.06273854E-05   5.26689605E+18   1.15470405E+08   1.71560717E+08   8.06625968E+07   0.22509941      
  76               7.40082804E+00   1.75493458E+00   2254.60483343    2.20700257E-05   5.63788660E+18   1.03269578E+08   1.83762234E+08   7.84780695E+07   0.22048584      
  77               9.00552635E+00   1.91947294E+00   2298.91769593    2.36610270E-05   6.04761883E+18   9.12336482E+07   1.95798416E+08   7.62011176E+07   0.21538216      
  78               1.09581663E+01   2.10283804E+00   2344.20581090    2.54068559E-05   6.49734497E+18   7.97402097E+07   2.07291490E+08   7.38360564E+07   0.21035971      
  79               1.33341911E+01   2.30712381E+00   2389.66324550    2.73248665E-05   6.99294380E+18   6.91836334E+07   2.17847325E+08   7.13842298E+07   0.2051465       
  80               1.62254019E+01   2.53488004E+00   2435.85404527    2.94282957E-05   7.53758094E+18   5.98188061E+07   2.27211276E+08   6.88443363E+07   0.20012769      
  81               1.97435049E+01   2.78864674E+00   2482.09805956    3.17412590E-05   8.13767622E+18   5.14027171E+07   2.35626513E+08   6.62186232E+07   0.19494517      
  82               2.40244270E+01   3.07127229E+00   2528.76737423    3.42766377E-05   8.79701397E+18   4.40546285E+07   2.42973432E+08   6.35090047E+07   0.19011988      
  83               2.92335681E+01   3.38588318E+00   2575.42167301    3.70598435E-05   9.52246671E+18   3.77323949E+07   2.49294236E+08   6.07175465E+07   0.18521668      
  84               3.55721908E+01   3.73595301E+00   2622.24740954    4.01094600E-05   1.03193794E+19   3.23799732E+07   2.54645295E+08   5.78461826E+07   0.18054801      
  85               4.32851972E+01   4.12529221E+00   2668.95842617    4.34533162E-05   1.11953776E+19   2.78290431E+07   2.59195035E+08   5.48969959E+07   0.1762038       
  86               5.26705906E+01   4.55799230E+00   2715.80084467    4.71111568E-05   1.21563028E+19   2.39213772E+07   2.63101993E+08   5.18727087E+07   0.17195355      
  87               6.40909893E+01   5.03844704E+00   2762.35405996    5.11163059E-05   1.32112282E+19   2.05527588E+07   2.66470751E+08   4.87765704E+07   0.16793564      
  88               7.79876373E+01   5.57134849E+00   2808.95023640    5.54884080E-05   1.43662070E+19   1.76751469E+07   2.69349388E+08   4.56122841E+07   0.16426477      
  89               9.48974517E+01   6.16167853E+00   2855.22589860    6.02626488E-05   1.56309150E+19   1.52022395E+07   2.71823901E+08   4.23839436E+07   0.16096539      
  90               1.15473768E+02   6.81472292E+00   2901.55118770    6.54581032E-05   1.70115469E+19   1.30804340E+07   2.73948200E+08   3.90958304E+07   0.15786378      
  91               1.40511583E+02   7.53615484E+00   2947.46830033    7.11162039E-05   1.85193828E+19   1.12602239E+07   2.75771920E+08   3.57520398E+07   0.15503269      
  92               1.70978268E+02   8.33212204E+00   2993.42795508    7.72561688E-05   2.01610270E+19   9.71445575E+06   2.77322447E+08   3.23561459E+07   0.15245238      
  93               2.08050949E+02   9.20916903E+00   3038.96760477    8.39251294E-05   2.19492767E+19   8.37827116E+06   2.78664902E+08   2.89116962E+07   0.15006471      
  94               2.53161982E+02   1.01738709E+01   3084.51274735    9.11402231E-05   2.38905139E+19   7.22463569E+06   2.79825964E+08   2.54234941E+07   0.14783829      
  95               3.08054300E+02   1.12332710E+01   3129.57054720    9.89523297E-05   2.59984424E+19   6.22299123E+06   2.80835521E+08   2.18957163E+07   0.14586067      
  96               3.74848746E+02   1.23950953E+01   3174.66744933    1.07378032E-04   2.82798741E+19   5.36180704E+06   2.81704663E+08   1.83313774E+07   0.14411695      
  97               4.56126023E+02   1.36678349E+01   3219.32269865    1.16478214E-04   3.07511280E+19   4.61347943E+06   2.82460735E+08   1.47324891E+07   0.1425648       
  98               5.55026396E+02   1.50608789E+01   3264.08197275    1.26273511E-04   3.34206659E+19   3.97196181E+06   2.83109868E+08   1.11000757E+07   0.14114529      
  99               6.75371026E+02   1.65846506E+01   3308.44003886    1.36839462E-04   3.63085493E+19   3.41981279E+06   2.83669333E+08   7.43429371E+06   0.13989664      
  100              8.21809604E+02   1.82506869E+01   3353.00315794    1.48199863E-04   3.94249446E+19   2.94781964E+06   2.84148061E+08   3.73461961E+06   0.13878725      
  101              1.00000000E+03   2.00717591E+01   3397.24752775    1.60446508E-04   4.27941185E+19   2.71918106E+06   2.84382680E+08   0.00000000E+00   0.13781467      
