# ATMO pressure-temperature profile
# Effective temperature = 900.0K
# log(g) = 4.5cm/s^2
# M/H = 0.0
# Optical depth grid in band 17 (1.20-1.33microns)
# All parameters in cgs units
#
# Model Level      Optical Depth    Pressure         Temperature      Density          Number Density   Rad Flux         Conv Flux        Radial Extension Adiabatic Gradient
#                                   [Ba]             [K]              [g/cm^3]         [/cm^3]          [ergs/s/cm^2/sr] [ergs/s/cm^2/sr] [cm]             [K/Ba]          
  1                5.00000000E-05   1.00000000E-05   264.04816939     1.07378046E-09   2.74310656E+14   3.72000122E+07   0.00000000E+00   1.57331807E+07   0.30454285      
  2                5.91534807E-05   1.43855946E-04   302.48625324     1.34840699E-08   3.44467311E+15   3.72000122E+07   0.00000000E+00   1.46207591E+07   0.30293886      
  3                6.99826855E-05   2.99402081E-04   322.25893247     2.63418199E-08   6.72938987E+15   3.72000122E+07   0.00000000E+00   1.43597670E+07   0.30178203      
  4                8.27943887E-05   4.84010584E-04   332.00324900     4.13340737E-08   1.05593787E+16   3.72000122E+07   0.00000000E+00   1.41828478E+07   0.30153011      
  5                9.79515255E-05   7.04017789E-04   344.49279327     5.79423972E-08   1.48023044E+16   3.72000122E+07   0.00000000E+00   1.40406852E+07   0.30103585      
  6                1.15883473E-04   9.66035034E-04   351.21174292     7.79860755E-08   1.99227685E+16   3.72000121E+07   0.00000000E+00   1.39174249E+07   0.30093479      
  7                1.37098216E-04   1.27828320E-03   361.51545387     1.00251518E-07   2.56109715E+16   3.72000123E+07   0.00000000E+00   1.38057524E+07   0.30063137      
  8                1.62196734E-04   1.64968773E-03   366.87730874     1.27488790E-07   3.25691731E+16   3.72000121E+07   0.00000000E+00   1.37018643E+07   0.30057967      
  9                1.91890027E-04   2.09132473E-03   376.19719137     1.57613985E-07   4.02653764E+16   3.72000123E+07   0.00000000E+00   1.36033425E+07   0.30036519      
  10               2.27019260E-04   2.61558171E-03   380.83357999     1.94725570E-07   4.97460838E+16   3.72000120E+07   0.00000000E+00   1.35087110E+07   0.30033517      
  11               2.68579588E-04   3.23734549E-03   389.59152606     2.35595748E-07   6.01873728E+16   3.72000124E+07   0.00000000E+00   1.34169136E+07   0.30017361      
  12               3.17748350E-04   3.97398100E-03   393.88251710     2.86053790E-07   7.30777087E+16   3.72000119E+07   0.00000000E+00   1.33271820E+07   0.30015454      
  13               3.75918418E-04   4.84641062E-03   402.49069274     3.41390102E-07   8.72148033E+16   3.72000124E+07   0.00000000E+00   1.32388982E+07   0.30002233      
  14               4.44737657E-04   5.87944530E-03   406.78587066     4.09788965E-07   1.04687863E+17   3.72000120E+07   0.00000000E+00   1.31515588E+07   0.30000719      
  15               5.26155608E-04   7.10392616E-03   415.75514351     4.84449531E-07   1.23761809E+17   3.72000128E+07   0.00000000E+00   1.30646532E+07   0.2998949       
  16               6.22478712E-04   8.55642663E-03   420.47623065     5.76951375E-07   1.47392987E+17   3.72000124E+07   0.00000000E+00   1.29777727E+07   0.29987917      
  17               7.36435649E-04   1.02817474E-02   430.00336584     6.77924324E-07   1.73189243E+17   3.72000135E+07   0.00000000E+00   1.28905338E+07   0.29979139      
  18               8.71254639E-04   1.23328910E-02   435.31153635     8.03250697E-07   2.05206238E+17   3.72000103E+07   0.00000000E+00   1.28026356E+07   0.29984739      
  19               1.03075489E-03   1.47761488E-02   445.69826108     9.39951227E-07   2.40129854E+17   3.72000075E+07   0.00000000E+00   1.27137172E+07   0.29973008      
  20               1.21945479E-03   1.76915754E-02   451.96763302     1.10981394E-06   2.83520857E+17   3.72000197E+07   0.00000000E+00   1.26234510E+07   0.29962468      
  21               1.44269991E-03   2.11763549E-02   463.43988199     1.29554789E-06   3.30966199E+17   3.72000104E+07   0.00000000E+00   1.25315491E+07   0.29951392      
  22               1.70681442E-03   2.53467353E-02   470.92178563     1.52604905E-06   3.89851390E+17   3.72000076E+07   0.00000000E+00   1.24377573E+07   0.29953185      
  23               2.01928028E-03   3.03293663E-02   482.60164074     1.78183089E-06   4.55198038E+17   3.72000114E+07   0.00000000E+00   1.23422049E+07   0.29950033      
  24               2.38894914E-03   3.62887089E-02   491.16447842     2.09485655E-06   5.35143686E+17   3.72000104E+07   0.00000000E+00   1.22446630E+07   0.29948139      
  25               2.82629313E-03   4.34198058E-02   504.10306928     2.44217041E-06   6.23870391E+17   3.72000131E+07   0.00000000E+00   1.21449638E+07   0.29939127      
  26               3.34370152E-03   5.19505066E-02   514.08170873     2.86526105E-06   7.31953471E+17   3.72000108E+07   0.00000000E+00   1.20429839E+07   0.29935299      
  27               3.95583167E-03   6.21594853E-02   528.61313086     3.33406243E-06   8.51716974E+17   3.72000105E+07   0.00000000E+00   1.19385327E+07   0.29925927      
  28               4.68002425E-03   7.43786770E-02   540.32851334     3.90295705E-06   9.97048771E+17   3.72000140E+07   0.00000000E+00   1.18314156E+07   0.29920086      
  29               5.53679448E-03   8.89930269E-02   556.75541189     4.53202748E-06   1.15775688E+18   3.72000061E+07   0.00000000E+00   1.17215310E+07   0.29907272      
  30               6.55041330E-03   1.06454055E-01   570.64612161     5.28926292E-06   1.35120480E+18   3.72000198E+07   0.00000000E+00   1.16087526E+07   0.29899159      
  31               7.74959494E-03   1.27275316E-01   589.48491639     6.12166056E-06   1.56385803E+18   3.71999976E+07   0.00000000E+00   1.14930414E+07   0.29885347      
  32               9.16831029E-03   1.52037653E-01   605.93386410     7.11414137E-06   1.81740522E+18   3.72000296E+07   0.00000000E+00   1.13743837E+07   0.29873733      
  33               1.08467493E-02   1.81366875E-01   627.44398211     8.19554384E-06   2.09367299E+18   3.71999872E+07   0.00000000E+00   1.12529189E+07   0.29849542      
  34               1.28324595E-02   2.15969638E-01   646.60461190     9.46994752E-06   2.41924439E+18   3.72000383E+07   0.00000000E+00   1.11287112E+07   0.29831243      
  35               1.51816929E-02   2.56625574E-01   670.84579721     1.08459966E-05   2.77078654E+18   3.71999792E+07   0.00000000E+00   1.10018539E+07   0.29806338      
  36               1.79609996E-02   3.04174102E-01   692.80187154     1.24481424E-05   3.18008715E+18   3.72000444E+07   0.00000000E+00   1.08724491E+07   0.29784613      
  37               2.12491128E-02   3.59474553E-01   719.64099021     1.41625913E-05   3.61807945E+18   3.71999748E+07   0.00000000E+00   1.07407432E+07   0.29745139      
  38               2.51391797E-02   4.23416075E-01   744.19359643     1.61313840E-05   4.12104401E+18   3.72000458E+07   0.00000000E+00   1.06069679E+07   0.29706306      
  39               2.97413996E-02   4.96919909E-01   773.49391057     1.82146777E-05   4.65323877E+18   3.71999758E+07   0.00000000E+00   1.04713666E+07   0.29650594      
  40               3.51861462E-02   5.81134516E-01   800.63457618     2.05795780E-05   5.25736547E+18   3.72000422E+07   0.00000000E+00   1.03338170E+07   0.29601027      
  41               4.16276604E-02   6.77322713E-01   832.52840835     2.30669453E-05   5.89280970E+18   3.71999801E+07   0.00000000E+00   1.01942096E+07   0.29532491      
  42               4.92484201E-02   7.86768516E-01   862.38690629     2.58665129E-05   6.60800949E+18   3.72000375E+07   0.00000000E+00   1.00525208E+07   0.29468681      
  43               5.82643093E-02   9.10796944E-01   896.90348772     2.87917838E-05   7.35532202E+18   3.71999846E+07   0.00000000E+00   9.90880039E+06   0.29378761      
  44               6.89307339E-02   1.05082337E+00   929.38170264     3.20574281E-05   8.18957654E+18   3.72000322E+07   0.00000000E+00   9.76304917E+06   0.29296618      
  45               8.15498567E-02   1.20863906E+00   966.51627399     3.54554987E-05   9.05760327E+18   3.71999910E+07   0.00000000E+00   9.61502037E+06   0.29185915      
  46               9.64791575E-02   1.38666440E+00   1001.79681853    3.92457281E-05   1.00257658E+19   3.72000257E+07   0.00000000E+00   9.46410039E+06   0.29088198      
  47               1.14141560E-01   1.58825746E+00   1041.90331585    4.32199489E-05   1.10412775E+19   3.71999965E+07   0.00000000E+00   9.30931045E+06   0.28956167      
  48               1.35037411E-01   1.81807595E+00   1080.18160319    4.77189283E-05   1.21910492E+19   3.72000250E+07   0.00000000E+00   9.14927925E+06   0.28838846      
  49               1.59758657E-01   2.08365577E+00   1122.79849901    5.26105650E-05   1.34415697E+19   3.71999916E+07   0.00000000E+00   8.98165922E+06   0.28682506      
  50               1.89005613E-01   2.39529327E+00   1162.99900226    5.83843083E-05   1.49178142E+19   3.72000356E+07   0.00000000E+00   8.80384059E+06   0.2855058       
  51               2.23606798E-01   2.76741412E+00   1206.48350897    6.50172302E-05   1.66141682E+19   3.71999678E+07   0.00000000E+00   8.61283923E+06   0.28385642      
  52               2.64542408E-01   3.21566174E+00   1246.44416214    7.31201212E-05   1.86863023E+19   3.72000762E+07   0.00000000E+00   8.40725260E+06   0.28257135      
  53               3.12972084E-01   3.75678798E+00   1289.50452050    8.25647779E-05   2.11018075E+19   3.71999121E+07   0.00000000E+00   8.18701455E+06   0.28095347      
  54               3.70267763E-01   4.40711635E+00   1328.96136624    9.39754633E-05   2.40197233E+19   3.72001331E+07   0.00000000E+00   7.95354341E+06   0.27970307      
  55               4.38052539E-01   5.18176754E+00   1371.48772584    1.07060637E-04   2.73660326E+19   3.71998691E+07   0.00000000E+00   7.70931898E+06   0.27809467      
  56               5.18246648E-01   6.09335499E+00   1410.19651037    1.22433783E-04   3.12969981E+19   3.72001437E+07   0.00000000E+00   7.45753085E+06   0.27684916      
  57               6.13121862E-01   7.15343328E+00   1452.10773430    1.39579384E-04   3.56813709E+19   3.71998840E+07   0.00000000E+00   7.20109457E+06   0.27517913      
  58               7.25365844E-01   8.37334490E+00   1490.35548983    1.59185224E-04   4.06944280E+19   3.72002793E+07   0.00000000E+00   6.94229247E+06   0.27392071      
  59               8.58158289E-01   9.76481345E+00   1532.35225014    1.80546843E-04   4.61563205E+19   3.71995832E+07   0.00000000E+00   6.68273735E+06   0.27228622      
  60               1.01526100E+00   1.13300522E+01   1571.16633502    2.04333165E-04   5.22318713E+19   3.71999901E+07   0.00000000E+00   6.42503014E+06   0.27107715      
  61               1.20112443E+00   1.30664551E+01   1614.55942274    2.29309536E-04   5.86178099E+19   3.71995731E+07   0.00000000E+00   6.17135821E+06   0.26945036      
  62               1.42101382E+00   1.49481859E+01   1655.57665968    2.55924355E-04   6.53980853E+19   3.72011736E+07   0.00000000E+00   5.92571169E+06   0.26819759      
  63               1.68115827E+00   1.69466377E+01   1701.95807090    2.82238784E-04   7.21207988E+19   3.71995282E+07   0.00000000E+00   5.69056830E+06   0.26645285      
  64               1.98892727E+00   1.90216403E+01   1746.88933122    3.08679897E-04   7.88693773E+19   3.72005307E+07   0.00000000E+00   5.46825745E+06   0.26503309      
  65               2.35303941E+00   2.10795171E+01   1798.84207372    3.32346627E-04   8.48776721E+19   3.48329032E+07   2.36707882E+06   5.26507453E+06   0.2630668       
  66               2.78380943E+00   2.30108430E+01   1836.61053956    3.55558266E-04   9.07488847E+19   3.11399257E+07   6.06122974E+06   5.08740264E+06   0.26195987      
  67               3.29344035E+00   2.47432438E+01   1875.96425982    3.74547003E-04   9.55339894E+19   2.71083111E+07   1.00917510E+07   4.93727766E+06   0.26048518      
  68               3.89636920E+00   2.62588512E+01   1900.87828526    3.92273487E-04   1.00056948E+20   2.41996444E+07   1.30021830E+07   4.81224045E+06   0.25953548      
  69               4.60967600E+00   2.79336804E+01   1935.95332534    4.09717332E-04   1.04510305E+20   2.13881321E+07   1.58125278E+07   4.68013087E+06   0.25794329      
  70               5.45356761E+00   2.93452361E+01   1956.15529979    4.26080523E-04   1.08657602E+20   1.87150017E+07   1.85016729E+07   4.57329332E+06   0.25778168      
  71               6.45195012E+00   3.04792339E+01   1979.97064883    4.37213477E-04   1.11499042E+20   1.66967416E+07   2.05162362E+07   4.49020886E+06   0.25649503      
  72               7.63310614E+00   3.17583113E+01   1996.21050921    4.51849480E-04   1.15233009E+20   1.54492917E+07   2.17519122E+07   4.39920637E+06   0.25547596      
  73               9.03049593E+00   3.31962832E+01   2023.64043223    4.65893867E-04   1.18817922E+20   1.45896966E+07   2.26129357E+07   4.30009802E+06   0.25458479      
  74               1.06837053E+01   3.48045252E+01   2043.30625628    4.83736289E-04   1.23375262E+20   1.29488284E+07   2.42513807E+07   4.19296984E+06   0.25368507      
  75               1.26395671E+01   3.59554100E+01   2065.04717073    4.94908760E-04   1.26113073E+20   1.04008277E+07   2.67993652E+07   4.11857868E+06   0.25345963      
  76               1.49534878E+01   3.67524357E+01   2071.70540095    5.04250608E-04   1.28494331E+20   9.29822689E+06   2.79018325E+07   4.06812573E+06   0.25269328      
  77               1.76910170E+01   3.76685281E+01   2089.47950037    5.12412278E-04   1.30576907E+20   9.12693294E+06   2.80779900E+07   4.01113470E+06   0.25240768      
  78               2.09297047E+01   3.87175795E+01   2099.12396139    5.24257449E-04   1.33596768E+20   8.56945976E+06   2.86346659E+07   3.94712958E+06   0.25122034      
  79               2.47612977E+01   3.99184772E+01   2120.15593594    5.35140163E-04   1.36374132E+20   8.50472331E+06   2.87003937E+07   3.87543273E+06   0.25080697      
  80               2.92943389E+01   4.12885642E+01   2133.24696536    5.50101479E-04   1.40189176E+20   7.98041582E+06   2.92241391E+07   3.79557940E+06   0.2493754       
  81               3.46572422E+01   4.28465634E+01   2157.91455152    5.64311204E-04   1.43816127E+20   7.86430233E+06   2.93412973E+07   3.70715202E+06   0.24882534      
  82               4.10019301E+01   4.46121589E+01   2174.74152611    5.83003974E-04   1.48583790E+20   7.32791877E+06   2.98772093E+07   3.60981092E+06   0.24708867      
  83               4.85081376E+01   4.66066281E+01   2203.23570757    6.01159457E-04   1.53218978E+20   7.14772529E+06   3.00584647E+07   3.50327474E+06   0.24636739      
  84               5.73885036E+01   4.88522139E+01   2223.93618141    6.24235778E-04   1.59106444E+20   6.61163433E+06   3.05951507E+07   3.38735413E+06   0.24422277      
  85               6.78945948E+01   5.13732065E+01   2256.25956808    6.46998965E-04   1.64920048E+20   6.37388739E+06   3.08330843E+07   3.26191126E+06   0.24326596      
  86               8.03240320E+01   5.41949936E+01   2280.80251777    6.75155920E-04   1.72106521E+20   5.85194214E+06   3.13547320E+07   3.12689978E+06   0.24077541      
  87               9.50289215E+01   5.73457274E+01   2316.80630565    7.03236952E-04   1.79282203E+20   5.57107051E+06   3.16369843E+07   2.98230268E+06   0.23963984      
  88               1.12425830E+02   6.08541948E+01   2345.03461069    7.37296740E-04   1.87960721E+20   5.06551820E+06   3.21373506E+07   2.82821804E+06   0.23669094      
  89               1.33007583E+02   6.47537790E+01   2384.39760802    7.71494029E-04   1.96703587E+20   4.79420781E+06   3.24423549E+07   2.66471272E+06   0.2363127       
  90               1.57357229E+02   6.90791568E+01   2416.35080964    8.12057835E-04   2.07067949E+20   4.30493769E+06   3.29016815E+07   2.49190429E+06   0.230551        
  91               1.86164557E+02   7.38716550E+01   2457.92881734    8.53567253E-04   2.17687939E+20   4.07985783E+06   3.31259145E+07   2.30987097E+06   0.23263039      
  92               2.20245630E+02   7.91697492E+01   2494.21981974    9.01339500E-04   2.29906041E+20   3.64347451E+06   3.35689100E+07   2.11886033E+06   0.22622793      
  93               2.60565913E+02   8.50243090E+01   2537.37200605    9.51335066E-04   2.42708400E+20   3.39995852E+06   3.38043954E+07   1.91892716E+06   0.22721705      
  94               3.08267614E+02   9.14861937E+01   2577.52733184    1.00748236E-03   2.57085818E+20   3.03642445E+06   3.41838710E+07   1.71020187E+06   0.22153872      
  95               3.64702046E+02   9.86202389E+01   2622.14365011    1.06729101E-03   2.72417755E+20   2.78744107E+06   3.44309636E+07   1.49264263E+06   0.22086693      
  96               4.31467909E+02   1.06493234E+02   2665.46658912    1.13345532E-03   2.89384065E+20   2.47374752E+06   3.47458329E+07   1.26628345E+06   0.21486657      
  97               5.10456573E+02   1.15187899E+02   2711.11165962    1.20497530E-03   3.07740952E+20   2.25123810E+06   3.49500072E+07   1.03101500E+06   0.21436893      
  98               6.03905660E+02   1.24789131E+02   2757.61545586    1.28294887E-03   3.27769769E+20   2.00653911E+06   3.52194312E+07   7.86820722E+05   0.20996126      
  99               7.14462436E+02   1.35397530E+02   2804.70790104    1.36811248E-03   3.49662408E+20   1.80353334E+06   3.53969142E+07   5.33607310E+05   0.20757716      
  100              8.45258798E+02   1.47120976E+02   2853.48210288    1.46052409E-03   3.73443826E+20   1.62189527E+06   3.55784596E+07   2.71340854E+05   0.20513595      
  101              1.00000000E+03   1.60078801E+02   2902.72491572    1.56146026E-03   3.99442051E+20   1.52508670E+06   3.56751572E+07   0.00000000E+00   0.20269574      
