# ATMO pressure-temperature profile
# Effective temperature = 2000.0K
# log(g) = 2.5cm/s^2
# M/H = 0.0
# Optical depth grid in band 17 (1.20-1.33microns)
# All parameters in cgs units
#
# Model Level      Optical Depth    Pressure         Temperature      Density          Number Density   Rad Flux         Conv Flux        Radial Extension Adiabatic Gradient
#                                   [Ba]             [K]              [g/cm^3]         [/cm^3]          [ergs/s/cm^2/sr] [ergs/s/cm^2/sr] [cm]             [K/Ba]          
  1                1.00000000E-04   1.00000000E-05   710.05362149     3.98877242E-10   1.02008108E+14   9.07179594E+08   0.00000000E+00   2.69904876E+09   0.29707448      
  2                1.17489755E-04   2.60342439E-05   849.07017452     8.68448069E-10   2.22089090E+14   9.07179594E+08   0.00000000E+00   2.61289707E+09   0.29329497      
  3                1.38038426E-04   4.24352797E-05   894.59069790     1.34352307E-09   3.43580519E+14   9.07179593E+08   0.00000000E+00   2.56488208E+09   0.29192442      
  4                1.62181010E-04   6.04563799E-05   934.89285818     1.83156656E-09   4.68388405E+14   9.07179592E+08   0.00000000E+00   2.52855358E+09   0.29086383      
  5                1.90546072E-04   8.05991041E-05   957.56161200     2.38399797E-09   6.09662281E+14   9.07179591E+08   0.00000000E+00   2.49807084E+09   0.29044687      
  6                2.23872114E-04   1.03353814E-04   986.40778292     2.96764796E-09   7.58919753E+14   9.07179590E+08   0.00000000E+00   2.47101804E+09   0.29012103      
  7                2.63026799E-04   1.29173421E-04   1003.28640976    3.64662057E-09   9.32554173E+14   9.07179589E+08   0.00000000E+00   2.44619825E+09   0.2905247       
  8                3.09029543E-04   1.58554686E-04   1028.28351561    4.36725461E-09   1.11684280E+15   9.07179588E+08   0.00000000E+00   2.42291621E+09   0.28971949      
  9                3.63078055E-04   1.92025805E-04   1042.94949970    5.21481129E-09   1.33358946E+15   9.07179587E+08   0.00000000E+00   2.40073697E+09   0.28927395      
  10               4.26579519E-04   2.30189406E-04   1066.30424262    6.11429533E-09   1.56361574E+15   9.07179585E+08   0.00000000E+00   2.37936439E+09   0.28848194      
  11               5.01187234E-04   2.73702651E-04   1080.06131552    7.17749327E-09   1.83550864E+15   9.07179583E+08   0.00000000E+00   2.35859318E+09   0.28804836      
  12               5.88843655E-04   3.23316070E-04   1102.77626112    8.30389805E-09   2.12356580E+15   9.07179580E+08   0.00000000E+00   2.33827093E+09   0.28725017      
  13               6.91830971E-04   3.79853829E-04   1116.26582681    9.63809086E-09   2.46476046E+15   9.07179576E+08   0.00000000E+00   2.31828603E+09   0.28680734      
  14               8.12830516E-04   4.44277064E-04   1138.82214820    1.10494366E-08   2.82568553E+15   9.07179572E+08   0.00000000E+00   2.29854467E+09   0.28598166      
  15               9.54992586E-04   5.17727954E-04   1152.33879841    1.27251773E-08   3.25422270E+15   9.07179567E+08   0.00000000E+00   2.27895644E+09   0.28552717      
  16               1.12201845E-03   6.01505956E-04   1175.07183884    1.44983487E-08   3.70767239E+15   9.07179561E+08   0.00000000E+00   2.25945175E+09   0.28466839      
  17               1.31825674E-03   6.97060054E-04   1188.95848969    1.66052842E-08   4.24648254E+15   9.07179554E+08   0.00000000E+00   2.23997723E+09   0.28417663      
  18               1.54881662E-03   8.05964100E-04   1212.20696212    1.88315910E-08   4.81575920E+15   9.07179546E+08   0.00000000E+00   2.22050219E+09   0.28326416      
  19               1.81970086E-03   9.29982907E-04   1226.72441211    2.14721778E-08   5.49102977E+15   9.07179536E+08   0.00000000E+00   2.20099899E+09   0.28274065      
  20               2.13796209E-03   1.07083746E-03   1250.68095344    2.42515295E-08   6.20158726E+15   9.07179525E+08   0.00000000E+00   2.18147965E+09   0.28175428      
  21               2.51188643E-03   1.23042099E-03   1266.02379570    2.75285882E-08   7.03943335E+15   9.07179498E+08   0.00000000E+00   2.16194849E+09   0.28115616      
  22               2.95120923E-03   1.40987177E-03   1290.87339181    3.09394803E-08   7.91082551E+15   9.07179504E+08   0.00000000E+00   2.14250373E+09   0.2800884       
  23               3.46736850E-03   1.61165030E-03   1307.23216952    3.49243607E-08   8.92984514E+15   9.07179567E+08   0.00000000E+00   2.12309244E+09   0.27943245      
  24               4.07380278E-03   1.83256345E-03   1333.21931850    3.89554976E-08   9.95596275E+15   9.07179528E+08   0.00000000E+00   2.10415157E+09   0.27820195      
  25               4.78630092E-03   2.07313758E-03   1350.70612335    4.34994892E-08   1.11171405E+16   9.07179496E+08   0.00000000E+00   2.08567069E+09   0.27741316      
  26               5.62341325E-03   2.34199835E-03   1378.04333524    4.81687384E-08   1.23097590E+16   9.07179478E+08   0.00000000E+00   2.06709672E+09   0.27603997      
  27               6.60693448E-03   2.63587860E-03   1397.09862603    5.34921019E-08   1.36654576E+16   9.07179482E+08   0.00000000E+00   2.04878785E+09   0.27510025      
  28               7.76247117E-03   2.94458813E-03   1425.59910653    5.85828333E-08   1.49607368E+16   9.07179495E+08   0.00000000E+00   2.03134854E+09   0.27338499      
  29               9.12010839E-03   3.26459660E-03   1446.07707013    6.40539884E-08   1.63517381E+16   9.07179482E+08   0.00000000E+00   2.01482851E+09   0.27228454      
  30               1.07151931E-02   3.57050585E-03   1475.73762894    6.87737274E-08   1.75245323E+16   9.07179417E+08   0.00000000E+00   2.00025055E+09   0.27027031      
  31               1.25892541E-02   3.85768377E-03   1495.49315242    7.33220093E-08   1.86839215E+16   9.07179293E+08   0.00000000E+00   1.98746196E+09   0.26889637      
  32               1.47910839E-02   4.18090736E-03   1521.86692956    7.80853021E-08   1.98984709E+16   9.07179168E+08   0.00000000E+00   1.97395362E+09   0.26672387      
  33               1.73780083E-02   4.54389959E-03   1543.88351940    8.36513805E-08   2.13176847E+16   9.07179039E+08   0.00000000E+00   1.95975074E+09   0.26501417      
  34               2.04173794E-02   4.95042176E-03   1573.19855664    8.94312312E-08   2.27921084E+16   9.07178896E+08   0.00000000E+00   1.94488782E+09   0.26219507      
  35               2.39883292E-02   5.40371149E-03   1599.10004168    9.60321562E-08   2.44761079E+16   9.07178722E+08   0.00000000E+00   1.92942019E+09   0.25959515      
  36               2.81838293E-02   5.90475198E-03   1635.71012931    1.02574130E-07   2.61469573E+16   9.06910880E+08   2.50613016E+05   1.91345597E+09   0.25545475      
  37               3.31131121E-02   6.44763053E-03   1672.92840473    1.09493372E-07   2.79157067E+16   9.05420837E+08   1.73301239E+06   1.89725680E+09   0.2501436       
  38               3.89045145E-02   7.01778316E-03   1707.99494449    1.16703821E-07   2.97604301E+16   9.03092970E+08   4.05350196E+06   1.88130690E+09   0.2448026       
  39               4.57088190E-02   7.61375942E-03   1742.54062881    1.24070772E-07   3.16476944E+16   9.00193331E+08   6.94425424E+06   1.86564461E+09   0.23857692      
  40               5.37031796E-02   8.27179656E-03   1776.48489393    1.32174394E-07   3.37259479E+16   8.96188016E+08   1.09410304E+07   1.84939488E+09   0.23249024      
  41               6.30957344E-02   8.99878637E-03   1811.79718695    1.40928013E-07   3.59749501E+16   8.90721006E+08   1.63998666E+07   1.83255026E+09   0.22492479      
  42               7.41310241E-02   9.80255660E-03   1845.90818688    1.50603350E-07   3.84640581E+16   8.83588144E+08   2.35267865E+07   1.81510323E+09   0.21776423      
  43               8.70963590E-02   1.06917194E-02   1881.42280419    1.61061319E-07   4.11611013E+16   8.74510069E+08   3.26025864E+07   1.79704914E+09   0.20955714      
  44               1.02329299E-01   1.16760505E-02   1915.19361954    1.72665066E-07   4.41579718E+16   8.63334117E+08   4.37803155E+07   1.77838317E+09   0.20212934      
  45               1.20226443E-01   1.27663064E-02   1950.51785732    1.85204575E-07   4.74068580E+16   8.49787880E+08   5.73350542E+07   1.75910307E+09   0.19356667      
  46               1.41253754E-01   1.39748033E-02   1983.47257282    1.99179169E-07   5.10323238E+16   8.33821724E+08   7.33198143E+07   1.73920522E+09   0.18608542      
  47               1.65958691E-01   1.53150905E-02   2018.25140762    2.14269558E-07   5.49629637E+16   8.15218919E+08   9.19554841E+07   1.71868857E+09   0.17797282      
  48               1.94984460E-01   1.68026468E-02   2050.17694248    2.31143685E-07   5.93625013E+16   7.94023601E+08   1.13193337E+08   1.69755069E+09   0.17058597      
  49               2.29086765E-01   1.84552460E-02   2084.10939269    2.49378738E-07   6.41394404E+16   7.70195051E+08   1.37068219E+08   1.67578318E+09   0.16293025      
  50               2.69153480E-01   2.02930803E-02   2114.84644221    2.69839118E-07   6.95016275E+16   7.44022095E+08   1.63290488E+08   1.65337875E+09   0.15671006      
  51               3.16227766E-01   2.23382276E-02   2148.08719823    2.91920935E-07   7.53221388E+16   7.15532559E+08   1.91843966E+08   1.63033504E+09   0.15062912      
  52               3.71535229E-01   2.46152830E-02   2177.94718435    3.16735460E-07   8.18621843E+16   6.85019252E+08   2.22431787E+08   1.60665389E+09   0.14532079      
  53               4.36515832E-01   2.71513715E-02   2210.57377980    3.43501026E-07   8.89636510E+16   6.52609890E+08   2.54928535E+08   1.58233937E+09   0.14022722      
  54               5.12861384E-01   2.99764969E-02   2239.67290305    3.73602464E-07   9.69442652E+16   6.18636753E+08   2.89001243E+08   1.55740037E+09   0.13577563      
  55               6.02559586E-01   3.31236198E-02   2271.77007263    4.06034706E-07   1.05608593E+17   5.83235576E+08   3.24525207E+08   1.53184740E+09   0.13159695      
  56               7.07945784E-01   3.66289073E-02   2300.23057170    4.42509995E-07   1.15339598E+17   5.46608509E+08   3.61250648E+08   1.50569626E+09   0.12749166      
  57               8.31763771E-01   4.05157143E-02   2331.55822169    4.81686338E-07   1.25864448E+17   5.09045751E+08   3.98868695E+08   1.47907215E+09   0.12395657      
  58               9.77237221E-01   4.48256426E-02   2359.20247281    5.25487580E-07   1.37621773E+17   4.71081081E+08   4.36879400E+08   1.45198168E+09   0.12040716      
  59               1.14815362E+00   4.96236245E-02   2389.83256087    5.72675892E-07   1.50399658E+17   4.33394703E+08   4.74616485E+08   1.42432268E+09   0.11762976      
  60               1.34896288E+00   5.49607657E-02   2417.07600542    6.25599747E-07   1.64697993E+17   3.96092371E+08   5.11955317E+08   1.39612487E+09   0.11504994      
  61               1.58489319E+00   6.08926749E-02   2447.36694090    6.82492850E-07   1.80215359E+17   3.59413852E+08   5.48643377E+08   1.36741637E+09   0.11271994      
  62               1.86208714E+00   6.74792130E-02   2474.20574515    7.46207522E-07   1.97542269E+17   3.23509136E+08   5.84549752E+08   1.33822951E+09   0.11046439      
  63               2.18776162E+00   7.47731295E-02   2504.06135619    8.14434042E-07   2.16285015E+17   2.88741333E+08   6.19300667E+08   1.30864148E+09   0.1087979       
  64               2.57039578E+00   8.28460229E-02   2530.57028896    8.90544571E-07   2.37125958E+17   2.55356702E+08   6.52687144E+08   1.27866490E+09   0.1069162       
  65               3.01995172E+00   9.17772113E-02   2560.01508320    9.72009537E-07   2.59667845E+17   2.24127010E+08   6.83912565E+08   1.24830792E+09   0.10564708      
  66               3.54813389E+00   1.01650532E-01   2586.31473880    1.06270366E-06   2.84678140E+17   1.95006918E+08   7.13021695E+08   1.21758729E+09   0.10402192      
  67               4.16869383E+00   1.12558354E-01   2615.38585027    1.15974126E-06   3.11722250E+17   1.68760321E+08   7.39241939E+08   1.18651572E+09   0.10301325      
  68               4.89778819E+00   1.24597547E-01   2641.52640606    1.26749396E-06   3.41649174E+17   1.45069782E+08   7.62901954E+08   1.15511412E+09   0.10156456      
  69               5.75439937E+00   1.37874943E-01   2670.21945694    1.38273884E-06   3.73993651E+17   1.24627979E+08   7.83304262E+08   1.12339794E+09   0.10078351      
  70               6.76082975E+00   1.52501691E-01   2696.23730782    1.51030357E-06   4.09677757E+17   1.06767978E+08   8.01138395E+08   1.09139034E+09   0.099550386     
  71               7.94328235E+00   1.68600565E-01   2724.57451928    1.64666532E-06   4.48214782E+17   9.19981058E+07   8.15868455E+08   1.05910755E+09   0.098994935     
  72               9.33254301E+00   1.86298657E-01   2750.51289199    1.79707139E-06   4.90593601E+17   7.92915985E+07   8.28533008E+08   1.02657274E+09   0.097947437     
  73               1.09647820E+01   2.05737066E-01   2778.51198226    1.95778111E-06   5.36322611E+17   6.90461620E+07   8.38728742E+08   9.93800533E+08   0.097547644     
  74               1.28824955E+01   2.27061818E-01   2804.39004430    2.13440991E-06   5.86450734E+17   6.01013622E+07   8.47626532E+08   9.60811478E+08   0.096644619     
  75               1.51356125E+01   2.50435870E-01   2832.06346863    2.32309620E-06   6.40500379E+17   5.29156464E+07   8.54767752E+08   9.27616649E+08   0.096395971     
  76               1.77827941E+01   2.76027381E-01   2857.91491404    2.52971719E-06   6.99566026E+17   4.64176217E+07   8.61232509E+08   8.94233069E+08   0.09568784      
  77               2.08929613E+01   3.04024345E-01   2885.32014070    2.75039662E-06   7.63203220E+17   4.11421671E+07   8.66473617E+08   8.60668151E+08   0.095543678     
  78               2.45470892E+01   3.34621749E-01   2911.16826993    2.99125948E-06   8.32554545E+17   3.62157068E+07   8.71369700E+08   8.26934281E+08   0.094911654     
  79               2.88403150E+01   3.68039057E-01   2938.31499464    3.24857541E-06   9.07238345E+17   3.21954233E+07   8.75360043E+08   7.93033820E+08   0.094778683     
  80               3.38844156E+01   4.04505270E-01   2964.14945433    3.52863091E-06   9.88439123E+17   2.83913161E+07   8.79137931E+08   7.58973630E+08   0.094144403     
  81               3.98107171E+01   4.44279785E-01   2991.02307625    3.82805684E-06   1.07587701E+18   2.52897198E+07   8.82216535E+08   7.24750509E+08   0.094010713     
  82               4.67735141E+01   4.87633858E-01   3016.84511309    4.15310310E-06   1.17075677E+18   2.23658347E+07   8.85128877E+08   6.90366221E+08   0.093457973     
  83               5.49540874E+01   5.34864881E-01   3043.48917668    4.50087168E-06   1.27291136E+18   1.99595149E+07   8.87518513E+08   6.55820114E+08   0.093419503     
  84               6.45654229E+01   5.86279266E-01   3069.35047000    4.87728357E-06   1.38351507E+18   1.77045576E+07   8.89754636E+08   6.21118256E+08   0.093080627     
  85               7.58577575E+01   6.42221637E-01   3095.87688009    5.28007043E-06   1.50254363E+18   1.58227298E+07   8.91615765E+08   5.86257406E+08   0.093198948     
  86               8.91250938E+01   7.03054323E-01   3121.86880152    5.71488653E-06   1.63117319E+18   1.40842994E+07   8.93333628E+08   5.51237211E+08   0.093158887     
  87               1.04712855E+02   7.69179406E-01   3148.45194480    6.18006011E-06   1.76952384E+18   1.26054425E+07   8.94791634E+08   5.16051060E+08   0.093442185     
  88               1.23026877E+02   8.41023305E-01   3174.68207829    6.68121615E-06   1.91881732E+18   1.12410517E+07   8.96139181E+08   4.80694426E+08   0.093554248     
  89               1.44543977E+02   9.19059666E-01   3201.42513817    7.21738123E-06   2.07934329E+18   1.00597713E+07   8.97308804E+08   4.45157086E+08   0.093828289     
  90               1.69824365E+02   1.00379746E+00   3227.91408725    7.79440022E-06   2.25242306E+18   8.96846308E+06   8.98390002E+08   4.09429717E+08   0.093873229     
  91               1.99526231E+02   1.09580357E+00   3254.80937039    8.41216495E-06   2.43855746E+18   8.01390759E+06   8.99335561E+08   3.73498106E+08   0.094019308     
  92               2.34422882E+02   1.19569085E+00   3281.52293880    9.07671011E-06   2.63918177E+18   7.13803799E+06   9.00203448E+08   3.37349051E+08   0.093986766     
  93               2.75422870E+02   1.30413936E+00   3308.56756425    9.78880560E-06   2.85502447E+18   6.37722927E+06   9.00956808E+08   3.00965967E+08   0.094187856     
  94               3.23593657E+02   1.42187708E+00   3335.58228671    1.05541443E-05   3.08756589E+18   5.69293643E+06   9.01634090E+08   2.64335369E+08   0.094430991     
  95               3.80189396E+02   1.54969641E+00   3362.97511850    1.13740696E-05   3.33771164E+18   5.09561156E+06   9.02229207E+08   2.27443386E+08   0.094916821     
  96               4.46683592E+02   1.68844384E+00   3390.49306386    1.22542195E-05   3.60702871E+18   4.56546227E+06   9.02759653E+08   1.90278828E+08   0.095614743     
  97               5.24807460E+02   1.83902692E+00   3418.52963921    1.31958271E-05   3.89649906E+18   4.09489442E+06   9.03227029E+08   1.52831562E+08   0.096390771     
  98               6.16595002E+02   2.00242706E+00   3446.74856218    1.42057621E-05   4.20797297E+18   3.67363595E+06   9.03642105E+08   1.15091131E+08   0.097315239     
  99               7.24435960E+02   2.17969984E+00   3475.59106124    1.52848142E-05   4.54248875E+18   3.29652640E+06   9.04010451E+08   7.70472244E+07   0.098243966     
  100              8.51138038E+02   2.37199239E+00   3504.63097580    1.64415196E-05   4.90226559E+18   2.95134325E+06   9.04344742E+08   3.86882730E+07   0.099102544     
  101              1.00000000E+03   2.58056234E+00   3534.27593926    1.76772275E-05   5.28858805E+18   2.79823816E+06   9.04485034E+08   0.00000000E+00   0.099872118     
