# ATMO pressure-temperature profile
# Effective temperature = 1900.0K
# log(g) = 5.5cm/s^2
# M/H = 0.0
# Optical depth grid in band 17 (1.20-1.33microns)
# All parameters in cgs units
#
# Model Level      Optical Depth    Pressure         Temperature      Density          Number Density   Rad Flux         Conv Flux        Radial Extension Adiabatic Gradient
#                                   [Ba]             [K]              [g/cm^3]         [/cm^3]          [ergs/s/cm^2/sr] [ergs/s/cm^2/sr] [cm]             [K/Ba]          
  1                1.00000000E-07   1.00000000E-05   628.11575497     4.50934418E-10   1.15315093E+14   7.38907016E+08   0.00000000E+00   2.82081781E+06   0.29794569      
  2                1.25892541E-07   3.39033731E-05   670.21495623     1.43279912E-09   3.66399298E+14   7.38907016E+08   0.00000000E+00   2.72677737E+06   0.29770235      
  3                1.58489319E-07   6.17884828E-05   678.22080574     2.58044021E-09   6.59875892E+14   7.38907016E+08   0.00000000E+00   2.68091716E+06   0.29748448      
  4                1.99526231E-07   9.52186805E-05   701.46142669     3.84487879E-09   9.83205285E+14   7.38907016E+08   0.00000000E+00   2.64735464E+06   0.29729193      
  5                2.51188643E-07   1.35885770E-04   705.35554406     5.45666425E-09   1.39537756E+15   7.38907016E+08   0.00000000E+00   2.61927828E+06   0.29733813      
  6                3.16227766E-07   1.85886393E-04   725.14185701     7.26090703E-09   1.85673731E+15   7.38907016E+08   0.00000000E+00   2.59415832E+06   0.29719081      
  7                3.98107171E-07   2.47427716E-04   728.38987777     9.62160569E-09   2.46042586E+15   7.38907016E+08   0.00000000E+00   2.57087474E+06   0.29701621      
  8                5.01187234E-07   3.23493748E-04   746.75971590     1.22702182E-08   3.13769589E+15   7.38907016E+08   0.00000000E+00   2.54873651E+06   0.29686739      
  9                6.30957344E-07   4.17409212E-04   749.93245573     1.57653851E-08   4.03149123E+15   7.38907016E+08   0.00000000E+00   2.52738344E+06   0.29668226      
  10               7.94328235E-07   5.33594583E-04   767.60454901     1.96898581E-08   5.03500275E+15   7.38907016E+08   0.00000000E+00   2.50652991E+06   0.2965257       
  11               1.00000000E-06   6.77196390E-04   770.87954505     2.48825692E-08   6.36288321E+15   7.38907016E+08   0.00000000E+00   2.48601392E+06   0.29632783      
  12               1.25892541E-06   8.54933167E-04   788.33464150     3.07179885E-08   7.85502180E+15   7.38907016E+08   0.00000000E+00   2.46568405E+06   0.2961603       
  13               1.58489319E-06   1.07471366E-03   791.87559199     3.84422719E-08   9.83018413E+15   7.38907016E+08   0.00000000E+00   2.44545898E+06   0.29594319      
  14               1.99526231E-06   1.34669851E-03   809.45228215     4.71258713E-08   1.20504973E+16   7.38907016E+08   0.00000000E+00   2.42525151E+06   0.29575905      
  15               2.51188643E-06   1.68297332E-03   813.32092420     5.86133961E-08   1.49879117E+16   7.38907016E+08   0.00000000E+00   2.40501816E+06   0.29552036      
  16               3.16227766E-06   2.09889177E-03   831.15517478     7.15307109E-08   1.82908451E+16   7.38907015E+08   0.00000000E+00   2.38470561E+06   0.29531913      
  17               3.98107171E-06   2.61270534E-03   835.35472020     8.85934488E-08   2.26540232E+16   7.38907016E+08   0.00000000E+00   2.36429483E+06   0.29505598      
  18               5.01187234E-06   3.24737740E-03   853.46801179     1.07778124E-07   2.75595014E+16   7.38907015E+08   0.00000000E+00   2.34375560E+06   0.29483438      
  19               6.30957344E-06   4.03011598E-03   858.00460544     1.33048747E-07   3.40215241E+16   7.38907016E+08   0.00000000E+00   2.32308529E+06   0.29454922      
  20               7.94328235E-06   4.99493036E-03   876.34825486     1.61450237E-07   4.12836941E+16   7.38907015E+08   0.00000000E+00   2.30226820E+06   0.29430648      
  21               1.00000000E-05   6.18189792E-03   881.10937675     1.98735791E-07   5.08180324E+16   7.38907016E+08   0.00000000E+00   2.28131346E+06   0.29400085      
  22               1.25892541E-05   7.64081706E-03   899.61951868     2.40584902E-07   6.15186465E+16   7.38907015E+08   0.00000000E+00   2.26021456E+06   0.29373781      
  23               1.58489319E-05   9.43021575E-03   904.53925435     2.95311357E-07   7.55127088E+16   7.38907017E+08   0.00000000E+00   2.23898536E+06   0.2934125       
  24               1.99526231E-05   1.16224296E-02   923.14254943     3.56629927E-07   9.11914233E+16   7.38907014E+08   0.00000000E+00   2.21762371E+06   0.29328972      
  25               2.51188643E-05   1.43034870E-02   928.20944109     4.36500171E-07   1.11614799E+17   7.38907017E+08   0.00000000E+00   2.19613523E+06   0.29301708      
  26               3.16227766E-05   1.75812396E-02   947.10611516     5.25827494E-07   1.34454918E+17   7.38907014E+08   0.00000000E+00   2.17449991E+06   0.29270198      
  27               3.98107171E-05   2.15839606E-02   952.44058969     6.41925668E-07   1.64141759E+17   7.38907018E+08   0.00000000E+00   2.15271319E+06   0.29232142      
  28               5.01187234E-05   2.64707120E-02   971.72726444     7.71643791E-07   1.97309082E+17   7.38907013E+08   0.00000000E+00   2.13075632E+06   0.29199265      
  29               6.30957344E-05   3.24320543E-02   977.57341214     9.39766146E-07   2.40298421E+17   7.38907018E+08   0.00000000E+00   2.10861894E+06   0.2915562       
  30               7.94328235E-05   3.97046659E-02   997.60112054     1.12741401E-06   2.88277308E+17   7.38907012E+08   0.00000000E+00   2.08627603E+06   0.29109942      
  31               1.00000000E-04   4.85720219E-02   1004.11348053    1.37025417E-06   3.50371864E+17   7.38907019E+08   0.00000000E+00   2.06371534E+06   0.29058664      
  32               1.25892541E-04   5.93882016E-02   1025.10760734    1.64108954E-06   4.19620365E+17   7.38907011E+08   0.00000000E+00   2.04090625E+06   0.29019285      
  33               1.58489319E-04   7.25793618E-02   1032.71205110    1.99082929E-06   5.09049177E+17   7.38907019E+08   0.00000000E+00   2.01782813E+06   0.2897537       
  34               1.99526231E-04   8.86789005E-02   1055.02694721    2.38100393E-06   6.08811135E+17   7.38907011E+08   0.00000000E+00   1.99444422E+06   0.28929481      
  35               2.51188643E-04   1.08328117E-01   1064.01305680    2.88400206E-06   7.37428771E+17   7.38907020E+08   0.00000000E+00   1.97073223E+06   0.28871072      
  36               3.16227766E-04   1.32343988E-01   1088.22626405    3.44499491E-06   8.80868043E+17   7.38907011E+08   0.00000000E+00   1.94663835E+06   0.28817733      
  37               3.98107171E-04   1.61710247E-01   1099.42101677    4.16652593E-06   1.06536726E+18   7.38907019E+08   0.00000000E+00   1.92212696E+06   0.28760274      
  38               5.01187234E-04   1.97670575E-01   1126.18815048    4.97201590E-06   1.27132595E+18   7.38907012E+08   0.00000000E+00   1.89714245E+06   0.28704679      
  39               6.30957344E-04   2.41731433E-01   1140.22955284    6.00534834E-06   1.53555958E+18   7.38907017E+08   0.00000000E+00   1.87164374E+06   0.28634743      
  40               7.94328235E-04   2.95862834E-01   1170.49664312    7.16006307E-06   1.83082182E+18   7.38907012E+08   0.00000000E+00   1.84553884E+06   0.28560188      
  41               1.00000000E-03   3.62391708E-01   1188.45872181    8.63745253E-06   2.20861486E+18   7.38907017E+08   0.00000000E+00   1.81878663E+06   0.28470796      
  42               1.25892541E-03   4.44225488E-01   1223.01895228    1.02886775E-05   2.63085023E+18   7.38907013E+08   0.00000000E+00   1.79133549E+06   0.28374226      
  43               1.58489319E-03   5.44748020E-01   1245.83673372    1.23856310E-05   3.16708973E+18   7.38907015E+08   0.00000000E+00   1.76317597E+06   0.28261286      
  44               1.99526231E-03   6.68068526E-01   1285.76366145    1.47177072E-05   3.76344613E+18   7.38907015E+08   0.00000000E+00   1.73429202E+06   0.28139369      
  45               2.51188643E-03   8.18472570E-01   1314.41918043    1.76378426E-05   4.51020291E+18   7.38907013E+08   0.00000000E+00   1.70477194E+06   0.28004469      
  46               3.16227766E-03   1.00082248E+00   1360.15519523    2.08420701E-05   5.32959770E+18   7.38907014E+08   0.00000000E+00   1.67469643E+06   0.27874576      
  47               3.98107171E-03   1.21997147E+00   1394.77136333    2.47752103E-05   6.33537743E+18   7.38907014E+08   0.00000000E+00   1.64419912E+06   0.27739901      
  48               5.01187234E-03   1.48137685E+00   1446.22745487    2.90136872E-05   7.41916094E+18   7.38907032E+08   0.00000000E+00   1.61336684E+06   0.27579495      
  49               6.30957344E-03   1.78845112E+00   1486.34756405    3.40844368E-05   8.71530397E+18   7.38906979E+08   0.00000000E+00   1.58248745E+06   0.27401568      
  50               7.94328235E-03   2.14120702E+00   1541.78206536    3.93467004E-05   1.00591552E+19   7.38907007E+08   0.00000000E+00   1.55202599E+06   0.27214797      
  51               1.00000000E-02   2.53480497E+00   1584.69177729    4.53273753E-05   1.15857882E+19   7.38907076E+08   0.00000000E+00   1.52255269E+06   0.27030115      
  52               1.25892541E-02   2.95758410E+00   1640.47334231    5.11010107E-05   1.30585142E+19   7.38907003E+08   0.00000000E+00   1.49477299E+06   0.26840387      
  53               1.58489319E-02   3.38794930E+00   1681.71785749    5.71240992E-05   1.45918248E+19   7.38906951E+08   0.00000000E+00   1.46958306E+06   0.26651647      
  54               1.99526231E-02   3.79508280E+00   1732.74703069    6.21409769E-05   1.58639719E+19   7.38907016E+08   0.00000000E+00   1.44797308E+06   0.26441444      
  55               2.51188643E-02   4.15261914E+00   1772.61403850    6.65070354E-05   1.69681211E+19   7.37063055E+08   1.84395660E+06   1.43038496E+06   0.26257568      
  56               3.16227766E-02   4.44680684E+00   1806.37412867    6.99106751E-05   1.78306182E+19   7.34525755E+08   4.38122788E+06   1.41674130E+06   0.26100679      
  57               3.98107171E-02   4.72710843E+00   1833.59018016    7.32209975E-05   1.86732164E+19   7.31597897E+08   7.83428311E+06   1.40435207E+06   0.25957397      
  58               5.01187234E-02   5.02239146E+00   1864.36018776    7.65082635E-05   1.95122153E+19   7.27897236E+08   1.10097468E+07   1.39187632E+06   0.25824194      
  59               6.30957344E-02   5.31888428E+00   1890.30211908    7.99332144E-05   2.03805153E+19   7.23429180E+08   1.54778234E+07   1.37988648E+06   0.25730515      
  60               7.94328235E-02   5.57119078E+00   1914.77932798    8.26757286E-05   2.10743962E+19   7.18795243E+08   2.01117406E+07   1.37007143E+06   0.25661439      
  61               1.00000000E-01   5.80819106E+00   1933.47978381    8.53817709E-05   2.17584071E+19   7.13986337E+08   2.49206440E+07   1.36115083E+06   0.25582467      
  62               1.25892541E-01   6.05824340E+00   1956.27978570    8.80172834E-05   2.24306361E+19   7.08677879E+08   3.02291137E+07   1.35202937E+06   0.25487978      
  63               1.58489319E-01   6.35507765E+00   1978.34023306    9.12970631E-05   2.32672854E+19   7.02290080E+08   3.66169157E+07   1.34155803E+06   0.25375014      
  64               1.99526231E-01   6.70512925E+00   2007.29922076    9.49321630E-05   2.41947354E+19   6.94624714E+08   4.42822832E+07   1.32966761E+06   0.25242034      
  65               2.51188643E-01   7.11598121E+00   2035.63221281    9.93409866E-05   2.53198610E+19   6.85476861E+08   5.34301379E+07   1.31628888E+06   0.25087821      
  66               3.16227766E-01   7.59650468E+00   2071.15474271    1.04222875E-04   2.65660571E+19   6.74490079E+08   6.44169222E+07   1.30135511E+06   0.2491092       
  67               3.98107171E-01   8.15648978E+00   2106.03220179    1.10041978E-04   2.80520193E+19   6.61170167E+08   7.77368365E+07   1.28481963E+06   0.24706392      
  68               5.01187234E-01   8.80573164E+00   2148.14542547    1.16458460E-04   2.96911902E+19   6.44856390E+08   9.40506148E+07   1.26668357E+06   0.24477421      
  69               6.30957344E-01   9.55503351E+00   2189.22233648    1.23978012E-04   3.16131800E+19   6.25058573E+08   1.13848434E+08   1.24696386E+06   0.24222101      
  70               7.94328235E-01   1.04163763E+01   2237.36076401    1.32221377E-04   3.37214687E+19   6.01101130E+08   1.37805878E+08   1.22568959E+06   0.23938094      
  71               1.00000000E+00   1.14030199E+01   2283.88176577    1.41767574E-04   3.61636372E+19   5.72586762E+08   1.66320248E+08   1.20290045E+06   0.23593383      
  72               1.25892541E+00   1.25298527E+01   2337.04611933    1.52194465E-04   3.88333202E+19   5.39275417E+08   1.99631594E+08   1.17864112E+06   0.23265451      
  73               1.58489319E+00   1.38138633E+01   2388.11528442    1.64148574E-04   4.18972682E+19   5.01294239E+08   2.37612772E+08   1.15295144E+06   0.22842602      
  74               1.99526231E+00   1.52744483E+01   2445.22716497    1.77189976E-04   4.52451633E+19   4.59476601E+08   2.79430411E+08   1.12586869E+06   0.22470321      
  75               2.51188643E+00   1.69337093E+01   2499.94414825    1.92038114E-04   4.90622693E+19   4.14497581E+08   3.24409431E+08   1.09742365E+06   0.21996846      
  76               3.16227766E+00   1.88169372E+01   2560.04590228    2.08260083E-04   5.32386486E+19   3.67955205E+08   3.70951807E+08   1.06764454E+06   0.21582864      
  77               3.98107171E+00   2.09528223E+01   2617.55298583    2.26641144E-04   5.79792894E+19   3.21004808E+08   4.17902204E+08   1.03655515E+06   0.21080866      
  78               5.01187234E+00   2.33739193E+01   2679.81835192    2.46754911E-04   6.31759852E+19   2.76038179E+08   4.62868833E+08   1.00417962E+06   0.20646524      
  79               6.30957344E+00   2.61171971E+01   2739.39054695    2.69463994E-04   6.90555284E+19   2.33700413E+08   5.05206599E+08   9.70536641E+05   0.2010128       
  80               7.94328235E+00   2.92238188E+01   2802.90028821    2.94375753E-04   7.55188134E+19   1.97217073E+08   5.41689939E+08   9.35655131E+05   0.19756419      
  81               1.00000000E+01   3.27396392E+01   2864.48911916    3.22315460E-04   8.27851713E+19   1.64997894E+08   5.73909118E+08   8.99560361E+05   0.19220712      
  82               1.25892541E+01   3.67147914E+01   2928.59177833    3.53078820E-04   9.08046452E+19   1.39137757E+08   5.99769255E+08   8.62296594E+05   0.18859967      
  83               1.58489319E+01   4.12051993E+01   2991.48385316    3.87373618E-04   9.97679838E+19   1.16729177E+08   6.22177836E+08   8.23899803E+05   0.1835904       
  84               1.99526231E+01   4.62710315E+01   3055.66786311    4.25201647E-04   1.09680362E+20   9.87269644E+07   6.40180048E+08   7.84426954E+05   0.18049668      
  85               2.51188643E+01   5.19723370E+01   3119.51100363    4.67039991E-04   1.20673404E+20   8.25374181E+07   6.56369595E+08   7.43968413E+05   0.17587003      
  86               3.16227766E+01   5.83711689E+01   3183.10891976    5.13147836E-04   1.32822830E+20   6.94898633E+07   6.69417150E+08   7.02633885E+05   0.17355577      
  87               3.98107171E+01   6.55359672E+01   3247.63098252    5.63633107E-04   1.46163481E+20   5.81807258E+07   6.80726288E+08   6.60503543E+05   0.17013627      
  88               5.01187234E+01   7.35403832E+01   3310.72017686    6.19197924E-04   1.60890074E+20   4.86736155E+07   6.90233399E+08   6.17655867E+05   0.16707867      
  89               6.30957344E+01   8.24662117E+01   3374.75301037    6.79786583E-04   1.76994549E+20   4.10446521E+07   6.97862362E+08   5.74148995E+05   0.16511208      
  90               7.94328235E+01   9.24051394E+01   3437.93784456    7.46119582E-04   1.94681169E+20   3.44092242E+07   7.04497790E+08   5.30016402E+05   0.16273216      
  91               1.00000000E+02   1.03458626E+02   3501.63446011    8.18367860E-04   2.14003926E+20   2.89978486E+07   7.09909167E+08   4.85283089E+05   0.1613742       
  92               1.25892541E+02   1.15742367E+02   3565.17548223    8.97165424E-04   2.35145834E+20   2.42919622E+07   7.14615053E+08   4.39948432E+05   0.15961771      
  93               1.58489319E+02   1.29386704E+02   3628.89455061    9.83008895E-04   2.58250483E+20   2.03755128E+07   7.18531502E+08   3.94002445E+05   0.15822435      
  94               1.99526231E+02   1.44538062E+02   3692.74113827    1.07653609E-03   2.83504008E+20   1.71231119E+07   7.21783904E+08   3.47425757E+05   0.15699809      
  95               2.51188643E+02   1.61361070E+02   3756.92669301    1.17838623E-03   3.11094178E+20   1.44230454E+07   7.24483970E+08   3.00191665E+05   0.1560782       
  96               3.16227766E+02   1.80042862E+02   3821.54070170    1.28931391E-03   3.41242613E+20   1.21502296E+07   7.26756786E+08   2.52261881E+05   0.15527442      
  97               3.98107171E+02   2.00797004E+02   3886.67320433    1.41018032E-03   3.74201085E+20   1.02260197E+07   7.28680996E+08   2.03587743E+05   0.15452986      
  98               5.01187234E+02   2.23867916E+02   3952.39284248    1.54197042E-03   4.10258503E+20   8.59863179E+06   7.30308382E+08   1.54111166E+05   0.15396032      
  99               6.30957344E+02   2.49535069E+02   4018.91207613    1.68574084E-03   4.49726960E+20   7.23308078E+06   7.31673934E+08   1.03766362E+05   0.15359111      
  100              7.94328235E+02   2.78115209E+02   4086.33495152    1.84269880E-03   4.92965602E+20   6.10541502E+06   7.32801593E+08   5.24858532E+04   0.15330477      
  101              1.00000000E+03   3.10096312E+02   4155.04367967    2.01493251E-03   5.40563661E+20   5.59965319E+06   7.33307348E+08   0.00000000E+00   0.15318647      
