# ATMO pressure-temperature profile
# Effective temperature = 1200.0K
# log(g) = 5.0cm/s^2
# M/H = 0.0
# Optical depth grid in band 17 (1.20-1.33microns)
# All parameters in cgs units
#
# Model Level      Optical Depth    Pressure         Temperature      Density          Number Density   Rad Flux         Conv Flux        Radial Extension Adiabatic Gradient
#                                   [Ba]             [K]              [g/cm^3]         [/cm^3]          [ergs/s/cm^2/sr] [ergs/s/cm^2/sr] [cm]             [K/Ba]          
  1                1.00000000E-07   1.00000000E-05   319.91119489     8.86188333E-10   2.26410416E+14   1.17570827E+08   0.00000000E+00   6.19071102E+06   0.30409998      
  2                1.25892541E-07   1.29352428E-05   354.90763104     1.03326298E-09   2.63988548E+14   1.17570827E+08   0.00000000E+00   6.16003631E+06   0.29804987      
  3                1.58489319E-07   1.66467849E-05   362.37505692     1.30233768E-09   3.32734560E+14   1.17570827E+08   0.00000000E+00   6.12804093E+06   0.29988909      
  4                1.99526231E-07   2.12673022E-05   371.55671011     1.62270045E-09   4.14584569E+14   1.17570827E+08   0.00000000E+00   6.09625685E+06   0.2977654       
  5                2.51188643E-07   2.70226241E-05   375.56532491     2.03985272E-09   5.21156155E+14   1.17570827E+08   0.00000000E+00   6.06462299E+06   0.29913312      
  6                3.16227766E-07   3.41919855E-05   383.89038588     2.52507204E-09   6.45123593E+14   1.17570827E+08   0.00000000E+00   6.03303338E+06   0.29761776      
  7                3.98107171E-07   4.31196633E-05   387.80800469     3.15221156E-09   8.05349571E+14   1.17570827E+08   0.00000000E+00   6.00138920E+06   0.29859367      
  8                5.01187234E-07   5.42361647E-05   395.88087286     3.88401732E-09   9.92316680E+14   1.17570827E+08   0.00000000E+00   5.96961900E+06   0.29751437      
  9                6.30957344E-07   6.80758136E-05   399.94598211     4.82556625E-09   1.23287016E+15   1.17570827E+08   0.00000000E+00   5.93765138E+06   0.29819089      
  10               7.94328235E-07   8.53024520E-05   408.03751952     5.92675676E-09   1.51421399E+15   1.17570827E+08   0.00000000E+00   5.90543937E+06   0.29744516      
  11               1.00000000E-06   1.06761118E-04   412.51249567     7.33756402E-09   1.87457079E+15   1.17570827E+08   0.00000000E+00   5.87289899E+06   0.30008135      
  12               1.25892541E-06   1.33481182E-04   420.88622382     8.99150400E-09   2.29710671E+15   1.17570827E+08   0.00000000E+00   5.84000281E+06   0.2995481       
  13               1.58489319E-06   1.66708833E-04   425.89950165     1.10975822E-08   2.83515834E+15   1.17570827E+08   0.00000000E+00   5.80673921E+06   0.2999076       
  14               1.99526231E-06   2.07999587E-04   434.67709930     1.35668802E-08   3.46594408E+15   1.17570827E+08   0.00000000E+00   5.77308811E+06   0.29947142      
  15               2.51188643E-06   2.59292927E-04   440.30359465     1.66963971E-08   4.26544434E+15   1.17570827E+08   0.00000000E+00   5.73900733E+06   0.29976675      
  16               3.16227766E-06   3.23062074E-04   448.83144592     2.04073678E-08   5.21348993E+15   1.17570827E+08   0.00000000E+00   5.70446069E+06   0.29939799      
  17               3.98107171E-06   4.02323847E-04   454.72022915     2.50851003E-08   6.40851404E+15   1.17570827E+08   0.00000000E+00   5.66942890E+06   0.29964614      
  18               5.01187234E-06   5.00819827E-04   463.43736961     3.06390136E-08   7.82737792E+15   1.17570828E+08   0.00000000E+00   5.63390070E+06   0.29932154      
  19               6.30957344E-06   6.23179470E-04   469.61101751     3.76235030E-08   9.61171091E+15   1.17570827E+08   0.00000000E+00   5.59786183E+06   0.29954752      
  20               7.94328235E-06   7.75146618E-04   478.40860788     4.59376977E-08   1.17357463E+16   1.17570828E+08   0.00000000E+00   5.56130778E+06   0.29924553      
  21               1.00000000E-05   9.63816958E-04   484.84501882     5.63606554E-08   1.43985071E+16   1.17570827E+08   0.00000000E+00   5.52422852E+06   0.29946088      
  22               1.25892541E-05   1.19799049E-03   493.66818816     6.88022492E-08   1.75769723E+16   1.17570828E+08   0.00000000E+00   5.48662327E+06   0.29916741      
  23               1.58489319E-05   1.48853888E-03   500.21643303     8.43697383E-08   2.15540094E+16   1.17570827E+08   0.00000000E+00   5.44848827E+06   0.2993803       
  24               1.99526231E-05   1.84892851E-03   509.02674009     1.02982636E-07   2.63090618E+16   1.17570828E+08   0.00000000E+00   5.40982515E+06   0.29908526      
  25               2.51188643E-05   2.29585639E-03   515.56632474     1.26253882E-07   3.22541808E+16   1.17570827E+08   0.00000000E+00   5.37062993E+06   0.29930573      
  26               3.16227766E-05   2.85012210E-03   524.24480607     1.54139492E-07   3.93781373E+16   1.17570828E+08   0.00000000E+00   5.33089809E+06   0.29899931      
  27               3.98107171E-05   3.53748097E-03   530.67467623     1.88995056E-07   4.82827045E+16   1.17570827E+08   0.00000000E+00   5.29062626E+06   0.29923416      
  28               5.01187234E-05   4.38978538E-03   539.33385969     2.30765213E-07   5.89537508E+16   1.17570827E+08   0.00000000E+00   5.24981459E+06   0.29890834      
  29               6.30957344E-05   5.44641406E-03   545.71111556     2.82965001E-07   7.22892459E+16   1.17570828E+08   0.00000000E+00   5.20846503E+06   0.29916481      
  30               7.94328235E-05   6.75591783E-03   554.52063989     3.45423253E-07   8.82454826E+16   1.17570827E+08   0.00000000E+00   5.16657944E+06   0.29881015      
  31               1.00000000E-04   8.37816796E-03   561.18988862     4.23276633E-07   1.08134696E+17   1.17570828E+08   0.00000000E+00   5.12415366E+06   0.2990902       
  32               1.25892541E-04   1.03867674E-02   570.47649414     5.16211643E-07   1.31876828E+17   1.17570827E+08   0.00000000E+00   5.08118347E+06   0.29869131      
  33               1.58489319E-04   1.28722159E-02   577.65383060     6.31787387E-07   1.61402961E+17   1.17570826E+08   0.00000000E+00   5.03766181E+06   0.29905057      
  34               1.99526231E-04   1.59456197E-02   587.72078077     7.69229117E-07   1.96515221E+17   1.17570831E+08   0.00000000E+00   4.99357524E+06   0.29857369      
  35               2.51188643E-04   1.97432699E-02   595.66640840     9.39726530E-07   2.40072167E+17   1.17570821E+08   0.00000000E+00   4.94890829E+06   0.29888028      
  36               3.16227766E-04   2.44316960E-02   606.61562945     1.14189347E-06   2.91719768E+17   1.17570840E+08   0.00000000E+00   4.90364839E+06   0.29838988      
  37               3.98107171E-04   3.02141097E-02   615.74560731     1.39121482E-06   3.55413826E+17   1.17570809E+08   0.00000000E+00   4.85777094E+06   0.2987916       
  38               5.01187234E-04   3.73386162E-02   628.09796581     1.68545274E-06   4.30582794E+17   1.17570854E+08   0.00000000E+00   4.81124455E+06   0.29820085      
  39               6.30957344E-04   4.61103356E-02   638.88971614     2.04624802E-06   5.22755036E+17   1.17570792E+08   0.00000000E+00   4.76401135E+06   0.29861081      
  40               7.94328235E-04   5.69010596E-02   653.13247192     2.47004548E-06   6.31022605E+17   1.17570875E+08   0.00000000E+00   4.71601381E+06   0.29793701      
  41               1.00000000E-03   7.01614585E-02   666.33889332     2.98531046E-06   7.62657042E+17   1.17570766E+08   0.00000000E+00   4.66718126E+06   0.29836711      
  42               1.25892541E-03   8.64344762E-02   683.05364079     3.58771693E-06   9.16553950E+17   1.17570906E+08   0.00000000E+00   4.61745747E+06   0.29751304      
  43               1.58489319E-03   1.06367950E-01   699.03161471     4.31420292E-06   1.10214773E+18   1.17570733E+08   0.00000000E+00   4.56679064E+06   0.29804911      
  44               1.99526231E-03   1.30735138E-01   718.66493257     5.15765465E-06   1.31762466E+18   1.17570939E+08   0.00000000E+00   4.51513366E+06   0.29695024      
  45               2.51188643E-03   1.60442211E-01   738.03005345     6.16359263E-06   1.57460067E+18   1.17570704E+08   0.00000000E+00   4.46244498E+06   0.29752051      
  46               3.16227766E-03   1.96545480E-01   760.97661333     7.32286150E-06   1.87075791E+18   1.17570962E+08   0.00000000E+00   4.40870603E+06   0.29627417      
  47               3.98107171E-03   2.40305625E-01   784.01527162     8.69021960E-06   2.22006277E+18   1.17570688E+08   0.00000000E+00   4.35385012E+06   0.29688926      
  48               5.01187234E-03   2.93268328E-01   810.83932440     1.02546634E-05   2.61972798E+18   1.17570971E+08   0.00000000E+00   4.29774607E+06   0.29525605      
  49               6.30957344E-03   3.57215558E-01   838.09401007     1.20844899E-05   3.08719078E+18   1.17570683E+08   0.00000000E+00   4.24030175E+06   0.29588666      
  50               7.94328235E-03   4.34202413E-01   869.15457604     1.41639814E-05   3.61843730E+18   1.17570972E+08   0.00000000E+00   4.18145666E+06   0.29380525      
  51               1.00000000E-02   5.26605940E-01   900.83558786     1.65740949E-05   4.23414823E+18   1.17570683E+08   0.00000000E+00   4.12114769E+06   0.29445025      
  52               1.25892541E-02   6.37234104E-01   936.31631807     1.92959488E-05   4.92949304E+18   1.17570971E+08   0.00000000E+00   4.05928626E+06   0.29194496      
  53               1.58489319E-02   7.69713785E-01   972.67410737     2.24366299E-05   5.73175672E+18   1.17570686E+08   0.00000000E+00   3.99561525E+06   0.29255744      
  54               1.99526231E-02   9.29188228E-01   1013.26165174    2.59995034E-05   6.64213857E+18   1.17570962E+08   0.00000000E+00   3.92958597E+06   0.28960614      
  55               2.51188643E-02   1.12317989E+00   1055.37776254    3.01719284E-05   7.70845281E+18   1.17570689E+08   0.00000000E+00   3.86032168E+06   0.29011673      
  56               3.16227766E-02   1.36345700E+00   1102.36692373    3.50623916E-05   8.95861992E+18   1.17570959E+08   0.00000000E+00   3.78644502E+06   0.28661692      
  57               3.98107171E-02   1.66761683E+00   1151.66939229    4.10438928E-05   1.04880388E+19   1.17570687E+08   0.00000000E+00   3.70626308E+06   0.28697069      
  58               5.01187234E-02   2.06163833E+00   1205.54048517    4.84681370E-05   1.23867257E+19   1.17570974E+08   0.00000000E+00   3.61791670E+06   0.2829182       
  59               6.30957344E-02   2.57825393E+00   1260.16347355    5.79795991E-05   1.48191960E+19   1.17570615E+08   0.00000000E+00   3.52045878E+06   0.28317336      
  60               7.94328235E-02   3.25158107E+00   1316.96531787    6.99606743E-05   1.78832352E+19   1.17571162E+08   0.00000000E+00   3.41473498E+06   0.27900492      
  61               1.00000000E-01   4.11172866E+00   1373.15457001    8.48411540E-05   2.16885671E+19   1.17570248E+08   0.00000000E+00   3.30308738E+06   0.27928782      
  62               1.25892541E-01   5.18856087E+00   1431.44713176    1.02694486E-04   2.62541186E+19   1.17571748E+08   0.00000000E+00   3.18772179E+06   0.27494316      
  63               1.58489319E-01   6.50891313E+00   1489.38227579    1.23811862E-04   3.16539662E+19   1.17569405E+08   0.00000000E+00   3.07062660E+06   0.27519443      
  64               1.99526231E-01   8.08638809E+00   1549.32592072    1.47865921E-04   3.78039895E+19   1.17572987E+08   0.00000000E+00   2.95403903E+06   0.27068957      
  65               2.51188643E-01   9.91563653E+00   1608.04742878    1.74714012E-04   4.46629685E+19   1.17567191E+08   0.00000000E+00   2.84022764E+06   0.27098988      
  66               3.16227766E-01   1.19488643E+01   1667.44134426    2.03107271E-04   5.19041283E+19   1.17575891E+08   0.00000000E+00   2.73228904E+06   0.26665935      
  67               3.98107171E-01   1.41070494E+01   1725.58622598    2.31742388E-04   5.92141313E+19   1.17567293E+08   0.00000000E+00   2.63281007E+06   0.2669596       
  68               5.01187234E-01   1.62395860E+01   1784.65930703    2.58062528E-04   6.59091137E+19   1.17110037E+08   4.60970619E+05   2.54560341E+06   0.26250541      
  69               6.30957344E-01   1.82124142E+01   1845.25674660    2.80259146E-04   7.14885611E+19   1.09983529E+08   7.58780863E+06   2.47223801E+06   0.26249816      
  70               7.94328235E-01   1.99777015E+01   1884.39840081    3.01028058E-04   7.67889328E+19   1.01414745E+08   1.61564997E+07   2.41146197E+06   0.258374        
  71               1.00000000E+00   2.14797292E+01   1925.62882940    3.16808512E-04   8.07945492E+19   9.23949844E+07   2.51758818E+07   2.36282185E+06   0.25912331      
  72               1.25892541E+00   2.26580920E+01   1946.88982864    3.30534045E-04   8.42961616E+19   8.47639495E+07   3.28069893E+07   2.32640749E+06   0.25518911      
  73               1.58489319E+00   2.40451277E+01   1981.87732934    3.44565011E-04   8.78771892E+19   7.77552890E+07   3.98170796E+07   2.28530725E+06   0.25690201      
  74               1.99526231E+00   2.56635267E+01   2010.19602174    3.62552442E-04   9.24706196E+19   6.87162488E+07   4.88548130E+07   2.23951786E+06   0.25280431      
  75               2.51188643E+00   2.68490857E+01   2037.91995965    3.74479225E-04   9.54263290E+19   5.93328492E+07   5.82396980E+07   2.20733797E+06   0.25458212      
  76               3.16227766E+00   2.76895729E+01   2049.46218408    3.84022429E-04   9.78593185E+19   5.25927628E+07   6.49838463E+07   2.18517444E+06   0.25016676      
  77               3.98107171E+00   2.87049345E+01   2072.28276657    3.93709649E-04   1.00330594E+20   4.81835701E+07   6.93927412E+07   2.15906157E+06   0.2528044       
  78               5.01187234E+00   2.99228224E+01   2090.04814870    4.06916432E-04   1.03698411E+20   4.38625981E+07   7.37153654E+07   2.12863403E+06   0.24827351      
  79               6.30957344E+00   3.13804601E+01   2118.64539492    4.20960713E-04   1.07282003E+20   4.10611111E+07   7.65120464E+07   2.09341507E+06   0.25079416      
  80               7.94328235E+00   3.31131449E+01   2143.83392387    4.38968145E-04   1.11875536E+20   3.76776385E+07   7.98977240E+07   2.05310788E+06   0.2458403       
  81               1.00000000E+01   3.51609857E+01   2178.73141329    4.58620637E-04   1.16891568E+20   3.54310553E+07   8.21454780E+07   2.00746706E+06   0.24819771      
  82               1.25892541E+01   3.75651681E+01   2212.02050509    4.82573973E-04   1.23004791E+20   3.22138080E+07   8.54428047E+07   1.95636256E+06   0.24224722      
  83               1.58489319E+01   4.03738081E+01   2252.93391233    5.09187733E-04   1.29800720E+20   2.98887838E+07   8.76884140E+07   1.89970262E+06   0.24248507      
  84               1.99526231E+01   4.36366739E+01   2293.86223741    5.40460290E-04   1.37787604E+20   2.68833175E+07   9.07121321E+07   1.83750422E+06   0.23771388      
  85               2.51188643E+01   4.74110068E+01   2340.65061738    5.75445440E-04   1.46712942E+20   2.44794177E+07   9.31033890E+07   1.76982256E+06   0.23687721      
  86               3.16227766E+01   5.17588638E+01   2388.51718719    6.15525086E-04   1.56957547E+20   2.16788623E+07   9.58990931E+07   1.69676723E+06   0.23182975      
  87               3.98107171E+01   5.67546835E+01   2440.32863994    6.60468448E-04   1.68453186E+20   1.94826495E+07   9.81069486E+07   1.61841346E+06   0.23108592      
  88               5.01187234E+01   6.24772805E+01   2494.69419650    7.11039163E-04   1.81397225E+20   1.70988478E+07   1.00484283E+08   1.53490647E+06   0.22619953      
  89               6.30957344E+01   6.90215790E+01   2550.77437776    7.68018043E-04   1.95992153E+20   1.50998227E+07   1.02491889E+08   1.44634732E+06   0.22387762      
  90               7.94328235E+01   7.64968459E+01   2610.36660376    8.31459062E-04   2.12259855E+20   1.32321836E+07   1.04364371E+08   1.35280157E+06   0.21979851      
  91               1.00000000E+02   8.50333134E+01   2670.46717420    9.03063193E-04   2.30636319E+20   1.14705120E+07   1.06118721E+08   1.25428654E+06   0.2150251       
  92               1.25892541E+02   9.47847846E+01   2733.50446406    9.82916969E-04   2.51156649E+20   1.00418659E+07   1.07545748E+08   1.15078253E+06   0.21296716      
  93               1.58489319E+02   1.05923786E+02   2798.37374540    1.07233902E-03   2.74166013E+20   8.62378645E+06   1.09025104E+08   1.04228325E+06   0.20804184      
  94               1.99526231E+02   1.18658035E+02   2864.28668239    1.17283576E-03   3.00058896E+20   7.33337245E+06   1.10276250E+08   9.28731394E+05   0.20239459      
  95               2.51188643E+02   1.33229928E+02   2931.34078437    1.28578272E-03   3.29201135E+20   6.28830662E+06   1.11296744E+08   8.10067225E+05   0.19902408      
  96               3.16227766E+02   1.49905234E+02   3000.69407032    1.41206689E-03   3.61843617E+20   5.39961712E+06   1.12180601E+08   6.86310410E+05   0.19567362      
  97               3.98107171E+02   1.68976373E+02   3070.89462653    1.55385286E-03   3.98553759E+20   4.61852261E+06   1.12959700E+08   5.57559234E+05   0.19256529      
  98               5.01187234E+02   1.90728823E+02   3143.14404049    1.71173887E-03   4.39519232E+20   3.93335835E+06   1.13643530E+08   4.24178736E+05   0.18952956      
  99               6.30957344E+02   2.15467836E+02   3215.66857317    1.88797274E-03   4.85329856E+20   3.32604005E+06   1.14249449E+08   2.86561182E+05   0.18676569      
  100              7.94328235E+02   2.43527790E+02   3289.92809707    2.08301517E-03   5.36152037E+20   2.80605839E+06   1.14768730E+08   1.45062765E+05   0.18425588      
  101              1.00000000E+03   2.75275419E+02   3364.13630495    2.29951244E-03   5.92679203E+20   2.54926828E+06   1.15025215E+08   0.00000000E+00   0.18202305      
