# ATMO pressure-temperature profile
# Effective temperature = 1600.0K
# log(g) = 4.5cm/s^2
# M/H = 0.0
# Optical depth grid in band 17 (1.20-1.33microns)
# All parameters in cgs units
#
# Model Level      Optical Depth    Pressure         Temperature      Density          Number Density   Rad Flux         Conv Flux        Radial Extension Adiabatic Gradient
#                                   [Ba]             [K]              [g/cm^3]         [/cm^3]          [ergs/s/cm^2/sr] [ergs/s/cm^2/sr] [cm]             [K/Ba]          
  1                5.00000000E-06   1.00000000E-05   590.13019169     4.80107701E-10   1.22737707E+14   3.71582449E+08   0.00000000E+00   2.40082802E+07   0.2979903       
  2                6.05313423E-06   6.65825673E-05   655.91813634     2.87574102E-09   7.35252884E+14   3.71582449E+08   0.00000000E+00   2.24854234E+07   0.29775385      
  3                7.32808679E-06   1.35030630E-04   676.71243743     5.65300271E-09   1.44528660E+15   3.71582449E+08   0.00000000E+00   2.19485797E+07   0.29775009      
  4                8.87157859E-06   2.17111434E-04   699.92954522     8.78731330E-09   2.24674720E+15   3.71582449E+08   0.00000000E+00   2.15802997E+07   0.29747532      
  5                1.07401712E-05   3.15902813E-04   710.12782704     1.26025408E-08   3.22212810E+15   3.71582449E+08   0.00000000E+00   2.12834317E+07   0.29732554      
  6                1.30023396E-05   4.34061977E-04   727.85099804     1.68940144E-08   4.31951615E+15   3.71582449E+08   0.00000000E+00   2.10273524E+07   0.29708531      
  7                1.57409813E-05   5.75691900E-04   735.10306293     2.21859708E-08   5.67241146E+15   3.71582449E+08   0.00000000E+00   2.07960125E+07   0.29696224      
  8                1.90564546E-05   7.44914899E-04   750.83208935     2.81051237E-08   7.18604074E+15   3.71582449E+08   0.00000000E+00   2.05817089E+07   0.29672721      
  9                2.30702555E-05   9.47473181E-04   756.90658323     3.54616161E-08   9.06672582E+15   3.71582449E+08   0.00000000E+00   2.03788103E+07   0.29661119      
  10               2.79294706E-05   1.18940417E-03   771.70531381     4.36615357E-08   1.11635881E+16   3.71582449E+08   0.00000000E+00   2.01843798E+07   0.29637253      
  11               3.38121669E-05   1.47863771E-03   777.10933237     5.39029675E-08   1.37817858E+16   3.71582449E+08   0.00000000E+00   1.99958439E+07   0.29625981      
  12               4.09339169E-05   1.82365931E-03   791.39326801     6.52790040E-08   1.66908017E+16   3.71582449E+08   0.00000000E+00   1.98119131E+07   0.29601265      
  13               4.95556987E-05   2.23529750E-03   796.36167506     7.95168476E-08   2.03306293E+16   3.71582449E+08   0.00000000E+00   1.96312371E+07   0.29589942      
  14               5.99934592E-05   2.72527643E-03   810.32889468     9.52740522E-08   2.43598761E+16   3.71582449E+08   0.00000000E+00   1.94532200E+07   0.29564217      
  15               7.26296922E-05   3.30853950E-03   815.04261284     1.14998843E-07   2.94023368E+16   3.71582449E+08   0.00000000E+00   1.92770096E+07   0.29552724      
  16               8.79274551E-05   4.00175756E-03   828.96312788     1.36755982E-07   3.49656334E+16   3.71582448E+08   0.00000000E+00   1.91022057E+07   0.2952563       
  17               1.06447338E-04   4.82586160E-03   833.60059946     1.64005926E-07   4.19317206E+16   3.71582449E+08   0.00000000E+00   1.89281933E+07   0.29513597      
  18               1.28868005E-04   5.80419196E-03   847.61951371     1.93990680E-07   4.95982851E+16   3.71582449E+08   0.00000000E+00   1.87547464E+07   0.29484726      
  19               1.56011066E-04   6.96627818E-03   852.35610640     2.31543037E-07   5.91978011E+16   3.71582449E+08   0.00000000E+00   1.85813527E+07   0.29471767      
  20               1.88871184E-04   8.34580290E-03   866.71721511     2.72792445E-07   6.97455560E+16   3.71582448E+08   0.00000000E+00   1.84077733E+07   0.29440704      
  21               2.28652526E-04   9.98489637E-03   871.73789574     3.24497047E-07   8.29628142E+16   3.71582448E+08   0.00000000E+00   1.82335592E+07   0.29426339      
  22               2.76812886E-04   1.19315400E-02   886.61414479     3.81245292E-07   9.74737521E+16   3.71582449E+08   0.00000000E+00   1.80585424E+07   0.29396669      
  23               3.35117111E-04   1.42470087E-02   892.19115120     4.52396225E-07   1.15662245E+17   3.71582449E+08   0.00000000E+00   1.78822320E+07   0.29383396      
  24               4.05701771E-04   1.70021303E-02   907.91214741     5.30519991E-07   1.35639242E+17   3.71582446E+08   0.00000000E+00   1.77043912E+07   0.29348128      
  25               4.91153455E-04   2.02864412E-02   914.29877161     6.28592557E-07   1.60710247E+17   3.71582450E+08   0.00000000E+00   1.75245416E+07   0.29329293      
  26               5.94603558E-04   2.42028929E-02   931.05002908     7.36434950E-07   1.88286898E+17   3.71582448E+08   0.00000000E+00   1.73425120E+07   0.29291561      
  27               7.19843029E-04   2.88868492E-02   938.60243492     8.71898907E-07   2.22917589E+17   3.71582448E+08   0.00000000E+00   1.71576648E+07   0.29269194      
  28               8.71461295E-04   3.44956916E-02   956.76667295     1.02139687E-06   2.61146769E+17   3.71582446E+08   0.00000000E+00   1.69697140E+07   0.29217866      
  29               1.05501444E-03   4.12306981E-02   965.73732044     1.20949208E-06   3.09234196E+17   3.71582449E+08   0.00000000E+00   1.67780946E+07   0.29180637      
  30               1.27722880E-03   4.93254243E-02   985.60388040     1.41774300E-06   3.62488526E+17   3.71582449E+08   0.00000000E+00   1.65826142E+07   0.29119807      
  31               1.54624747E-03   5.90855257E-02   996.48625543     1.67974098E-06   4.29472768E+17   3.71582449E+08   0.00000000E+00   1.63826121E+07   0.29084661      
  32               1.87192870E-03   7.08657065E-02   1018.58731621    1.97086934E-06   5.03922438E+17   3.71582437E+08   0.00000000E+00   1.61778719E+07   0.29024144      
  33               2.26620714E-03   8.51202577E-02   1031.75477485    2.33710256E-06   5.97561050E+17   3.71582449E+08   0.00000000E+00   1.59678397E+07   0.28978951      
  34               2.74353120E-03   1.02361172E-01   1056.38563448    2.74487052E-06   7.01840783E+17   3.71582449E+08   0.00000000E+00   1.57525804E+07   0.28899903      
  35               3.32139252E-03   1.23256862E-01   1072.42989666    3.25574692E-06   8.32468933E+17   3.71582440E+08   0.00000000E+00   1.55315406E+07   0.28842018      
  36               4.02096694E-03   1.48546474E-01   1100.28513108    3.82431741E-06   9.77874100E+17   3.71582431E+08   0.00000000E+00   1.53048981E+07   0.28758694      
  37               4.86789053E-03   1.79152870E-01   1119.66133379    4.53243713E-06   1.15894528E+18   3.71582449E+08   0.00000000E+00   1.50724267E+07   0.28697199      
  38               5.89319895E-03   2.16055493E-01   1151.22352176    5.31606137E-06   1.35935064E+18   3.71582420E+08   0.00000000E+00   1.48346892E+07   0.28600254      
  39               7.13446485E-03   2.60543787E-01   1174.66673411    6.28271403E-06   1.60654129E+18   3.71582433E+08   0.00000000E+00   1.45912574E+07   0.28516163      
  40               8.63717467E-03   3.13902905E-01   1210.54022802    7.34494852E-06   1.87820048E+18   3.71582417E+08   0.00000000E+00   1.43428630E+07   0.28390645      
  41               1.04563955E-02   3.77646524E-01   1238.55467638    8.63653806E-06   2.20849362E+18   3.71582420E+08   0.00000000E+00   1.40897743E+07   0.28281187      
  42               1.26587931E-02   4.53112714E-01   1279.24232611    1.00326653E-05   2.56554282E+18   3.71582359E+08   0.00000000E+00   1.38333994E+07   0.28127739      
  43               1.53250748E-02   5.41825923E-01   1311.91179906    1.16981010E-05   2.99144471E+18   3.71582403E+08   0.00000000E+00   1.35744453E+07   0.27994797      
  44               1.85529469E-02   6.44963748E-01   1356.80475704    1.34640190E-05   3.44305362E+18   3.71582293E+08   0.00000000E+00   1.33145648E+07   0.27842189      
  45               2.24606956E-02   7.63659014E-01   1393.08683269    1.55266956E-05   3.97051769E+18   3.71582378E+08   0.00000000E+00   1.30549633E+07   0.27722249      
  46               2.71915211E-02   8.98930398E-01   1441.10843561    1.76683169E-05   4.51809383E+18   3.71582270E+08   0.00000000E+00   1.27966952E+07   0.27554379      
  47               3.29187854E-02   1.05167408E+00   1480.27061925    2.01242488E-05   5.14595390E+18   3.71582480E+08   0.00000000E+00   1.25405369E+07   0.27400449      
  48               3.98523653E-02   1.21723698E+00   1530.68234389    2.25356678E-05   5.75991274E+18   3.71582025E+08   0.00000000E+00   1.22946678E+07   0.27206918      
  49               4.82463432E-02   1.39375625E+00   1572.15690687    2.51240318E-05   6.42120863E+18   3.71582279E+08   0.00000000E+00   1.20600748E+07   0.27038695      
  50               5.84083183E-02   1.57827952E+00   1625.76113956    2.75162980E-05   7.03158163E+18   3.71059295E+08   5.66526820E+05   1.18381439E+07   0.2683412       
  51               7.07106781E-02   1.75114156E+00   1671.46796688    2.97117241E-05   7.58837939E+18   3.67188867E+08   4.46725658E+06   1.16469542E+07   0.26649451      
  52               8.56042452E-02   1.89477860E+00   1706.90970681    3.15029155E-05   8.04032794E+18   3.62219514E+08   9.44861075E+06   1.14984828E+07   0.26492283      
  53               1.03634797E-01   2.04275722E+00   1741.09076786    3.33133806E-05   8.49808718E+18   3.56423073E+08   1.52209306E+07   1.13540318E+07   0.26352063      
  54               1.25463068E-01   2.17840349E+00   1770.82647268    3.49373603E-05   8.91021447E+18   3.50810889E+08   2.08003444E+07   1.12282934E+07   0.26216426      
  55               1.51888958E-01   2.29737420E+00   1795.54838778    3.63374744E-05   9.26745456E+18   3.45614199E+08   2.59929821E+07   1.11227046E+07   0.26088446      
  56               1.83880850E-01   2.43312577E+00   1822.66461910    3.79097833E-05   9.66904617E+18   3.39430654E+08   3.21496647E+07   1.10070423E+07   0.25971059      
  57               2.22611093E-01   2.53806148E+00   1842.62237573    3.91516073E-05   9.97680853E+18   3.33871388E+08   3.76291355E+07   1.09208972E+07   0.25883844      
  58               2.69498965E-01   2.61452007E+00   1856.90951044    4.00201263E-05   1.01982835E+19   3.29363633E+08   4.20886908E+07   1.08598153E+07   0.2581805       
  59               3.26262682E-01   2.70359672E+00   1872.93104954    4.10288545E-05   1.04555278E+19   3.24508613E+08   4.69498176E+07   1.07903000E+07   0.25738618      
  60               3.94982361E-01   2.80680605E+00   1891.14447162    4.21839312E-05   1.07501256E+19   3.19049637E+08   5.24161836E+07   1.07118486E+07   0.25649882      
  61               4.78176250E-01   2.92573921E+00   1911.25878330    4.35074259E-05   1.10877125E+19   3.12796491E+08   5.86779641E+07   1.06240580E+07   0.25547338      
  62               5.78893005E-01   3.06196402E+00   1933.65982022    4.50041218E-05   1.14695360E+19   3.05551262E+08   6.59308412E+07   1.05267052E+07   0.25434545      
  63               7.00823412E-01   3.21645203E+00   1957.87731266    4.66881128E-05   1.18991912E+19   2.97251708E+08   7.42337781E+07   1.04201276E+07   0.25303726      
  64               8.48435636E-01   3.39098533E+00   1984.25832743    4.85645507E-05   1.23780872E+19   2.88298685E+08   8.31912620E+07   1.03042190E+07   0.25157901      
  65               1.02713896E+00   3.58943989E+00   2012.68306173    5.06774425E-05   1.29174602E+19   2.78831847E+08   9.26673918E+07   1.01777178E+07   0.24987737      
  66               1.24348200E+00   3.81425214E+00   2043.45613137    5.30361915E-05   1.35197892E+19   2.68540866E+08   1.02968318E+08   1.00405895E+07   0.2480352       
  67               1.50539269E+00   4.06806098E+00   2076.16318414    5.56687203E-05   1.41922682E+19   2.57274201E+08   1.14244775E+08   9.89287745E+06   0.24594713      
  68               1.82246880E+00   4.35374326E+00   2111.05100330    5.85863376E-05   1.49379131E+19   2.44947016E+08   1.26581069E+08   9.73468689E+06   0.24366763      
  69               2.20632965E+00   4.67444674E+00   2147.67293123    6.18201431E-05   1.57647799E+19   2.31517262E+08   1.40019212E+08   9.56617063E+06   0.24113922      
  70               2.67104190E+00   5.03363661E+00   2186.24245839    6.53842237E-05   1.66766715E+19   2.17012011E+08   1.54531289E+08   9.38751191E+06   0.23844324      
  71               3.23363503E+00   5.43513307E+00   2226.30552652    6.93139426E-05   1.76828090E+19   2.01496629E+08   1.70051536E+08   9.19891401E+06   0.2354406       
  72               3.91472538E+00   5.88316998E+00   2268.02624231    7.36283522E-05   1.87883724E+19   1.85131255E+08   1.86420048E+08   9.00058635E+06   0.23214405      
  73               4.73927163E+00   6.38244137E+00   2310.92865775    7.83694610E-05   2.00044279E+19   1.68109469E+08   2.03442914E+08   8.79273953E+06   0.22860613      
  74               5.73748947E+00   6.93775969E+00   2355.16668364    8.35658766E-05   2.13365129E+19   1.50831805E+08   2.20719583E+08   8.57573445E+06   0.22491891      
  75               6.94595877E+00   7.55491265E+00   2400.29030201    8.92508224E-05   2.27977253E+19   1.34019735E+08   2.37529515E+08   8.34975144E+06   0.22102833      
  76               8.40896415E+00   8.24072976E+00   2446.50596755    9.54664427E-05   2.43974947E+19   1.18212833E+08   2.53332859E+08   8.11479848E+06   0.21708396      
  77               1.01801177E+01   9.00233097E+00   2493.40537169    1.02269676E-04   2.61509774E+19   1.03545971E+08   2.67994434E+08   7.87105482E+06   0.21304212      
  78               1.23243238E+01   9.84778704E+00   2541.16799447    1.09700289E-04   2.80692696E+19   9.02577313E+07   2.81275538E+08   7.61863773E+06   0.20892404      
  79               1.49201573E+01   1.07858589E+01   2589.38513652    1.17826417E-04   3.01705983E+19   7.85266860E+07   2.92997427E+08   7.35771235E+06   0.20475432      
  80               1.80627429E+01   1.18261990E+01   2638.24919769    1.26694026E-04   3.24679753E+19   6.83385463E+07   3.03174898E+08   7.08844614E+06   0.20065341      
  81               2.18672415E+01   1.29793540E+01   2687.39698876    1.36380253E-04   3.49821978E+19   5.94761265E+07   3.12026253E+08   6.81102460E+06   0.19653257      
  82               2.64730696E+01   1.42568269E+01   2736.98666928    1.46940554E-04   3.77290643E+19   5.17902243E+07   3.19702424E+08   6.52565229E+06   0.19245478      
  83               3.20490087E+01   1.56711530E+01   2786.67597836    1.58462945E-04   4.07324297E+19   4.51374648E+07   3.26348194E+08   6.23254823E+06   0.18854007      
  84               3.87993903E+01   1.72359269E+01   2836.69774451    1.71006728E-04   4.40095999E+19   3.93970455E+07   3.32085056E+08   5.93194857E+06   0.18486697      
  85               4.69715834E+01   1.89656972E+01   2886.74415628    1.84667727E-04   4.75867841E+19   3.43723394E+07   3.37109986E+08   5.62413068E+06   0.18134693      
  86               5.68650599E+01   2.08760446E+01   2937.01197065    1.99512081E-04   5.14835326E+19   2.99715058E+07   3.41515265E+08   5.30939930E+06   0.17799054      
  87               6.88423680E+01   2.29836316E+01   2987.19481947    2.15645764E-04   5.57289606E+19   2.61036257E+07   3.45393441E+08   4.98807888E+06   0.17487914      
  88               8.33424188E+01   2.53061757E+01   3037.55142554    2.33134564E-04   6.03432532E+19   2.26898300E+07   3.48825557E+08   4.66051330E+06   0.17189305      
  89               1.00896570E+02   2.78610263E+01   3087.67642733    2.52089558E-04   6.53568584E+19   1.96584973E+07   3.51881974E+08   4.32724593E+06   0.1690715       
  90               1.22148096E+02   3.06661295E+01   3137.84315902    2.72562637E-04   7.07870106E+19   1.70166299E+07   3.54552802E+08   3.98883344E+06   0.16646653      
  91               1.47875764E+02   3.37407045E+01   3187.68988607    2.94671983E-04   7.66661971E+19   1.47272603E+07   3.56873796E+08   3.64575729E+06   0.16412498      
  92               1.79022369E+02   3.71055670E+01   3237.56739797    3.18470910E-04   8.30129972E+19   1.27416862E+07   3.58893780E+08   3.29840428E+06   0.1619216       
  93               2.16729286E+02   4.07835550E+01   3287.06593936    3.44107384E-04   8.98674674E+19   1.10081553E+07   3.60664220E+08   2.94705725E+06   0.15991144      
  94               2.62378292E+02   4.47997780E+01   3336.61850068    3.71641591E-04   9.72512401E+19   9.50587779E+06   3.62205195E+08   2.59190339E+06   0.15810172      
  95               3.17642204E+02   4.91818614E+01   3385.83847585    4.01249405E-04   1.05211828E+20   8.19548024E+06   3.63554493E+08   2.23304844E+06   0.15649005      
  96               3.84546179E+02   5.39602876E+01   3435.19680254    4.33002767E-04   1.13775427E+20   7.06117417E+06   3.64727884E+08   1.87052171E+06   0.15500825      
  97               4.65541927E+02   5.91688304E+01   3484.27474022    4.67119362E-04   1.23000374E+20   6.07927062E+06   3.65747728E+08   1.50428285E+06   0.1536885       
  98               5.63597555E+02   6.48446605E+01   3533.59476411    5.03682486E-04   1.32917853E+20   5.24524832E+06   3.66617126E+08   1.13424638E+06   0.15251629      
  99               6.82306330E+02   7.10284588E+01   3582.72658224    5.42949603E-04   1.43596735E+20   4.53230742E+06   3.67361712E+08   7.60304214E+05   0.15147647      
  100              8.26018359E+02   7.77654030E+01   3632.20833188    5.85021000E-04   1.55074902E+20   3.92363162E+06   3.67998993E+08   3.82292876E+05   0.15051684      
  101              1.00000000E+03   8.51057880E+01   3681.57686741    6.30214201E-04   1.67436858E+20   3.63139941E+06   3.68319015E+08   0.00000000E+00   0.14966653      
