# ATMO pressure-temperature profile
# Effective temperature = 350.0K
# log(g) = 2.5cm/s^2
# M/H = 0.0
# Optical depth grid in band 17 (1.20-1.33microns)
# All parameters in cgs units
#
# Model Level      Optical Depth    Pressure         Temperature      Density          Number Density   Rad Flux         Conv Flux        Radial Extension Adiabatic Gradient
#                                   [Ba]             [K]              [g/cm^3]         [/cm^3]          [ergs/s/cm^2/sr] [ergs/s/cm^2/sr] [cm]             [K/Ba]          
  1                5.00000000E-04   1.00000000E-05   50.79663850      5.54848893E-09   1.42590590E+15   8.51413127E+05   0.00000000E+00   8.13832797E+08   0.34582129      
  2                5.78069831E-04   1.29382300E-04   71.02654705      5.13409454E-08   1.31941070E+16   8.51413127E+05   0.00000000E+00   7.91465133E+08   0.31479413      
  3                6.68329458E-04   2.65388841E-04   78.62370891      9.51346726E-08   2.44486549E+16   8.51413126E+05   0.00000000E+00   7.85311119E+08   0.31482157      
  4                7.72682194E-04   4.12428224E-04   90.83776102      1.27965134E-07   3.28857534E+16   8.51413125E+05   0.00000000E+00   7.81096887E+08   0.31483853      
  5                8.93328530E-04   5.72479013E-04   99.49630423      1.62162325E-07   4.16752737E+16   8.51411510E+05   1.61212014E+00   7.77583411E+08   0.31485227      
  6                1.03281254E-03   7.23400204E-04   108.41764926     1.88090299E-07   4.83286296E+16   8.51407033E+05   6.07340177E+00   7.74850510E+08   0.31486338      
  7                1.19407555E-03   8.14267703E-04   111.16896489     2.06457942E-07   5.30529438E+16   8.51401405E+05   1.16879414E+01   7.73392335E+08   0.31771307      
  8                1.38051810E-03   8.80084632E-04   115.38570569     2.15135101E-07   5.52456728E+16   8.51396971E+05   1.61402890E+01   7.72404657E+08   0.32078376      
  9                1.59607173E-03   9.23476727E-04   115.74900456     2.25033688E-07   5.77875829E+16   8.51394614E+05   1.85083866E+01   7.71781021E+08   0.32068475      
  10               1.84528182E-03   9.73495203E-04   119.17936448     2.30394230E-07   5.91641446E+16   8.51393895E+05   1.92294394E+01   7.71086363E+08   0.32242726      
  11               2.13340350E-03   1.03113750E-03   119.93848738     2.42491690E-07   6.22707150E+16   8.51394412E+05   1.87127572E+01   7.70315181E+08   0.32236323      
  12               2.46651240E-03   1.09754907E-03   123.87768161     2.49901996E-07   6.41736464E+16   8.51395962E+05   1.71643350E+01   7.69462060E+08   0.32383527      
  13               2.85163282E-03   1.17404246E-03   125.08704158     2.64734370E-07   6.79825296E+16   8.51398488E+05   1.46380721E+01   7.68521614E+08   0.32386048      
  14               3.29688580E-03   1.26212274E-03   129.61170236     2.74660511E-07   7.05315155E+16   8.51401835E+05   1.12923161E+01   7.67488673E+08   0.32501887      
  15               3.81166043E-03   1.36352307E-03   131.32023978     2.92866481E-07   7.52067224E+16   8.51405919E+05   7.20826893E+00   7.66358080E+08   0.32509352      
  16               4.40681180E-03   1.48024249E-03   136.50573220     3.05858693E-07   7.85430599E+16   8.51410051E+05   3.07651790E+00   7.65124839E+08   0.32578547      
  17               5.09488990E-03   1.61457619E-03   138.75321504     3.28211910E-07   8.42832605E+16   8.51413084E+05   0.00000000E+00   7.63784090E+08   0.32584278      
  18               5.89040429E-03   1.76919205E-03   144.17624441     3.46114778E-07   8.88806270E+16   8.51413170E+05   0.00000000E+00   7.62333426E+08   0.32595341      
  19               6.81013002E-03   1.94724238E-03   145.36197871     3.77840098E-07   9.70275415E+16   8.51413168E+05   0.00000000E+00   7.60776462E+08   0.32594528      
  20               7.87346142E-03   2.15230076E-03   150.59894781     4.03106672E-07   1.03515852E+17   8.51413129E+05   0.00000000E+00   7.59114912E+08   0.32566015      
  21               9.10282102E-03   2.38843746E-03   151.77891112     4.43855238E-07   1.13979902E+17   8.51413125E+05   0.00000000E+00   7.57349553E+08   0.32561201      
  22               1.05241324E-02   2.66032869E-03   157.08708892     4.77676812E-07   1.22664995E+17   8.51413132E+05   0.00000000E+00   7.55482282E+08   0.32499145      
  23               1.21673669E-02   2.97333521E-03   158.34873383     5.29624941E-07   1.36005076E+17   8.51413130E+05   0.00000000E+00   7.53514386E+08   0.32489467      
  24               1.40671754E-02   3.33368394E-03   163.67584969     5.74487446E-07   1.47525012E+17   8.51413143E+05   0.00000000E+00   7.51448536E+08   0.32400833      
  25               1.62636194E-02   3.74849712E-03   164.93616064     6.41034353E-07   1.64614141E+17   8.51413125E+05   0.00000000E+00   7.49286954E+08   0.32388111      
  26               1.88030155E-02   4.22591552E-03   170.49742751     6.99114895E-07   1.79526606E+17   8.51413125E+05   0.00000000E+00   7.47031754E+08   0.32277554      
  27               2.17389119E-02   4.77519293E-03   171.97502641     7.83192375E-07   2.01118202E+17   8.51413109E+05   0.00000000E+00   7.44684375E+08   0.32260745      
  28               2.51332183E-02   5.40680243E-03   177.98248529     8.56893246E-07   2.20033635E+17   8.51413055E+05   0.00000000E+00   7.42246260E+08   0.32127657      
  29               2.90575105E-02   6.13250842E-03   179.78801130     9.62124704E-07   2.47060470E+17   8.51413002E+05   0.00000000E+00   7.39718815E+08   0.32105612      
  30               3.35945403E-02   6.96549063E-03   186.04682824     1.05622669E-06   2.71178517E+17   8.51412802E+05   0.00000000E+00   7.37105734E+08   0.31965338      
  31               3.88399805E-02   7.91972740E-03   188.27654091     1.18662000E-06   3.04677134E+17   8.51412476E+05   0.00000000E+00   7.34410343E+08   0.31955627      
  32               4.49044419E-02   9.00936605E-03   196.17775644     1.29532272E-06   3.32636811E+17   8.51406072E+05   6.10445648E+00   7.31630815E+08   0.31786091      
  33               5.19158062E-02   1.01943358E-02   204.00896792     1.41680994E-06   3.61939111E+17   8.50165105E+05   1.24653251E+03   7.28861339E+08   0.31616372      
  34               6.00219227E-02   1.14102846E-02   211.39232951     1.53041484E-06   3.90960688E+17   8.48284059E+05   3.12804075E+03   7.26250051E+08   0.31452643      
  35               6.93937253E-02   1.28004918E-02   219.15245782     1.65608349E-06   4.23064077E+17   8.47602390E+05   3.80972008E+03   7.23488622E+08   0.31306906      
  36               8.02288381E-02   1.43891465E-02   227.31492991     1.79477079E-06   4.58493215E+17   8.47510286E+05   3.90157773E+03   7.20574660E+08   0.31158587      
  37               9.27557418E-02   1.62035657E-02   235.85674915     1.94788899E-06   4.97608883E+17   8.47787636E+05   3.62374258E+03   7.17505984E+08   0.31020263      
  38               1.07238592E-01   1.82748851E-02   244.81249813     2.11652298E-06   5.40688223E+17   8.48203514E+05   3.20722387E+03   7.14280064E+08   0.30887256      
  39               1.23982789E-01   2.06384687E-02   254.15637753     2.30238728E-06   5.88169228E+17   8.48470783E+05   2.93913684E+03   7.10894194E+08   0.30765627      
  40               1.43341420E-01   2.33343022E-02   263.92993000     2.50673309E-06   6.40371530E+17   8.48246072E+05   3.16272265E+03   7.07345653E+08   0.30648202      
  41               1.65722701E-01   2.64077228E-02   274.10145161     2.73162788E-06   6.97823285E+17   8.47145821E+05   4.26138480E+03   7.03631523E+08   0.30541591      
  42               1.91598587E-01   2.99102085E-02   284.72158636     2.97852305E-06   7.60895273E+17   8.44731362E+05   6.67362398E+03   6.99748543E+08   0.30445496      
  43               2.21514726E-01   3.39002845E-02   295.75819089     3.24988864E-06   8.30218489E+17   8.40476892E+05   1.09251709E+04   6.95693024E+08   0.30363107      
  44               2.56101960E-01   3.84445682E-02   307.27096211     3.54744267E-06   9.06231819E+17   8.33676529E+05   1.77220031E+04   6.91460753E+08   0.30291653      
  45               2.96089634E-01   4.36183718E-02   319.22482068     3.87413472E-06   9.89688759E+17   8.23418116E+05   2.79765849E+04   6.87047438E+08   0.30230496      
  46               3.42320969E-01   4.95067144E-02   331.68388049     4.23196101E-06   1.08109928E+18   8.08795538E+05   4.25951907E+04   6.82448740E+08   0.30178728      
  47               3.95770849E-01   5.62057187E-02   344.61003553     4.62439068E-06   1.18134956E+18   7.89323666E+05   6.20629148E+04   6.77660100E+08   0.30134309      
  48               4.57566375E-01   6.38252329E-02   358.07366620     5.05384537E-06   1.29105833E+18   7.65097217E+05   8.62854349E+04   6.72675974E+08   0.30095963      
  49               5.29010634E-01   7.24916782E-02   372.03841310     5.52461924E-06   1.41132232E+18   7.36715763E+05   1.14663632E+05   6.67489420E+08   0.30063245      
  50               6.11610175E-01   8.23480424E-02   386.58259933     6.03966430E-06   1.54289658E+18   7.04856448E+05   1.46520776E+05   6.62093579E+08   0.30036863      
  51               7.07106781E-01   9.35566500E-02   401.66719152     6.60408249E-06   1.68707404E+18   6.70443601E+05   1.80933593E+05   6.56481287E+08   0.30017074      
  52               8.17514195E-01   1.06302245E-01   417.37828076     7.22132134E-06   1.84475387E+18   6.34794594E+05   2.16586383E+05   6.50644880E+08   0.30001892      
  53               9.45160584E-01   1.20801490E-01   433.68026100     7.89780663E-06   2.01756937E+18   5.99512264E+05   2.51879133E+05   6.44573549E+08   0.2998947       
  54               1.09273764E+00   1.37326656E-01   450.69607181     8.63922054E-06   2.20697246E+18   5.65226406E+05   2.86187715E+05   6.38247164E+08   0.29977547      
  55               1.26335732E+00   1.56225785E-01   468.43636671     9.45595755E-06   2.41561629E+18   5.30900733E+05   3.20558352E+05   6.31634866E+08   0.29965446      
  56               1.46061751E+00   1.77981261E-01   487.11618117     1.03603673E-05   2.64647358E+18   4.96210102E+05   3.55324027E+05   6.24684000E+08   0.29954057      
  57               1.68867783E+00   2.03278674E-01   506.87589760     1.13715836E-05   2.90479854E+18   4.66182052E+05   3.85437028E+05   6.17313799E+08   0.299443        
  58               1.95234742E+00   2.33099508E-01   528.10370131     1.25155214E-05   3.19703938E+18   4.41407218E+05   4.10283638E+05   6.09409076E+08   0.29934244      
  59               2.25718628E+00   2.68845731E-01   551.12098477     1.38317720E-05   3.53331240E+18   4.15996001E+05   4.35743211E+05   6.00817576E+08   0.29921088      
  60               2.60962258E+00   3.12327579E-01   576.42304316     1.53633058E-05   3.92459495E+18   3.86312872E+05   4.65440268E+05   5.91385026E+08   0.29903941      
  61               3.01708817E+00   3.65604220E-01   604.18895723     1.71572669E-05   4.38292719E+18   3.51903209E+05   4.99822096E+05   5.81008005E+08   0.29882967      
  62               3.48817529E+00   4.30661596E-01   634.50843839     1.92443403E-05   4.91614386E+18   3.17047611E+05   5.34611548E+05   5.69686013E+08   0.29857712      
  63               4.03281780E+00   5.09194143E-01   667.00834563     2.16447189E-05   5.52939953E+18   2.87696893E+05   5.63872114E+05   5.57517889E+08   0.29825454      
  64               4.66250061E+00   6.02411145E-01   701.31231091     2.43544264E-05   6.22167577E+18   2.65206988E+05   5.86258826E+05   5.44678888E+08   0.29781574      
  65               5.39050188E+00   7.10938267E-01   736.71664208     2.73605835E-05   6.98967930E+18   2.48277701E+05   6.03078816E+05   5.31383916E+08   0.29728198      
  66               6.23217301E+00   8.34998803E-01   772.79630756     3.06348426E-05   7.82612273E+18   2.37053662E+05   6.14198660E+05   5.17833134E+08   0.29670303      
  67               7.20526240E+00   9.75132332E-01   809.13035782     3.41697192E-05   8.72912877E+18   2.32075321E+05   6.19084209E+05   5.04136476E+08   0.29604496      
  68               8.33028963E+00   1.13221115E+00   845.69803027     3.79583555E-05   9.69701237E+18   2.32991340E+05   6.18088981E+05   4.90343960E+08   0.2952714       
  69               9.63097823E+00   1.30706539E+00   882.24192996     4.20053071E-05   1.07308830E+19   2.38677084E+05   6.12336235E+05   4.76496482E+08   0.29436915      
  70               1.11347559E+01   1.50053440E+00   918.80367875     4.63039042E-05   1.18290283E+19   2.48017082E+05   6.02939934E+05   4.62624100E+08   0.29340845      
  71               1.28733329E+01   1.71367770E+00   955.21775312     5.08653849E-05   1.29942913E+19   2.60411590E+05   5.90501015E+05   4.48735686E+08   0.29239795      
  72               1.48833708E+01   1.94849032E+00   991.73670900     5.57068971E-05   1.42307472E+19   2.75928778E+05   5.74951317E+05   4.34786189E+08   0.29134495      
  73               1.72072553E+01   2.20757622E+00   1028.36383931    6.08656215E-05   1.55487238E+19   2.95067678E+05   5.55792319E+05   4.20715828E+08   0.29019605      
  74               1.98939903E+01   2.49423884E+00   1065.41125518    6.63769212E-05   1.69569054E+19   3.17623576E+05   5.33230648E+05   4.06453850E+08   0.2889836       
  75               2.30002312E+01   2.81287764E+00   1102.95631256    7.23065634E-05   1.84721893E+19   3.43693977E+05   5.07171715E+05   3.91909099E+08   0.28768893      
  76               2.65914795E+01   3.16960452E+00   1141.44887733    7.87256936E-05   2.01128888E+19   3.74394105E+05   4.76504189E+05   3.76957212E+08   0.28635526      
  77               3.07434641E+01   3.57336220E+00   1181.18613536    8.57633517E-05   2.19121271E+19   4.12160700E+05   4.38789736E+05   3.61418274E+08   0.28494423      
  78               3.55437382E+01   4.03707661E+00   1222.90702512    9.35800996E-05   2.39110909E+19   4.59075528E+05   3.91937619E+05   3.45049355E+08   0.28349546      
  79               4.10935254E+01   4.57787935E+00   1267.12370699    1.02403534E-04   2.61680383E+19   5.15842334E+05   3.35228675E+05   3.27578937E+08   0.28194932      
  80               4.75098546E+01   5.21682115E+00   1314.57545948    1.12472085E-04   2.87439380E+19   5.80725358E+05   2.70379769E+05   3.08751301E+08   0.28031269      
  81               5.49280272E+01   5.97706240E+00   1365.48178159    1.24045139E-04   3.17049972E+19   6.49342970E+05   2.01761608E+05   2.88397159E+08   0.27853674      
  82               6.35044707E+01   6.88050151E+00   1419.93891994    1.37304423E-04   3.50975072E+19   7.15607108E+05   1.35457057E+05   2.66505495E+08   0.27664323      
  83               7.34200373E+01   7.94633280E+00   1477.40960305    1.52392233E-04   3.89575531E+19   7.72248171E+05   7.87365346E+04   2.43204487E+08   0.27457691      
  84               8.48838171E+01   9.18443632E+00   1537.12981078    1.69283810E-04   4.32780617E+19   8.08559386E+05   4.23294921E+04   2.18827687E+08   0.27248736      
  85               9.81375475E+01   1.05819923E+01   1597.34437024    1.87698381E-04   4.79838096E+19   8.03898884E+05   4.68808419E+04   1.94033850E+08   0.27042197      
  86               1.13460711E+02   1.20748860E+01   1655.17894278    2.06772492E-04   5.28401360E+19   7.56964036E+05   9.35995901E+04   1.70068716E+08   0.26850613      
  87               1.31176428E+02   1.35987766E+01   1708.62831059    2.25593677E-04   5.76471816E+19   6.88379784E+05   1.61778202E+05   1.47756197E+08   0.26667976      
  88               1.51658271E+02   1.51041114E+01   1756.99082509    2.43733869E-04   6.22660800E+19   6.06510363E+05   2.42952052E+05   1.27454961E+08   0.26501289      
  89               1.75338142E+02   1.65089636E+01   1798.73426976    2.60350442E-04   6.64781066E+19   5.13601379E+05   3.35129862E+05   1.09818675E+08   0.26349805      
  90               2.02715380E+02   1.77194999E+01   1832.50331588    2.74584855E-04   7.00378057E+19   4.22644458E+05   4.25636278E+05   9.55003875E+07   0.26224682      
  91               2.34367291E+02   1.87016150E+01   1858.53241702    2.85740700E-04   7.28844383E+19   3.73082936E+05   4.75291969E+05   8.44127695E+07   0.26121081      
  92               2.70961321E+02   1.97720048E+01   1885.72444462    2.97733783E-04   7.59448477E+19   3.57995077E+05   4.90917253E+05   7.28078521E+07   0.26019682      
  93               3.13269130E+02   2.09353424E+01   1913.90359450    3.10600155E-04   7.92293058E+19   3.22065905E+05   5.27126554E+05   6.07104774E+07   0.25915982      
  94               3.62182865E+02   2.18686542E+01   1935.62859003    3.20898974E-04   8.18325094E+19   2.69215256E+05   5.80206924E+05   5.13615924E+07   0.25833129      
  95               4.18733975E+02   2.25742851E+01   1951.53468820    3.28549412E-04   8.37844785E+19   2.40430465E+05   6.09719716E+05   4.44894337E+07   0.25763757      
  96               4.84114957E+02   2.33582739E+01   1968.77140289    3.36978464E-04   8.59352399E+19   2.32383182E+05   6.18651767E+05   3.70385377E+07   0.25694336      
  97               5.59704502E+02   2.42272775E+01   1987.29362170    3.46251915E-04   8.83015678E+19   2.23731190E+05   6.28233867E+05   2.89935660E+07   0.25620987      
  98               6.47096573E+02   2.51867817E+01   2007.15796276    3.56395822E-04   9.08901803E+19   2.14344588E+05   6.38583360E+05   2.03561346E+07   0.25545959      
  99               7.48134013E+02   2.62425333E+01   2028.27480260    3.67447634E-04   9.37140702E+19   1.90826539E+05   6.62244380E+05   1.11304657E+07   0.25469645      
  100              8.64947405E+02   2.70122766E+01   2043.24955650    3.75770165E-04   9.57559159E+19   1.58120516E+05   6.93618507E+05   4.57905128E+06   0.25413279      
  101              1.00000000E+03   2.75604913E+01   2053.69079409    3.81441635E-04   9.72025680E+19   1.43900938E+05   7.06666588E+05   0.00000000E+00   0.25368989      
