# ATMO pressure-temperature profile
# Effective temperature = 1100.0K
# log(g) = 4.0cm/s^2
# M/H = 0.0
# Optical depth grid in band 17 (1.20-1.33microns)
# All parameters in cgs units
#
# Model Level      Optical Depth    Pressure         Temperature      Density          Number Density   Rad Flux         Conv Flux        Radial Extension Adiabatic Gradient
#                                   [Ba]             [K]              [g/cm^3]         [/cm^3]          [ergs/s/cm^2/sr] [ergs/s/cm^2/sr] [cm]             [K/Ba]          
  1                5.00000000E-05   1.00000000E-05   376.03886505     7.53949602E-10   1.92616331E+14   8.30127767E+07   0.00000000E+00   5.72567373E+07   0.29830787      
  2                5.91534807E-05   1.07783978E-04   444.74886148     6.87105079E-09   1.75535598E+15   8.30127766E+07   0.00000000E+00   5.29605178E+07   0.29959205      
  3                6.99826855E-05   2.13943661E-04   467.96732935     1.29618710E-08   3.31138539E+15   8.30127766E+07   0.00000000E+00   5.18356171E+07   0.29942653      
  4                8.27943887E-05   3.34959035E-04   487.14416973     1.94947636E-08   4.98035186E+15   8.30127766E+07   0.00000000E+00   5.10743313E+07   0.29933798      
  5                9.79515255E-05   4.74322832E-04   498.00289866     2.70038680E-08   6.89871175E+15   8.30127766E+07   0.00000000E+00   5.04669268E+07   0.29926936      
  6                1.15883473E-04   6.35656519E-04   510.83619190     3.52796818E-08   9.01294428E+15   8.30127763E+07   0.00000000E+00   4.99442302E+07   0.29921817      
  7                1.37098216E-04   8.22992715E-04   518.11813362     4.50350916E-08   1.15051699E+16   8.30127769E+07   0.00000000E+00   4.94742453E+07   0.29916859      
  8                1.62196734E-04   1.04102075E-03   528.68216946     5.58275511E-08   1.42623327E+16   8.30127763E+07   0.00000000E+00   4.90394223E+07   0.2991288       
  9                1.91890027E-04   1.29510177E-03   534.57668920     6.86875103E-08   1.75476805E+16   8.30127769E+07   0.00000000E+00   4.86291152E+07   0.29908469      
  10               2.27019260E-04   1.59144363E-03   544.32744783     8.28924415E-08   2.11766308E+16   8.30127762E+07   0.00000000E+00   4.82363829E+07   0.29904656      
  11               2.68579588E-04   1.93722015E-03   549.77294834     9.99032367E-08   2.55223964E+16   8.30127771E+07   0.00000000E+00   4.78564138E+07   0.29900252      
  12               3.17748350E-04   2.34078022E-03   559.30611681     1.18657452E-07   3.03135576E+16   8.30127760E+07   0.00000000E+00   4.74857579E+07   0.29896397      
  13               3.75918418E-04   2.81184187E-03   564.54413945     1.41213749E-07   3.60760375E+16   8.30127773E+07   0.00000000E+00   4.71218498E+07   0.29891702      
  14               4.44737657E-04   3.36173450E-03   574.00418416     1.66047503E-07   4.24203446E+16   8.30127756E+07   0.00000000E+00   4.67627433E+07   0.29887499      
  15               5.26155608E-04   4.00360725E-03   579.23972597     1.95964394E-07   5.00632417E+16   8.30127778E+07   0.00000000E+00   4.64069120E+07   0.29882438      
  16               6.22478712E-04   4.75276094E-03   588.80001410     2.28855944E-07   5.84660829E+16   8.30127751E+07   0.00000000E+00   4.60531581E+07   0.2987805       
  17               7.36435649E-04   5.62690444E-03   594.20579091     2.68482977E-07   6.85896362E+16   8.30127782E+07   0.00000000E+00   4.57005086E+07   0.29872022      
  18               8.71254639E-04   6.64654427E-03   604.12772837     3.11925749E-07   7.96880083E+16   8.30127747E+07   0.00000000E+00   4.53481679E+07   0.29867012      
  19               1.03075489E-03   7.83531288E-03   610.00459170     3.64172690E-07   9.30355820E+16   8.30127790E+07   0.00000000E+00   4.49954577E+07   0.29859968      
  20               1.21945479E-03   9.22048900E-03   620.53309431     4.21282271E-07   1.07625417E+17   8.30127734E+07   0.00000000E+00   4.46418149E+07   0.29854042      
  21               1.44269991E-03   1.08336511E-02   627.06315251     4.89832723E-07   1.25138056E+17   8.30127805E+07   0.00000000E+00   4.42867012E+07   0.29844608      
  22               1.70681442E-03   1.27116348E-02   638.43286414     5.64508358E-07   1.44215524E+17   8.30127716E+07   0.00000000E+00   4.39295659E+07   0.29841053      
  23               2.01928028E-03   1.48967077E-02   645.95627958     6.53840154E-07   1.67037127E+17   8.30127824E+07   0.00000000E+00   4.35699035E+07   0.29831185      
  24               2.38894914E-03   1.74375533E-02   658.40231376     7.50893969E-07   1.91831552E+17   8.30127694E+07   0.00000000E+00   4.32072823E+07   0.29820151      
  25               2.82629313E-03   2.03896599E-02   667.08969196     8.66582990E-07   2.21386733E+17   8.30127852E+07   0.00000000E+00   4.28413189E+07   0.29807094      
  26               3.34370152E-03   2.38163344E-02   680.88114007     9.91718815E-07   2.53354985E+17   8.30127662E+07   0.00000000E+00   4.24716835E+07   0.29795186      
  27               3.95583167E-03   2.77888224E-02   691.16574338     1.13991578E-06   2.91215024E+17   8.30127884E+07   0.00000000E+00   4.20980620E+07   0.29779244      
  28               4.68002425E-03   3.23877933E-02   706.73901642     1.29930060E-06   3.31931242E+17   8.30127632E+07   0.00000000E+00   4.17201680E+07   0.29763209      
  29               5.53679448E-03   3.77029596E-02   718.94263237     1.48685408E-06   3.79845552E+17   8.30127916E+07   0.00000000E+00   4.13377592E+07   0.29742626      
  30               6.55041330E-03   4.38351427E-02   736.50878302     1.68746238E-06   4.31092367E+17   8.30127602E+07   0.00000000E+00   4.09506223E+07   0.29723123      
  31               7.74959494E-03   5.08948055E-02   750.89256666     1.92169724E-06   4.90932172E+17   8.30127940E+07   0.00000000E+00   4.05585876E+07   0.29695854      
  32               9.16831029E-03   5.90082691E-02   770.72965388     2.17069781E-06   5.54544811E+17   8.30127584E+07   0.00000000E+00   4.01613371E+07   0.29665141      
  33               1.08467493E-02   6.83252421E-02   787.51723880     2.45985103E-06   6.28415588E+17   8.30127957E+07   0.00000000E+00   3.97581366E+07   0.29624721      
  34               1.28324595E-02   7.90239376E-02   809.75940459     2.76686680E-06   7.06852022E+17   8.30127578E+07   0.00000000E+00   3.93480427E+07   0.29586093      
  35               1.51816929E-02   9.13078736E-02   829.04453492     3.12257843E-06   7.97730520E+17   8.30127958E+07   0.00000000E+00   3.89301278E+07   0.29541435      
  36               1.79609996E-02   1.05438342E-01   853.81806804     3.50114726E-06   8.94456177E+17   8.30127581E+07   0.00000000E+00   3.85027639E+07   0.29496353      
  37               2.12491128E-02   1.21735521E-01   875.78118167     3.94086724E-06   1.00681007E+18   8.30127975E+07   0.00000000E+00   3.80640165E+07   0.294391        
  38               2.51391797E-02   1.40677502E-01   903.32158334     4.41508279E-06   1.12799741E+18   8.30127579E+07   0.00000000E+00   3.76098987E+07   0.29378253      
  39               2.97413996E-02   1.62899762E-01   928.25895451     4.97504980E-06   1.27109246E+18   8.30127978E+07   0.00000000E+00   3.71357349E+07   0.29301656      
  40               3.51861462E-02   1.89468867E-01   959.17840809     5.59947199E-06   1.43075181E+18   8.30127595E+07   0.00000000E+00   3.66323263E+07   0.29222099      
  41               4.16276604E-02   2.21876905E-01   988.24453254     6.36381141E-06   1.62619836E+18   8.30127972E+07   0.00000000E+00   3.60894093E+07   0.29126559      
  42               4.92484201E-02   2.62456601E-01   1024.14289126    7.26292722E-06   1.85619152E+18   8.30127582E+07   0.00000000E+00   3.54924907E+07   0.29029275      
  43               5.82643093E-02   3.14161789E-01   1058.37617007    8.41166852E-06   2.15000340E+18   8.30128012E+07   0.00000000E+00   3.48309593E+07   0.28914333      
  44               6.89307339E-02   3.80717839E-01   1099.01918797    9.81559082E-06   2.50913363E+18   8.30127502E+07   0.00000000E+00   3.40984656E+07   0.28796561      
  45               8.15498567E-02   4.66014342E-01   1137.25794125    1.16097816E-05   2.96801536E+18   8.30128131E+07   0.00000000E+00   3.32994249E+07   0.28659717      
  46               9.64791575E-02   5.73938356E-01   1180.71473910    1.37711727E-05   3.52083850E+18   8.30127370E+07   0.00000000E+00   3.24458759E+07   0.28521203      
  47               1.14141560E-01   7.08030828E-01   1220.39849128    1.64354233E-05   4.20219639E+18   8.30128327E+07   0.00000000E+00   3.15545595E+07   0.2836261       
  48               1.35037411E-01   8.71079458E-01   1264.57272251    1.95130520E-05   4.98930211E+18   8.30127046E+07   0.00000000E+00   3.06440855E+07   0.28208715      
  49               1.59758657E-01   1.06569168E+00   1304.60264355    2.31394509E-05   5.91669471E+18   8.30128886E+07   0.00000000E+00   2.97282184E+07   0.28047766      
  50               1.89005613E-01   1.29394415E+00   1349.22691141    2.71655812E-05   6.94634544E+18   8.30126246E+07   0.00000000E+00   2.88178206E+07   0.27903313      
  51               2.23606798E-01   1.55758512E+00   1389.86785939    3.17439356E-05   8.11716019E+18   8.30130100E+07   0.00000000E+00   2.79200322E+07   0.27752955      
  52               2.64542408E-01   1.85825064E+00   1435.38750603    3.66702858E-05   9.37693637E+18   8.30124381E+07   0.00000000E+00   2.70387852E+07   0.27600868      
  53               3.12972084E-01   2.19818248E+00   1477.02350348    4.21559534E-05   1.07795883E+19   8.30131726E+07   0.00000000E+00   2.61742019E+07   0.27432168      
  54               3.70267763E-01   2.57700686E+00   1523.36365110    4.79201173E-05   1.22528700E+19   8.30120716E+07   0.00000000E+00   2.53313437E+07   0.27274021      
  55               4.38052539E-01   2.98429425E+00   1565.37348145    5.40278398E-05   1.38085956E+19   8.30135007E+07   0.00000000E+00   2.45308402E+07   0.27106644      
  56               5.18246648E-01   3.41372301E+00   1611.86589217    6.00207422E-05   1.53399949E+19   8.30124156E+07   0.00000000E+00   2.37767330E+07   0.26950177      
  57               6.13121862E-01   3.86007576E+00   1654.70757937    6.61193250E-05   1.68966424E+19   8.30134858E+07   0.00000000E+00   2.30681865E+07   0.26782303      
  58               7.25365844E-01   4.29333426E+00   1702.86355850    7.14854634E-05   1.82616784E+19   8.14920719E+07   1.53422278E+06   2.24379763E+07   0.26618466      
  59               8.58158289E-01   4.67845270E+00   1741.60492603    7.62190570E-05   1.94571147E+19   7.68032726E+07   6.21592386E+06   2.19162105E+07   0.26441093      
  60               1.01526100E+00   4.99748963E+00   1772.63836131    8.00509674E-05   2.04200874E+19   7.17231323E+07   1.12952127E+07   2.15077603E+07   0.26297866      
  61               1.20112443E+00   5.33648312E+00   1802.93567470    8.40421148E-05   2.14388135E+19   6.65916312E+07   1.64528454E+07   2.10944657E+07   0.26166508      
  62               1.42101382E+00   5.62101010E+00   1828.02468317    8.73351622E-05   2.22719452E+19   6.17366104E+07   2.12820162E+07   2.07623409E+07   0.26058519      
  63               1.68115827E+00   5.84064716E+00   1845.85361959    8.98701250E-05   2.29186775E+19   5.78217931E+07   2.51734036E+07   2.05144256E+07   0.2594933       
  64               1.98892727E+00   6.08875476E+00   1866.33963774    9.26579690E-05   2.36299957E+19   5.43534416E+07   2.86429401E+07   2.02425369E+07   0.25855355      
  65               2.35303941E+00   6.36788329E+00   1887.56735490    9.58142251E-05   2.44353451E+19   5.07653357E+07   3.22596029E+07   1.99462940E+07   0.25759669      
  66               2.78380943E+00   6.68026281E+00   1911.45254712    9.92526615E-05   2.53137139E+19   4.64353381E+07   3.66560156E+07   1.96259647E+07   0.25701407      
  67               3.29344035E+00   6.91683071E+00   1928.11533209    1.01964725E-04   2.59836393E+19   4.22356157E+07   4.08020658E+07   1.93907810E+07   0.25651342      
  68               3.89636920E+00   7.09073428E+00   1940.91763733    1.03837416E-04   2.64612249E+19   3.91092918E+07   4.38779546E+07   1.92217732E+07   0.25604711      
  69               4.60967600E+00   7.28979139E+00   1954.21958080    1.06024108E-04   2.70188948E+19   3.66744236E+07   4.63143955E+07   1.90320596E+07   0.25541223      
  70               5.45356761E+00   7.51668747E+00   1970.05587905    1.08443230E-04   2.76359112E+19   3.45283539E+07   4.84621086E+07   1.88204557E+07   0.2547992       
  71               6.45195012E+00   7.77423125E+00   1986.52301649    1.11226545E-04   2.83458636E+19   3.24789941E+07   5.05132721E+07   1.85859542E+07   0.25398384      
  72               7.63310614E+00   8.06531620E+00   2005.62511720    1.14289021E-04   2.91271155E+19   3.05532128E+07   5.24408081E+07   1.83277796E+07   0.25318931      
  73               9.03049593E+00   8.39278271E+00   2025.40755020    1.17763924E-04   3.00136901E+19   2.87554917E+07   5.42401517E+07   1.80455135E+07   0.25217866      
  74               1.06837053E+01   8.76207136E+00   2047.97761500    1.21585662E-04   3.09889899E+19   2.71792494E+07   5.58180841E+07   1.77368972E+07   0.2511793       
  75               1.26395671E+01   9.17714742E+00   2071.37798743    1.25900867E-04   3.20903306E+19   2.56307260E+07   5.73682048E+07   1.74014127E+07   0.24993243      
  76               1.49534878E+01   9.64222731E+00   2097.56689095    1.30621995E-04   3.32956414E+19   2.41557570E+07   5.88446417E+07   1.70387479E+07   0.24866953      
  77               1.76910170E+01   1.01617851E+01   2124.54947791    1.35902882E-04   3.46440770E+19   2.26657238E+07   6.03360192E+07   1.66487953E+07   0.24714952      
  78               2.09297047E+01   1.07406150E+01   2154.24973267    1.41651857E-04   3.61126152E+19   2.12356103E+07   6.17673388E+07   1.62316128E+07   0.24561552      
  79               2.47612977E+01   1.13838438E+01   2184.64659554    1.48031922E-04   3.77427531E+19   1.97875572E+07   6.32164669E+07   1.57874140E+07   0.24385638      
  80               2.92943389E+01   1.20970131E+01   2217.64409215    1.54946889E-04   3.95104652E+19   1.84028047E+07   6.46021554E+07   1.53165187E+07   0.2420373       
  81               3.46572422E+01   1.28861005E+01   2251.18688764    1.62572973E-04   4.14606211E+19   1.70035238E+07   6.60022547E+07   1.48193423E+07   0.23990157      
  82               4.10019301E+01   1.37576296E+01   2287.15144460    1.70811199E-04   4.35686929E+19   1.56837743E+07   6.73228386E+07   1.42963434E+07   0.23769549      
  83               4.85081376E+01   1.47186901E+01   2323.47904266    1.79852716E-04   4.58834688E+19   1.43554014E+07   6.86519186E+07   1.37480217E+07   0.2351979       
  84               5.73885036E+01   1.57766156E+01   2362.01709101    1.89611654E-04   4.83789734E+19   1.31186884E+07   6.98889675E+07   1.31751220E+07   0.2327145       
  85               6.78945948E+01   1.69399418E+01   2400.73991962    2.00259533E-04   5.11084416E+19   1.19342410E+07   7.10736990E+07   1.25781221E+07   0.22990005      
  86               8.03240320E+01   1.82184639E+01   2441.47402182    2.11718240E-04   5.40487294E+19   1.08773668E+07   7.21308787E+07   1.19572035E+07   0.22716846      
  87               9.50289215E+01   1.96223174E+01   2482.26391845    2.24211995E-04   5.72569464E+19   9.84390171E+06   7.31645382E+07   1.13128628E+07   0.22409702      
  88               1.12425830E+02   2.11629648E+01   2524.83887990    2.37647519E-04   6.07111807E+19   8.90720962E+06   7.41013433E+07   1.06454264E+07   0.22116886      
  89               1.33007583E+02   2.28528746E+01   2567.36700232    2.52266922E-04   6.44731251E+19   8.01551287E+06   7.49931142E+07   9.95523490E+06   0.21784992      
  90               1.57357229E+02   2.47059455E+01   2611.43551852    2.67990253E-04   6.85248372E+19   7.22284720E+06   7.57858190E+07   9.24253667E+06   0.2147897       
  91               1.86164557E+02   2.67373485E+01   2655.41515741    2.85070705E-04   7.29309291E+19   6.47099926E+06   7.65377179E+07   8.50757666E+06   0.21130749      
  92               2.20245630E+02   2.89639012E+01   2700.67226928    3.03452859E-04   7.76803211E+19   5.80770779E+06   7.72010928E+07   7.75054347E+06   0.20824831      
  93               2.60565913E+02   3.14037028E+01   2745.88134443    3.23386799E-04   8.28371087E+19   5.18519877E+06   7.78237682E+07   6.97169720E+06   0.20458297      
  94               3.08267614E+02   3.40766588E+01   2792.00366373    3.44865636E-04   8.84029712E+19   4.63533470E+06   7.83739062E+07   6.17129173E+06   0.20112591      
  95               3.64702046E+02   3.70042700E+01   2838.02833248    3.68134351E-04   9.44410821E+19   4.13963287E+06   7.88700356E+07   5.34963630E+06   0.19799733      
  96               4.31467909E+02   4.02096523E+01   2885.00915721    3.93171291E-04   1.00950613E+20   3.69439971E+06   7.93158888E+07   4.50709616E+06   0.19486694      
  97               5.10456573E+02   4.37177087E+01   2931.74796923    4.20275538E-04   1.08008168E+20   3.28677858E+06   7.97243551E+07   3.64409080E+06   0.19184827      
  98               6.03905660E+02   4.75551767E+01   2979.38841526    4.49409225E-04   1.15610296E+20   2.92220933E+06   8.00901276E+07   2.76108824E+06   0.18894803      
  99               7.14462436E+02   5.17505834E+01   3026.69710598    4.80910211E-04   1.23843189E+20   2.58759705E+06   8.04265352E+07   1.85863169E+06   0.18613951      
  100              8.45258798E+02   5.63318981E+01   3074.81708313    5.14709202E-04   1.32696950E+20   2.28631332E+06   8.07300856E+07   9.37794762E+05   0.18334941      
  101              1.00000000E+03   6.13267569E+01   3122.39995627    5.51162665E-04   1.42261475E+20   2.12690140E+06   8.08909003E+07   0.00000000E+00   0.1807555       
