# ATMO pressure-temperature profile
# Effective temperature = 2500.0K
# log(g) = 3.5cm/s^2
# M/H = 0.0
# Optical depth grid in band 17 (1.20-1.33microns)
# All parameters in cgs units
#
# Model Level      Optical Depth    Pressure         Temperature      Density          Number Density   Rad Flux         Conv Flux        Radial Extension Adiabatic Gradient
#                                   [Ba]             [K]              [g/cm^3]         [/cm^3]          [ergs/s/cm^2/sr] [ergs/s/cm^2/sr] [cm]             [K/Ba]          
  1                3.00000000E-06   1.00000000E-05   964.89447136     2.93536750E-10   7.50664748E+13   2.21480317E+09   0.00000000E+00   3.74244691E+08   0.29050954      
  2                3.65048058E-06   1.41544593E-05   1069.03574704    3.75010015E-10   9.59018302E+13   2.21480316E+09   0.00000000E+00   3.70284985E+08   0.28675324      
  3                4.44200282E-06   1.86168480E-05   1118.46817392    4.71441357E-10   1.20561422E+14   2.21480316E+09   0.00000000E+00   3.66928895E+08   0.28578606      
  4                5.40514834E-06   2.36941468E-05   1146.80567163    5.85191991E-10   1.49650125E+14   2.21480315E+09   0.00000000E+00   3.63872072E+08   0.28386205      
  5                6.57712968E-06   2.95571045E-05   1177.64159649    7.10912438E-10   1.81791925E+14   2.21480315E+09   0.00000000E+00   3.60997568E+08   0.28355216      
  6                8.00322805E-06   3.62941835E-05   1197.89602047    8.58314328E-10   2.19454125E+14   2.21480314E+09   0.00000000E+00   3.58270161E+08   0.28202138      
  7                9.73854285E-06   4.40831898E-05   1223.76961390    1.02058157E-09   2.60915083E+14   2.21480314E+09   0.00000000E+00   3.55638408E+08   0.28186798      
  8                1.18501205E-05   5.29441652E-05   1241.26391597    1.20888996E-09   3.08944035E+14   2.21480313E+09   0.00000000E+00   3.53115614E+08   0.28048864      
  9                1.44195449E-05   6.30142758E-05   1264.98808291    1.41186093E-09   3.60809825E+14   2.21480312E+09   0.00000000E+00   3.50678107E+08   0.28039674      
  10               1.75460896E-05   7.47133219E-05   1281.16243599    1.65340752E-09   4.22395896E+14   2.21480310E+09   0.00000000E+00   3.48256618E+08   0.2791178       
  11               2.13505531E-05   8.80909434E-05   1304.20632093    1.91530778E-09   4.89227431E+14   2.21480308E+09   0.00000000E+00   3.45879375E+08   0.27903746      
  12               2.59799264E-05   1.03267268E-04   1319.88474869    2.21890282E-09   5.66699094E+14   2.21480304E+09   0.00000000E+00   3.43551388E+08   0.27779474      
  13               3.16130723E-05   1.19799130E-04   1343.02708783    2.53320972E-09   6.46092549E+14   2.21480301E+09   0.00000000E+00   3.41346031E+08   0.27487448      
  14               3.84676354E-05   1.36751173E-04   1358.55412421    2.86123413E-09   7.29088006E+14   2.21480294E+09   0.00000000E+00   3.39354759E+08   0.27168458      
  15               4.68084520E-05   1.54878216E-04   1381.03885645    3.18764632E-09   8.12288450E+14   2.21480290E+09   0.00000000E+00   3.37456674E+08   0.27174433      
  16               5.69577817E-05   1.75137913E-04   1396.68584235    3.56415814E-09   9.08253914E+14   2.21480299E+09   0.00000000E+00   3.35555948E+08   0.26841103      
  17               6.93077586E-05   1.99061305E-04   1415.89047692    3.99592589E-09   1.01831707E+15   2.21480307E+09   0.00000000E+00   3.33551310E+08   0.26846484      
  18               8.43355422E-05   2.27300857E-04   1432.19478320    4.51071508E-09   1.14954195E+15   2.21480313E+09   0.00000000E+00   3.31447887E+08   0.26450911      
  19               1.02621753E-04   2.60616548E-04   1452.28921766    5.10004847E-09   1.29979456E+15   2.21480319E+09   0.00000000E+00   3.29251345E+08   0.26459631      
  20               1.24872905E-04   2.99886384E-04   1469.62881542    5.79902843E-09   1.47800168E+15   2.21480324E+09   0.00000000E+00   3.26967878E+08   0.2601136       
  21               1.51948705E-04   3.46122656E-04   1490.95352077    6.59694357E-09   1.68148022E+15   2.21480328E+09   0.00000000E+00   3.24603949E+08   0.26009088      
  22               1.84895266E-04   4.00469885E-04   1509.77714756    7.53713048E-09   1.92124546E+15   2.21480331E+09   0.00000000E+00   3.22166680E+08   0.25448475      
  23               2.24985526E-04   4.64199748E-04   1532.93920726    8.60372215E-09   2.19333924E+15   2.21480334E+09   0.00000000E+00   3.19664044E+08   0.2542358       
  24               2.73768430E-04   5.38640565E-04   1554.14201888    9.84626740E-09   2.51034953E+15   2.21480337E+09   0.00000000E+00   3.17106442E+08   0.24765519      
  25               3.33128779E-04   6.25010177E-04   1580.51464619    1.12326957E-08   2.86427297E+15   2.21480337E+09   0.00000000E+00   3.14509365E+08   0.24666248      
  26               4.05360046E-04   7.23864678E-04   1606.33428196    1.27979077E-08   3.26397855E+15   2.21480336E+09   0.00000000E+00   3.11902090E+08   0.23768623      
  27               4.93252992E-04   8.33304110E-04   1639.90751321    1.44267167E-08   3.68052700E+15   2.21480310E+09   0.00000000E+00   3.09355114E+08   0.2338879       
  28               6.00203489E-04   9.53881978E-04   1663.93352593    1.62718501E-08   4.15225972E+15   2.21480314E+09   0.00000000E+00   3.06866443E+08   0.2264649       
  29               7.30343727E-04   1.09455151E-03   1683.82664473    1.84471427E-08   4.70830585E+15   2.21480316E+09   0.00000000E+00   3.04298897E+08   0.22509362      
  30               8.88701864E-04   1.25886426E-03   1707.03698885    2.09220741E-08   5.34148251E+15   2.21480319E+09   0.00000000E+00   3.01654015E+08   0.2177431       
  31               1.08139630E-03   1.45080718E-03   1727.23321694    2.38243293E-08   6.08393484E+15   2.21480320E+09   0.00000000E+00   2.98935318E+08   0.21631674      
  32               1.31587206E-03   1.67497228E-03   1751.09756750    2.71211939E-08   6.92824313E+15   2.21480322E+09   0.00000000E+00   2.96146594E+08   0.2088581       
  33               1.60118847E-03   1.93659418E-03   1772.24794003    3.09735286E-08   7.91480067E+15   2.21480323E+09   0.00000000E+00   2.93292120E+08   0.20741224      
  34               1.94836913E-03   2.24170844E-03   1797.16353678    3.53409690E-08   9.03477554E+15   2.21480323E+09   0.00000000E+00   2.90375830E+08   0.19980633      
  35               2.37082789E-03   2.59716073E-03   1819.61904519    4.04232218E-08   1.03381825E+16   2.21480323E+09   0.00000000E+00   2.87401913E+08   0.19790169      
  36               2.88488706E-03   3.01078852E-03   1845.95081479    4.61667267E-08   1.18137008E+16   2.21480323E+09   0.00000000E+00   2.84374069E+08   0.18984693      
  37               3.51040806E-03   3.49138950E-03   1870.16105673    5.28148909E-08   1.35221308E+16   2.21480323E+09   0.00000000E+00   2.81296238E+08   0.18766079      
  38               4.27155881E-03   4.04892918E-03   1898.42809597    6.02921518E-08   1.54479860E+16   2.21480323E+09   0.00000000E+00   2.78171797E+08   0.17976481      
  39               5.19774750E-03   4.69440956E-03   1925.08760215    6.88848159E-08   1.76626686E+16   2.21480322E+09   0.00000000E+00   2.75004453E+08   0.17687838      
  40               6.32475876E-03   5.43997932E-03   1956.34357605    7.84682144E-08   2.01408576E+16   2.21480321E+09   0.00000000E+00   2.71797540E+08   0.16819083      
  41               7.69613634E-03   6.29823098E-03   1987.56386992    8.93180565E-08   2.29521477E+16   2.21480320E+09   0.00000000E+00   2.68555591E+08   0.16432415      
  42               9.36486541E-03   7.27642468E-03   2033.78936242    1.00613591E-07   2.59142060E+16   2.21361051E+09   1.18566674E+06   2.65292320E+08   0.15382326      
  43               1.13954198E-02   8.38298555E-03   2077.00214474    1.13220546E-07   2.92339576E+16   2.20964778E+09   5.14360498E+06   2.62013563E+08   0.14439602      
  44               1.38662528E-02   9.64015350E-03   2118.25081107    1.27320307E-07   3.29634309E+16   2.20293067E+09   1.18554038E+07   2.58702206E+08   0.13652963      
  45               1.68728289E-02   1.10727532E-02   2157.66247481    1.43158854E-07   3.71704612E+16   2.19325146E+09   2.15309453E+07   2.55346453E+08   0.12954371      
  46               2.05313114E-02   1.27088504E-02   2195.75544077    1.60971744E-07   4.19225931E+16   2.18036882E+09   3.44093702E+07   2.51938077E+08   0.12403694      
  47               2.49830512E-02   1.45797522E-02   2232.92513461    1.81012222E-07   4.72935395E+16   2.16395391E+09   5.08241441E+07   2.48471954E+08   0.11926534      
  48               3.04000477E-02   1.67206949E-02   2269.19445726    2.03590063E-07   5.33713819E+16   2.14365609E+09   7.11274964E+07   2.44945048E+08   0.11509502      
  49               3.69915946E-02   1.91712723E-02   2304.85395472    2.29010950E-07   6.02467139E+16   2.11910019E+09   9.56899169E+07   2.41355972E+08   0.11131592      
  50               4.50123658E-02   2.19626607E-02   2339.61454731    2.57556304E-07   6.79933561E+16   2.08988507E+09   1.24909004E+08   2.37721115E+08   0.10801963      
  51               5.47722558E-02   2.51425442E-02   2373.86850101    2.89516485E-07   7.67146670E+16   2.05581281E+09   1.58992547E+08   2.34038490E+08   0.10524142      
  52               6.66483519E-02   2.87798461E-02   2407.66416669    3.25510316E-07   8.65801626E+16   2.01683439E+09   1.97993350E+08   2.30291534E+08   0.10297901      
  53               8.10995048E-02   3.29353673E-02   2441.34504062    3.65930736E-07   9.77145388E+16   1.97268489E+09   2.42163843E+08   2.26483843E+08   0.10099502      
  54               9.86840557E-02   3.76762402E-02   2474.62272388    4.11332161E-07   1.10276862E+17   1.92316291E+09   2.91706493E+08   2.22619463E+08   0.099272607     
  55               1.20081410E-01   4.30646905E-02   2507.77794518    4.62049353E-07   1.24382159E+17   1.86798171E+09   3.46907493E+08   2.18710690E+08   0.09774195      
  56               1.46118284E-01   4.91836572E-02   2540.51010392    5.18763635E-07   1.40225091E+17   1.80709165E+09   4.07823833E+08   2.14758250E+08   0.096471462     
  57               1.77800653E-01   5.61264693E-02   2573.26502998    5.81995456E-07   1.57982523E+17   1.74052487E+09   4.74414597E+08   2.10762421E+08   0.09540684      
  58               2.16352610E-01   6.39955992E-02   2605.69579742    6.52569265E-07   1.77890287E+17   1.66837742E+09   5.46583005E+08   2.06724398E+08   0.094523594     
  59               2.63263667E-01   7.29031462E-02   2638.23356740    7.31057660E-07   2.00151509E+17   1.59074111E+09   6.24238402E+08   2.02646050E+08   0.093720049     
  60               3.20346302E-01   8.29716314E-02   2670.44600915    8.18450792E-07   2.25046191E+17   1.50780881E+09   7.07190118E+08   1.98529756E+08   0.09301354      
  61               3.89805984E-01   9.43346974E-02   2702.78469298    9.15367368E-07   2.52805111E+17   1.41982517E+09   7.95200385E+08   1.94378152E+08   0.092406247     
  62               4.74326391E-01   1.07137794E-01   2734.80682146    1.02296185E-06   2.83753931E+17   1.32715581E+09   8.87888897E+08   1.90194062E+08   0.091927681     
  63               5.77173093E-01   1.21539106E-01   2766.99776899    1.14187945E-06   3.18150837E+17   1.23026523E+09   9.84790740E+08   1.85980244E+08   0.091531925     
  64               7.02319722E-01   1.37710628E-01   2798.87548394    1.27348606E-06   3.56377042E+17   1.12980881E+09   1.08525014E+09   1.81739361E+08   0.09124499      
  65               8.54601502E-01   1.55839493E-01   2830.96067690    1.41844667E-06   3.98721385E+17   1.02665790E+09   1.18840237E+09   1.77473764E+08   0.091041726     
  66               1.03990206E+00   1.76129442E-01   2862.74811962    1.57837532E-06   4.45630248E+17   9.22084942E+08   1.29297937E+09   1.73185503E+08   0.090976741     
  67               1.26538076E+00   1.98802294E-01   2894.81499018    1.75392199E-06   4.97423636E+17   8.17692990E+08   1.39736898E+09   1.68876190E+08   0.090986475     
  68               1.53974930E+00   2.24100264E-01   2926.60616842    1.94703033E-06   5.54630725E+17   7.15559223E+08   1.49949727E+09   1.64547011E+08   0.091046695     
  69               1.87360830E+00   2.52289125E-01   2958.70315985    2.15840614E-06   6.17622309E+17   6.18038709E+08   1.59701080E+09   1.60198544E+08   0.091094552     
  70               2.27985690E+00   2.83661359E-01   2990.50265747    2.39045306E-06   6.87039689E+17   5.27557667E+08   1.68748614E+09   1.55830877E+08   0.091124437     
  71               2.77419111E+00   3.18540128E-01   3022.60403212    2.64397623E-06   7.63323675E+17   4.46242379E+08   1.76880402E+09   1.51443517E+08   0.091133218     
  72               3.37571026E+00   3.57271843E-01   3054.38739950    2.92184160E-06   8.47228410E+17   3.75552057E+08   1.83948643E+09   1.47036754E+08   0.09118338      
  73               4.10765492E+00   4.00235992E-01   3086.50703055    3.22477843E-06   9.39235956E+17   3.16009268E+08   1.89901378E+09   1.42610480E+08   0.091288981     
  74               4.99830483E+00   4.47853904E-01   3118.34825726    3.55622703E-06   1.04024967E+18   2.67073469E+08   1.94792924E+09   1.38163807E+08   0.091484146     
  75               6.08207157E+00   5.00593290E-01   3150.61351749    3.91695223E-06   1.15084208E+18   2.27411707E+08   1.98756755E+09   1.33695160E+08   0.091770025     
  76               7.40082804E+00   5.58971133E-01   3182.68207861    4.31109550E-06   1.27210207E+18   1.95166024E+08   2.01979454E+09   1.29202647E+08   0.09217339      
  77               9.00552635E+00   6.23558959E-01   3215.29324103    4.73939899E-06   1.40469739E+18   1.68672147E+08   2.04627427E+09   1.24684037E+08   0.092674901     
  78               1.09581663E+01   6.94987297E-01   3247.80124623    5.20683357E-06   1.54993420E+18   1.46361368E+08   2.06857288E+09   1.20136972E+08   0.093216576     
  79               1.33341911E+01   7.73956153E-01   3280.92208096    5.71430877E-06   1.70862313E+18   1.27373408E+08   2.08755025E+09   1.15558751E+08   0.0937502       
  80               1.62254019E+01   8.61243249E-01   3313.96592529    6.26796555E-06   1.88236410E+18   1.10899839E+08   2.10401469E+09   1.10946490E+08   0.094247469     
  81               1.97435049E+01   9.57717619E-01   3347.64736606    6.86898674E-06   2.07216156E+18   9.66622004E+07   2.11824423E+09   1.06296930E+08   0.094674754     
  82               2.40244270E+01   1.06434939E+00   3381.24218385    7.52501662E-06   2.27999438E+18   8.41549314E+07   2.13075324E+09   1.01606686E+08   0.095026382     
  83               2.92335681E+01   1.18222546E+00   3415.47824551    8.23761532E-06   2.50711714E+18   7.33226085E+07   2.14158323E+09   9.68721162E+07   0.095363177     
  84               3.55721908E+01   1.31255662E+00   3449.66117450    9.01591568E-06   2.75592533E+18   6.38223124E+07   2.15107695E+09   9.20896570E+07   0.095755558     
  85               4.32851972E+01   1.45669020E+00   3484.58335109    9.86148390E-06   3.02790456E+18   5.56181117E+07   2.15927099E+09   8.72557496E+07   0.096228392     
  86               5.26705906E+01   1.61611982E+00   3519.55207402    1.07851238E-05   3.32592155E+18   4.84083213E+07   2.16646805E+09   8.23670428E+07   0.096791871     
  87               6.40909893E+01   1.79250593E+00   3555.38141364    1.17884976E-05   3.65174331E+18   4.21870778E+07   2.17267640E+09   7.74201572E+07   0.097451985     
  88               7.79876373E+01   1.98769066E+00   3591.36792263    1.28844086E-05   4.00880320E+18   3.67218097E+07   2.17813548E+09   7.24118236E+07   0.098217541     
  89               9.48974517E+01   2.20372176E+00   3628.34823561    1.40745760E-05   4.39919931E+18   3.19901366E+07   2.18286176E+09   6.73386934E+07   0.099032735     
  90               1.15473768E+02   2.44287727E+00   3665.56312941    1.53745845E-05   4.82710544E+18   2.77918567E+07   2.18705498E+09   6.21974250E+07   0.099843691     
  91               1.40511583E+02   2.70770879E+00   3703.82806597    1.67868883E-05   5.29513426E+18   2.41401614E+07   2.19070201E+09   5.69843631E+07   0.10062251      
  92               1.70978268E+02   3.00107221E+00   3742.34972640    1.83306060E-05   5.80841869E+18   2.09040536E+07   2.19393329E+09   5.16957475E+07   0.10138729      
  93               2.08050949E+02   3.32617382E+00   3781.97717844    2.00087962E-05   6.37018252E+18   1.81042385E+07   2.19673244E+09   4.63275251E+07   0.10213679      
  94               2.53161982E+02   3.68660549E+00   3821.90158374    2.18446749E-05   6.98671464E+18   1.56393035E+07   2.19919694E+09   4.08756057E+07   0.10289129      
  95               3.08054300E+02   4.08640552E+00   3863.00791638    2.38420313E-05   7.66199218E+18   1.35262050E+07   2.20130598E+09   3.53356178E+07   0.10368883      
  96               3.74848746E+02   4.53009018E+00   3904.50148835    2.60284584E-05   8.40363332E+18   1.16787180E+07   2.20314734E+09   2.97032837E+07   0.10456489      
  97               4.56126023E+02   5.02272240E+00   3947.31554529    2.84081226E-05   9.21643937E+18   1.00997775E+07   2.20471771E+09   2.39741648E+07   0.10553183      
  98               5.55026396E+02   5.56995957E+00   3990.64922247    3.10137696E-05   1.01096083E+19   8.71699841E+06   2.20609227E+09   1.81439167E+07   0.10654527      
  99               6.75371026E+02   6.17815862E+00   4035.42171226    3.38510659E-05   1.10890915E+19   7.52874936E+06   2.20727843E+09   1.22079295E+07   0.10754756      
  100              8.21809604E+02   6.85445533E+00   4080.76855681    3.69604036E-05   1.21662525E+19   6.48628457E+06   2.20831829E+09   6.16158519E+06   0.10852034      
  101              1.00000000E+03   7.60689146E+00   4127.61586072    4.03495995E-05   1.33485406E+19   6.03672288E+06   2.20876293E+09   0.00000000E+00   0.10953268      
