# ATMO pressure-temperature profile
# Effective temperature = 250.0K
# log(g) = 5.5cm/s^2
# M/H = 0.0
# Optical depth grid in band 17 (1.20-1.33microns)
# All parameters in cgs units
#
# Model Level      Optical Depth    Pressure         Temperature      Density          Number Density   Rad Flux         Conv Flux        Radial Extension Adiabatic Gradient
#                                   [Ba]             [K]              [g/cm^3]         [/cm^3]          [ergs/s/cm^2/sr] [ergs/s/cm^2/sr] [cm]             [K/Ba]          
  1                8.00000000E-07   1.00000000E-05   28.83948240      9.77282054E-09   2.51153005E+15   2.21323867E+05   0.00000000E+00   7.31636841E+05   0.34612403      
  2                9.86413681E-07   3.06920915E-04   51.30436185      1.68608545E-07   4.33309324E+16   2.21323867E+05   0.00000000E+00   7.08506021E+05   0.31479445      
  3                1.21626494E-06   6.71294012E-04   47.03263334      4.02272980E-07   1.03380664E+17   2.21323847E+05   0.00000000E+00   7.04081705E+05   0.31483376      
  4                1.49967547E-06   1.11842417E-03   51.17335903      6.15984814E-07   1.58302750E+17   2.21323842E+05   0.00000000E+00   7.01241246E+05   0.31485855      
  5                1.84912550E-06   1.66662010E-03   51.75883269      9.07526942E-07   2.33226546E+17   2.21323835E+05   0.00000000E+00   6.98922672E+05   0.31487796      
  6                2.28000336E-06   2.33828534E-03   55.07881693      1.19652090E-06   3.07495485E+17   2.21323824E+05   0.00000000E+00   6.96884396E+05   0.31489469      
  7                2.81128314E-06   3.15992130E-03   55.17278237      1.61420529E-06   4.14836746E+17   2.21323813E+05   0.00000000E+00   6.95014834E+05   0.31490995      
  8                3.46636019E-06   4.16395976E-03   57.92108976      2.02617609E-06   5.20709665E+17   2.21323806E+05   0.00000000E+00   6.93259206E+05   0.31492435      
  9                4.27408139E-06   5.38885368E-03   58.30603583      2.60489524E-06   6.69435464E+17   2.21323801E+05   0.00000000E+00   6.91573179E+05   0.31493828      
  10               5.27001545E-06   6.87967865E-03   61.09809380      3.17356850E-06   8.15579557E+17   2.21323795E+05   0.00000000E+00   6.89933504E+05   0.31495202      
  11               6.49801917E-06   8.69176509E-03   61.71451670      3.96942896E-06   1.02010878E+18   2.21323782E+05   0.00000000E+00   6.88318993E+05   0.31496574      
  12               8.01216876E-06   1.08888502E-02   64.44158023      4.76237104E-06   1.22388802E+18   2.21323762E+05   0.00000000E+00   6.86721014E+05   0.31497962      
  13               9.87914110E-06   1.35438686E-02   65.16659972      5.85767209E-06   1.50537088E+18   2.21323732E+05   0.00000000E+00   6.85131393E+05   0.31499378      
  14               1.21811499E-05   1.67444087E-02   67.84563449      6.95593145E-06   1.78761400E+18   2.21323686E+05   0.00000000E+00   6.83545832E+05   0.31500837      
  15               1.50195662E-05   2.05949121E-02   68.58344287      8.46346196E-06   2.17503625E+18   2.21323626E+05   0.00000000E+00   6.81958872E+05   0.31502351      
  16               1.85193820E-05   2.52193486E-02   71.23730340      9.97777666E-06   2.56420199E+18   2.21323553E+05   0.00000000E+00   6.80367514E+05   0.31503932      
  17               2.28347147E-05   3.07581442E-02   72.10285369      1.20230613E-05   3.08982238E+18   2.21323457E+05   0.00000000E+00   6.78768358E+05   0.31505596      
  18               2.81555937E-05   3.73835912E-02   74.77867844      1.40899878E-05   3.62100457E+18   2.21323336E+05   0.00000000E+00   6.77158631E+05   0.31507358      
  19               3.47163285E-05   4.53197418E-02   75.82658184      1.68450899E-05   4.32904189E+18   2.21323174E+05   0.00000000E+00   6.75529643E+05   0.31509239      
  20               4.28058268E-05   5.48520529E-02   78.67413009      1.96502610E-05   5.04994649E+18   2.21322948E+05   0.00000000E+00   6.73872815E+05   0.31511261      
  21               5.27803164E-05   6.63210920E-02   79.93543772      2.33840481E-05   6.00949738E+18   2.21322619E+05   0.00000000E+00   6.72180882E+05   0.31513454      
  22               6.50790328E-05   8.01763011E-02   82.99915585      2.72257421E-05   6.99677939E+18   2.21322134E+05   0.00000000E+00   6.70444428E+05   0.31515855      
  23               8.02435604E-05   9.70122460E-02   84.62593472      3.23095170E-05   8.30326541E+18   2.21321391E+05   0.00000000E+00   6.68649354E+05   0.31518507      
  24               9.89416822E-05   1.17548812E-01   87.96235387      3.76642033E-05   9.67937330E+18   2.21320299E+05   0.00000000E+00   6.66787703E+05   0.31521466      
  25               1.21996786E-04   1.42621309E-01   89.97381037      4.46761449E-05   1.14813814E+19   2.21318670E+05   0.00000000E+00   6.64854865E+05   0.31524801      
  26               1.50424124E-04   1.73339829E-01   93.71113711      5.21332191E-05   1.33977848E+19   2.21316231E+05   0.00000000E+00   6.62842044E+05   0.31528596      
  27               1.85475517E-04   2.11177998E-01   96.23949974      6.18447300E-05   1.58935588E+19   2.21312548E+05   0.00000000E+00   6.60734768E+05   0.31532955      
  28               2.28694484E-04   2.58046289E-01   100.43033669     7.24169258E-05   1.86105213E+19   2.21307122E+05   0.00000000E+00   6.58520105E+05   0.31538007      
  29               2.81984210E-04   3.16227096E-01   103.61967142     8.60130296E-05   2.21046024E+19   2.21299041E+05   0.00000000E+00   6.56188915E+05   0.31543923      
  30               3.47691354E-04   3.88301279E-01   108.54507473     1.00824510E-04   2.59110217E+19   2.21287117E+05   0.00000000E+00   6.53741461E+05   0.31550922      
  31               4.28709385E-04   4.77183279E-01   112.62456333     1.19415185E-04   3.06886608E+19   2.21269349E+05   0.00000000E+00   6.51179922E+05   0.31574279      
  32               5.28606003E-04   5.86145140E-01   118.66796563     1.39212950E-04   3.57764719E+19   2.21240745E+05   0.00000000E+00   6.48507500E+05   0.31911706      
  33               6.51780242E-04   7.16634331E-01   124.29036638     1.62505793E-04   4.17624512E+19   2.21186959E+05   0.00000000E+00   6.45764026E+05   0.32052081      
  34               8.03656185E-04   8.59927341E-01   131.86958635     1.83793367E-04   4.72327197E+19   2.21077665E+05   2.48382164E+02   6.43142050E+05   0.32320261      
  35               9.90921819E-04   9.71404345E-01   137.13026908     1.99694665E-04   5.13088822E+19   2.20891708E+05   1.01250660E+03   6.41301896E+05   0.32445782      
  36               1.22182355E-03   1.05713949E+00   141.00644593     2.11327087E-04   5.43024179E+19   2.20696277E+05   6.69718295E+02   6.39982126E+05   0.32609871      
  37               1.50652933E-03   1.12346126E+00   143.79013719     2.20377798E-04   5.65919742E+19   2.20520124E+05   8.15137316E+02   6.39010191E+05   0.32605522      
  38               1.85757643E-03   1.17145350E+00   145.80710058     2.26613206E-04   5.81931973E+19   2.20389883E+05   9.26977570E+02   6.38331074E+05   0.32541381      
  39               2.29042351E-03   1.23052611E+00   148.11314358     2.34334411E-04   6.01759662E+19   2.20305867E+05   1.01129649E+03   6.37520439E+05   0.32525906      
  40               2.82413135E-03   1.30322192E+00   150.95100297     2.43512472E-04   6.25328486E+19   2.20262813E+05   1.05502469E+03   6.36558094E+05   0.32509991      
  41               3.48220225E-03   1.39266416E+00   154.19473224     2.54750883E-04   6.54188195E+19   2.20264558E+05   1.05392523E+03   6.35422497E+05   0.32504357      
  42               4.29361493E-03   1.50268932E+00   158.10304114     2.68082098E-04   6.88422119E+19   2.20316404E+05   1.00234124E+03   6.34091122E+05   0.32479435      
  43               5.29410063E-03   1.63801538E+00   162.53927383     2.84248707E-04   7.29937205E+19   2.20424330E+05   8.94278042E+02   6.32540885E+05   0.32464912      
  44               6.52771662E-03   1.80444454E+00   167.78050848     3.03347816E-04   7.78982806E+19   2.20590180E+05   7.28383891E+02   6.30748589E+05   0.32413418      
  45               8.04878622E-03   2.00911147E+00   173.66188255     3.26316007E-04   8.37964012E+19   2.20809483E+05   5.09063790E+02   6.28691476E+05   0.32374869      
  46               9.92429106E-03   2.26080106E+00   180.48561722     3.53312200E-04   9.07288883E+19   2.21049477E+05   2.69019970E+02   6.26347427E+05   0.32279857      
  47               1.22368206E-02   2.57034321E+00   188.03547267     3.85558539E-04   9.90095690E+19   2.21223062E+05   9.53397453E+01   6.23695294E+05   0.32193951      
  48               1.50882091E-02   2.94921154E+00   196.61128817     4.23094042E-04   1.08648395E+20   2.21107159E+05   2.12454454E+02   6.20728927E+05   0.32041301      
  49               1.86040198E-02   3.40657291E+00   205.79499788     4.66899930E-04   1.19897110E+20   2.19734362E+05   1.58570710E+03   6.17474837E+05   0.31896437      
  50               2.29390746E-02   3.95265796E+00   215.86160616     5.16488156E-04   1.32629359E+20   2.14996438E+05   6.34563228E+03   6.13958264E+05   0.31721038      
  51               2.82842712E-02   4.60069224E+00   226.37712293     5.73264111E-04   1.47202941E+20   2.05061986E+05   1.62498035E+04   6.10192140E+05   0.3154376       
  52               3.48749902E-02   5.37010467E+00   237.77059525     6.37157819E-04   1.63587624E+20   1.90153978E+05   3.11574261E+04   6.06166165E+05   0.31362565      
  53               4.30014593E-02   6.28292579E+00   249.61937744     7.10028665E-04   1.82309573E+20   1.72712892E+05   4.86024519E+04   6.01874182E+05   0.31170169      
  54               5.30215347E-02   7.33028121E+00   261.98771097     7.93307955E-04   2.02658841E+20   1.55694195E+05   6.59401203E+04   5.97456228E+05   0.31007396      
  55               6.53764590E-02   8.48564049E+00   273.99968071     8.78085216E-04   2.24316082E+20   1.46443877E+05   7.51670832E+04   5.93078711E+05   0.30831624      
  56               8.06102920E-02   9.86573903E+00   287.11544495     9.74260650E-04   2.48885106E+20   1.43185593E+05   7.81364302E+04   5.88360209E+05   0.30691767      
  57               9.93938685E-02   1.15011362E+01   300.80183169     1.08408257E-03   2.76940268E+20   1.41285834E+05   8.00372162E+04   5.83328049E+05   0.30545039      
  58               1.22554340E-01   1.34249343E+01   315.44274629     1.20668446E-03   3.08260206E+20   1.40673548E+05   8.06502746E+04   5.78009031E+05   0.3044256       
  59               1.51111597E-01   1.56710951E+01   330.50857164     1.34436969E-03   3.43433344E+20   1.41534865E+05   7.97895243E+04   5.72432236E+05   0.30341523      
  60               1.86323183E-01   1.82898534E+01   346.47241751     1.49673065E-03   3.82355548E+20   1.44308064E+05   7.70167859E+04   5.66594234E+05   0.30270526      
  61               2.29739671E-01   2.13386026E+01   362.88201164     1.66725731E-03   4.25918372E+20   1.49069531E+05   7.22558869E+04   5.60491161E+05   0.3019754       
  62               2.83272943E-01   2.48733730E+01   380.18046953     1.85501311E-03   4.73882554E+20   1.55554713E+05   6.57713687E+04   5.54135124E+05   0.30144719      
  63               3.49280383E-01   2.89420641E+01   397.80119366     2.06283974E-03   5.26974086E+20   1.63051023E+05   5.82758832E+04   5.47557812E+05   0.30096901      
  64               4.30668686E-01   3.35957669E+01   416.18008242     2.28878976E-03   5.84694633E+20   1.70604346E+05   5.07233175E+04   5.40785090E+05   0.30066551      
  65               5.31021855E-01   3.89099385E+01   434.82144155     2.53718553E-03   6.48149861E+20   1.76999966E+05   4.43283551E+04   5.33811498E+05   0.30032578      
  66               6.54759028E-01   4.49432513E+01   454.18883706     2.80563173E-03   7.16727173E+20   1.80825674E+05   4.05032536E+04   5.26660538E+05   0.30005717      
  67               8.07329079E-01   5.17450922E+01   473.65336564     3.09749905E-03   7.91287631E+20   1.81024850E+05   4.03044111E+04   5.19364189E+05   0.29977229      
  68               9.95450561E-01   5.93642856E+01   493.70459931     3.40926531E-03   8.70931327E+20   1.76502117E+05   4.48266567E+04   5.11949840E+05   0.29955578      
  69               1.22740757E+00   6.78956178E+01   513.80698658     3.74673246E-03   9.57122616E+20   1.66636226E+05   5.46912040E+04   5.04401332E+05   0.29932685      
  70               1.51341452E+00   7.75227548E+01   534.76176396     4.11039708E-03   1.05001303E+21   1.55756290E+05   6.55695902E+04   4.96643681E+05   0.29913751      
  71               1.86606598E+00   8.84044693E+01   556.02060854     4.50814899E-03   1.15161993E+21   1.48418668E+05   7.29057765E+04   4.88649825E+05   0.29891098      
  72               2.30089127E+00   1.00671764E+02   578.20297525     4.93676309E-03   1.26111066E+21   1.41158493E+05   8.01643485E+04   4.80426858E+05   0.29867541      
  73               2.83703828E+00   1.14432832E+02   600.57240014     5.40255088E-03   1.38010177E+21   1.33397425E+05   8.79234428E+04   4.72000663E+05   0.29839591      
  74               3.49811672E+00   1.29793381E+02   623.74458450     5.90041736E-03   1.50720248E+21   1.25734521E+05   9.55838149E+04   4.63397209E+05   0.29812121      
  75               4.31323774E+00   1.47024477E+02   647.16137976     6.44190067E-03   1.64551896E+21   1.18997134E+05   1.02318509E+05   4.54558995E+05   0.29778836      
  76               5.31829590E+00   1.66410964E+02   671.65601980     7.02541518E-03   1.79457190E+21   1.12884503E+05   1.08428196E+05   4.45446105E+05   0.29745903      
  77               6.55754979E+00   1.88201264E+02   696.48215115     7.66212996E-03   1.95721432E+21   1.06125655E+05   1.15183561E+05   4.36054227E+05   0.29702337      
  78               8.08557104E+00   2.12620674E+02   722.36584228     8.34613217E-03   2.13193583E+21   9.83168501E+04   1.22988091E+05   4.26397771E+05   0.29659502      
  79               9.96964736E+00   2.39892331E+02   748.46118358     9.08832936E-03   2.32152264E+21   8.92357282E+04   1.32064704E+05   4.16495680E+05   0.29605314      
  80               1.22927457E+01   2.70336222E+02   775.59531973     9.88339224E-03   2.52461350E+21   8.00890751E+04   1.41207019E+05   4.06337753E+05   0.29554497      
  81               1.51571657E+01   3.04701782E+02   803.27487548     1.07559254E-02   2.74749335E+21   7.18060165E+04   1.49483774E+05   3.95797610E+05   0.2949005       
  82               1.86890445E+01   3.43699285E+02   832.50289822     1.17065771E-02   2.99032722E+21   6.53677220E+04   1.55909397E+05   3.84807602E+05   0.29426737      
  83               2.30439114E+01   3.87905971E+02   862.41947529     1.27539565E-02   3.25786999E+21   6.07312886E+04   1.60522232E+05   3.73366957E+05   0.29347504      
  84               2.84135369E+01   4.37736331E+02   893.73878726     1.38879947E-02   3.54754429E+21   5.80131792E+04   1.63199977E+05   3.61526951E+05   0.29266032      
  85               3.50343769E+01   4.93418749E+02   925.33373982     1.51201008E-02   3.86227408E+21   5.64798325E+04   1.64658585E+05   3.49375701E+05   0.29168048      
  86               4.31979859E+01   5.54053124E+02   957.32818267     1.64108530E-02   4.19195298E+21   5.58659347E+04   1.65188192E+05   3.37203289E+05   0.29068093      
  87               5.32638553E+01   6.20360143E+02   989.00911554     1.77862361E-02   4.54327927E+21   5.69368565E+04   1.64048501E+05   3.24930255E+05   0.28958836      
  88               6.56752445E+01   6.94473859E+02   1022.04676449    1.92676198E-02   4.92165282E+21   5.93355716E+04   1.61616252E+05   3.12269986E+05   0.2883878       
  89               8.09786996E+01   7.79021483E+02   1056.14476440    2.09155396E-02   5.34258971E+21   6.15891770E+04   1.59397790E+05   2.98951561E+05   0.28717564      
  90               9.98481215E+01   8.77556056E+02   1093.08330644    2.27648656E-02   5.81496956E+21   6.30882062E+04   1.58019256E+05   2.84671779E+05   0.28563601      
  91               1.23114441E+02   9.95331599E+02   1132.71425980    2.49167769E-02   6.36463150E+21   6.52382615E+04   1.55982892E+05   2.69033940E+05   0.28416066      
  92               1.51802212E+02   1.14014780E+03   1177.49327396    2.74567793E-02   7.01339919E+21   6.90685243E+04   1.52233207E+05   2.51525532E+05   0.28225577      
  93               1.87174723E+02   1.31900782E+03   1226.40662102    3.04976167E-02   7.79002271E+21   7.49149651E+04   1.46436456E+05   2.31979615E+05   0.28029319      
  94               2.30789634E+02   1.53969212E+03   1280.94079166    3.40851405E-02   8.70624070E+21   8.31843098E+04   1.38185011E+05   2.10334680E+05   0.27780574      
  95               2.84567566E+02   1.81169851E+03   1339.45099751    3.83547592E-02   9.79681565E+21   9.42609228E+04   1.27098508E+05   1.86545089E+05   0.27520839      
  96               3.50876675E+02   2.14644075E+03   1403.58108204    4.33652101E-02   1.10766195E+22   1.08410797E+05   1.12857605E+05   1.60589539E+05   0.27225333      
  97               4.32636941E+02   2.55979068E+03   1471.62480932    4.93250227E-02   1.25989164E+22   1.23631763E+05   9.74934515E+04   1.32326843E+05   0.26912976      
  98               5.33448747E+02   3.07003634E+03   1545.49247910    5.63295696E-02   1.43880673E+22   1.36380392E+05   8.46492865E+04   1.01715840E+05   0.26577561      
  99               6.57751428E+02   3.69329159E+03   1622.22469918    6.45598071E-02   1.64902951E+22   1.43916397E+05   7.72365876E+04   6.90332269E+04   0.26216411      
  100              8.11018759E+02   4.43935288E+03   1702.39107960    7.39473258E-02   1.88880086E+22   1.44130595E+05   7.74189288E+04   3.48877658E+04   0.25841098      
  101              1.00000000E+03   5.31153201E+03   1781.92683121    8.45167887E-02   2.15901558E+22   1.41687968E+05   8.01563947E+04   0.00000000E+00   0.25456351      
