# ATMO pressure-temperature profile
# Effective temperature = 1900.0K
# log(g) = 3.5cm/s^2
# M/H = 0.0
# Optical depth grid in band 17 (1.20-1.33microns)
# All parameters in cgs units
#
# Model Level      Optical Depth    Pressure         Temperature      Density          Number Density   Rad Flux         Conv Flux        Radial Extension Adiabatic Gradient
#                                   [Ba]             [K]              [g/cm^3]         [/cm^3]          [ergs/s/cm^2/sr] [ergs/s/cm^2/sr] [cm]             [K/Ba]          
  1                3.00000000E-06   1.00000000E-05   621.74038949     4.55567625E-10   1.16497541E+14   7.38915537E+08   0.00000000E+00   2.49369528E+08   0.29798906      
  2                3.65048058E-06   1.61279677E-05   654.96608489     6.97427712E-10   1.78355569E+14   7.38915530E+08   0.00000000E+00   2.45931547E+08   0.29779361      
  3                4.44200282E-06   2.40645400E-05   685.04433458     9.94924248E-10   2.54439612E+14   7.38915528E+08   0.00000000E+00   2.42918596E+08   0.29745129      
  4                5.40514834E-06   3.36870447E-05   695.70720070     1.37141178E-09   3.50721390E+14   7.38915528E+08   0.00000000E+00   2.40313587E+08   0.29729511      
  5                6.57712968E-06   4.52238198E-05   718.39465746     1.78293261E-09   4.55963404E+14   7.38915531E+08   0.00000000E+00   2.37980483E+08   0.29688924      
  6                8.00322805E-06   5.90564554E-05   725.45346679     2.30562672E-09   5.89635545E+14   7.38915534E+08   0.00000000E+00   2.35823021E+08   0.29675041      
  7                9.73854285E-06   7.56097022E-05   745.93279686     2.87086281E-09   7.34181885E+14   7.38915537E+08   0.00000000E+00   2.33788401E+08   0.29628792      
  8                1.18501205E-05   9.54231245E-05   751.69610529     3.59539043E-09   9.19469171E+14   7.38915539E+08   0.00000000E+00   2.31838196E+08   0.29615268      
  9                1.44195449E-05   1.19120911E-04   771.34229562     4.37406566E-09   1.11857910E+15   7.38915541E+08   0.00000000E+00   2.29948495E+08   0.29631231      
  10               1.75460896E-05   1.47487979E-04   776.47693956     5.37988330E-09   1.37579555E+15   7.38915543E+08   0.00000000E+00   2.28099288E+08   0.29622679      
  11               2.13505531E-05   1.81451342E-04   795.79785076     6.45805100E-09   1.65151781E+15   7.38915544E+08   0.00000000E+00   2.26277182E+08   0.29585598      
  12               2.59799264E-05   2.22125846E-04   800.65322442     7.85776396E-09   2.00946515E+15   7.38915546E+08   0.00000000E+00   2.24471580E+08   0.29576788      
  13               3.16130723E-05   2.70825285E-04   819.99475128     9.35452855E-09   2.39223575E+15   7.38915547E+08   0.00000000E+00   2.22675342E+08   0.29536677      
  14               3.84676354E-05   3.29127748E-04   824.75171013     1.13027802E-08   2.89046100E+15   7.38915549E+08   0.00000000E+00   2.20882330E+08   0.29527411      
  15               4.68084520E-05   3.98895413E-04   844.36570250     1.33804898E-08   3.42179744E+15   7.38915550E+08   0.00000000E+00   2.19088317E+08   0.29483646      
  16               5.69577817E-05   4.82351574E-04   849.20256906     1.60877814E-08   4.11413217E+15   7.38915552E+08   0.00000000E+00   2.17289552E+08   0.29473503      
  17               6.93077586E-05   5.82119492E-04   869.26130640     1.89672853E-08   4.85051256E+15   7.38915555E+08   0.00000000E+00   2.15483458E+08   0.29425766      
  18               8.43355422E-05   7.01318195E-04   874.25376309     2.27206709E-08   5.81036527E+15   7.38915557E+08   0.00000000E+00   2.13667698E+08   0.29414604      
  19               1.02621753E-04   8.43630399E-04   894.78859815     2.67039205E-08   6.82900795E+15   7.38915560E+08   0.00000000E+00   2.11840675E+08   0.29362628      
  20               1.24872905E-04   1.01341967E-03   899.93811476     3.18948144E-08   8.15647528E+15   7.38915564E+08   0.00000000E+00   2.10000908E+08   0.2935038       
  21               1.51948705E-04   1.21582943E-03   920.99304455     3.73903423E-08   9.56185473E+15   7.38915568E+08   0.00000000E+00   2.08147412E+08   0.29294102      
  22               1.84895266E-04   1.45697204E-03   926.37465006     4.45459088E-08   1.13917487E+16   7.38915573E+08   0.00000000E+00   2.06278924E+08   0.29280589      
  23               2.24985526E-04   1.74427379E-03   948.06999102     5.21095477E-08   1.33260087E+16   7.38915579E+08   0.00000000E+00   2.04393210E+08   0.29219581      
  24               2.73768430E-04   2.08654982E-03   953.81698194     6.19593523E-08   1.58449017E+16   7.38915586E+08   0.00000000E+00   2.02488344E+08   0.29204356      
  25               3.33128779E-04   2.49421433E-03   976.32585191     7.23572335E-08   1.85039660E+16   7.38915594E+08   0.00000000E+00   2.00562999E+08   0.29138108      
  26               4.05360046E-04   2.97952459E-03   982.63463608     8.58811737E-08   2.19624480E+16   7.38915603E+08   0.00000000E+00   1.98616162E+08   0.29120541      
  27               4.93252992E-04   3.55688212E-03   1006.21537784    1.00120134E-07   2.56037962E+16   7.38915613E+08   0.00000000E+00   1.96647210E+08   0.29048186      
  28               6.00203489E-04   4.24312620E-03   1013.32423868    1.18598854E-07   3.03293678E+16   7.38915625E+08   0.00000000E+00   1.94655722E+08   0.29027301      
  29               7.30343727E-04   5.05797197E-03   1038.10271370    1.37999946E-07   3.52908348E+16   7.38915639E+08   0.00000000E+00   1.92641554E+08   0.28948388      
  30               8.88701864E-04   6.02430765E-03   1046.12116971    1.63105285E-07   4.17110374E+16   7.38915657E+08   0.00000000E+00   1.90604725E+08   0.28923807      
  31               1.08139630E-03   7.16870207E-03   1072.34109654    1.89343467E-07   4.84209628E+16   7.38915672E+08   0.00000000E+00   1.88545439E+08   0.28837392      
  32               1.31587206E-03   8.52159760E-03   1081.61398851    2.23147235E-07   5.70656235E+16   7.38915691E+08   0.00000000E+00   1.86464098E+08   0.28807849      
  33               1.60118847E-03   1.01180649E-02   1109.53062657    2.58285969E-07   6.60517008E+16   7.38915689E+08   0.00000000E+00   1.84361221E+08   0.28699049      
  34               1.94836913E-03   1.19976805E-02   1120.36973468    3.03304315E-07   7.75642795E+16   7.38915670E+08   0.00000000E+00   1.82237588E+08   0.2859753       
  35               2.37082789E-03   1.42074518E-02   1150.41095827    3.49788653E-07   8.94517871E+16   7.38915608E+08   0.00000000E+00   1.80092203E+08   0.28460025      
  36               2.88488706E-03   1.68028144E-02   1163.30614517    4.09100991E-07   1.04619791E+17   7.38915534E+08   0.00000000E+00   1.77922602E+08   0.28415012      
  37               3.51040806E-03   1.98474741E-02   1195.89005576    4.70063394E-07   1.20209787E+17   7.38915348E+08   0.00000000E+00   1.75727042E+08   0.28309706      
  38               4.27155881E-03   2.34119551E-02   1211.43169883    5.47370170E-07   1.39979549E+17   7.38915095E+08   0.00000000E+00   1.73504871E+08   0.2828483       
  39               5.19774750E-03   2.75748926E-02   1247.36695793    6.26127027E-07   1.60119945E+17   7.38914641E+08   0.00000000E+00   1.71256187E+08   0.28206338      
  40               6.32475876E-03   3.24204483E-02   1266.50745116    7.25026560E-07   1.85411687E+17   7.38914128E+08   0.00000000E+00   1.68981952E+08   0.2816807       
  41               7.69613634E-03   3.80345765E-02   1306.51806976    8.24540011E-07   2.10857476E+17   7.38913246E+08   0.00000000E+00   1.66685799E+08   0.28067822      
  42               9.36486541E-03   4.45041049E-02   1330.22690295    9.47593985E-07   2.42326095E+17   7.38912324E+08   0.00000000E+00   1.64371307E+08   0.27977383      
  43               1.13954198E-02   5.18429859E-02   1375.40866101    1.06773619E-06   2.73013481E+17   7.38911022E+08   0.00000000E+00   1.62064040E+08   0.27792494      
  44               1.38662528E-02   6.01100481E-02   1405.20846584    1.21173022E-06   3.09836200E+17   7.38909980E+08   0.00000000E+00   1.59765688E+08   0.27671348      
  45               1.68728289E-02   6.91637271E-02   1458.02448479    1.34431136E-06   3.43589126E+17   7.38909186E+08   0.00000000E+00   1.57522330E+08   0.27437617      
  46               2.05313114E-02   7.84908885E-02   1509.27699889    1.47418830E-06   3.76683096E+17   7.37123638E+08   1.74826560E+06   1.55427059E+08   0.27185283      
  47               2.49830512E-02   8.76540811E-02   1555.04197066    1.59873106E-06   4.08277894E+17   7.33877557E+08   4.97724596E+06   1.53539486E+08   0.26942363      
  48               3.04000477E-02   9.59272349E-02   1593.12615088    1.71011845E-06   4.36131645E+17   7.29991594E+08   8.84077011E+06   1.51957079E+08   0.2673809       
  49               3.69915946E-02   1.03501233E-01   1625.73327274    1.80801718E-06   4.61128613E+17   7.26327210E+08   1.24814571E+07   1.50594972E+08   0.26569623      
  50               4.50123658E-02   1.10841291E-01   1655.52155959    1.90307185E-06   4.84945100E+17   7.22853522E+08   1.59246821E+07   1.49343482E+08   0.26414011      
  51               5.47722558E-02   1.17378316E-01   1680.70660878    1.98504612E-06   5.05850060E+17   7.19727060E+08   1.90282178E+07   1.48279908E+08   0.26260662      
  52               6.66483519E-02   1.24854664E-01   1708.13416428    2.07749155E-06   5.29430102E+17   7.16014508E+08   2.27400367E+07   1.47115688E+08   0.26080579      
  53               8.10995048E-02   1.33357854E-01   1737.63881870    2.18118160E-06   5.55884965E+17   7.11528862E+08   2.72257369E+07   1.45852503E+08   0.2587326       
  54               9.86840557E-02   1.42961233E-01   1769.09584329    2.29651227E-06   5.85319189E+17   7.06076784E+08   3.26803316E+07   1.44495613E+08   0.25631463      
  55               1.20081410E-01   1.53694766E-01   1802.07447476    2.42353149E-06   6.17749186E+17   6.99516415E+08   3.92413741E+07   1.43056864E+08   0.25355857      
  56               1.46118284E-01   1.65466658E-01   1835.96987280    2.56069628E-06   6.52785928E+17   6.92028568E+08   4.67173402E+07   1.41562542E+08   0.25058524      
  57               1.77800653E-01   1.78400692E-01   1870.73104503    2.70916480E-06   6.90734298E+17   6.83914878E+08   5.48277960E+07   1.40009658E+08   0.24723725      
  58               2.16352610E-01   1.92987096E-01   1907.22974892    2.87405587E-06   7.32910762E+17   6.74640531E+08   6.41176516E+07   1.38356611E+08   0.2433679       
  59               2.63263667E-01   2.09401061E-01   1945.20093540    3.05691216E-06   7.79722824E+17   6.63681352E+08   7.51000540E+07   1.36605446E+08   0.23909259      
  60               3.20346302E-01   2.27839138E-01   1984.54959247    3.25917550E-06   8.31557362E+17   6.50650714E+08   8.81592291E+07   1.34758205E+08   0.23434961      
  61               3.89805984E-01   2.48522824E-01   2024.97081408    3.48282458E-06   8.88941847E+17   6.35191646E+08   1.03651353E+08   1.32816818E+08   0.22904096      
  62               4.74326391E-01   2.71704314E-01   2066.32745678    3.72982895E-06   9.52408421E+17   6.17010718E+08   1.21862041E+08   1.30782888E+08   0.22332464      
  63               5.77173093E-01   2.97673162E-01   2108.36315737    4.00270352E-06   1.02263370E+18   5.95919010E+08   1.42977023E+08   1.28657506E+08   0.21739029      
  64               7.02319722E-01   3.26755953E-01   2151.01216295    4.30389885E-06   1.10028827E+18   5.71804325E+08   1.67115794E+08   1.26441685E+08   0.21131896      
  65               8.54601502E-01   3.59319671E-01   2194.04018238    4.63650487E-06   1.18621184E+18   5.44643962E+08   1.94298641E+08   1.24136452E+08   0.20509875      
  66               1.03990206E+00   3.95776430E-01   2237.37481554    5.00361971E-06   1.28125927E+18   5.14530573E+08   2.24432852E+08   1.21742868E+08   0.19888065      
  67               1.26538076E+00   4.36587618E-01   2280.83855268    5.40893620E-06   1.38644520E+18   4.81614582E+08   2.57394626E+08   1.19262078E+08   0.19247112      
  68               1.53974930E+00   4.82271598E-01   2324.27461830    5.85654487E-06   1.50290001E+18   4.46148327E+08   2.92915144E+08   1.16695250E+08   0.18604411      
  69               1.87360830E+00   5.33299219E-01   2367.48989254    6.35050587E-06   1.63158105E+18   4.08577837E+08   3.30483683E+08   1.14049173E+08   0.18000949      
  70               2.27985690E+00   5.90301180E-01   2410.54391477    6.89395237E-06   1.77371747E+18   3.69798386E+08   3.69218261E+08   1.11324828E+08   0.17436843      
  71               2.77419111E+00   6.54085237E-01   2453.42996918    7.49365140E-06   1.93101888E+18   3.30509550E+08   4.08490417E+08   1.08518475E+08   0.16888151      
  72               3.37571026E+00   7.25402016E-01   2496.06269105    8.15492642E-06   2.10498550E+18   2.91181876E+08   4.47798632E+08   1.05633472E+08   0.1638399       
  73               4.10765492E+00   8.05071367E-01   2538.49205655    8.88300196E-06   2.29712385E+18   2.52640101E+08   4.86289140E+08   1.02673327E+08   0.15924911      
  74               4.99830483E+00   8.94032193E-01   2580.67892555    9.68428834E-06   2.50925629E+18   2.16035659E+08   5.22809976E+08   9.96401558E+07   0.15490337      
  75               6.08207157E+00   9.93311117E-01   2622.60256302    1.05656076E-05   2.74333380E+18   1.82439773E+08   5.56302556E+08   9.65363975E+07   0.15086653      
  76               7.40082804E+00   1.10401418E+00   2664.26214754    1.15340303E-05   3.00139763E+18   1.52682181E+08   5.85946870E+08   9.33651232E+07   0.14723764      
  77               9.00552635E+00   1.22732295E+00   2705.69470242    1.25966626E-05   3.28553354E+18   1.27158610E+08   6.11351196E+08   9.01300235E+07   0.1438757       
  78               1.09581663E+01   1.36450184E+00   2746.82609207    1.37615331E-05   3.59806331E+18   1.05896679E+08   6.32517444E+08   8.68351559E+07   0.14074092      
  79               1.33341911E+01   1.51690617E+00   2787.68250256    1.50365022E-05   3.94131592E+18   8.85891518E+07   6.49758443E+08   8.34847131E+07   0.13790753      
  80               1.62254019E+01   1.68598696E+00   2828.24599031    1.64300830E-05   4.31780347E+18   7.46528283E+07   6.63652829E+08   8.00828840E+07   0.13546156      
  81               1.97435049E+01   1.87330007E+00   2868.61317058    1.79503348E-05   4.73000065E+18   6.33536401E+07   6.74920473E+08   7.66336443E+07   0.13328558      
  82               2.40244270E+01   2.08052712E+00   2908.71618027    1.96071161E-05   5.18081248E+18   5.40473402E+07   6.84214697E+08   7.31405169E+07   0.13131768      
  83               2.92335681E+01   2.30948788E+00   2948.63764066    2.14096791E-05   5.67309585E+18   4.62834076E+07   6.91983640E+08   6.96065698E+07   0.1295327       
  84               3.55721908E+01   2.56215969E+00   2988.31167359    2.33693835E-05   6.21020794E+18   3.97460649E+07   6.98538401E+08   6.60343454E+07   0.12794359      
  85               4.32851972E+01   2.84069244E+00   3027.84920816    2.54966204E-05   6.79541231E+18   3.41949150E+07   7.04110614E+08   6.24258864E+07   0.12650541      
  86               5.26705906E+01   3.14732992E+00   3067.15809657    2.78040245E-05   7.43244916E+18   2.94350000E+07   7.08913816E+08   5.87838842E+07   0.1252036       
  87               6.40909893E+01   3.48449669E+00   3106.34571357    3.03026825E-05   8.12486414E+18   2.53618407E+07   7.13044968E+08   5.51105512E+07   0.12404181      
  88               7.79876373E+01   3.85489128E+00   3145.34154334    3.30074917E-05   8.87708058E+18   2.18804001E+07   7.16594699E+08   5.14069227E+07   0.12304051      
  89               9.48974517E+01   4.26150242E+00   3184.29278877    3.59317010E-05   9.69338776E+18   1.89075741E+07   7.19627372E+08   4.76731873E+07   0.1222073       
  90               1.15473768E+02   4.70762278E+00   3223.14787323    3.90929468E-05   1.05790645E+19   1.63502558E+07   7.22237678E+08   4.39089838E+07   0.12150793      
  91               1.40511583E+02   5.19688972E+00   3262.04714651    4.25071826E-05   1.15392905E+19   1.41462939E+07   7.24492412E+08   4.01134356E+07   0.12091216      
  92               1.70978268E+02   5.73332804E+00   3300.92808295    4.61957979E-05   1.25804614E+19   1.22366912E+07   7.26449077E+08   3.62852218E+07   0.1204022       
  93               2.08050949E+02   6.32139752E+00   3339.93113003    5.01780888E-05   1.37088628E+19   1.05831312E+07   7.28145031E+08   3.24226281E+07   0.11996977      
  94               2.53161982E+02   6.96603925E+00   3378.99331941    5.44798228E-05   1.49322215E+19   9.14871463E+06   7.29601660E+08   2.85236392E+07   0.11960957      
  95               3.08054300E+02   7.67273853E+00   3418.26026902    5.91242161E-05   1.62581494E+19   7.91150069E+06   7.30858963E+08   2.45859402E+07   0.11932054      
  96               3.74848746E+02   8.44758230E+00   3457.67117878    6.41422280E-05   1.76959785E+19   6.84189496E+06   7.31947537E+08   2.06069975E+07   0.11910467      
  97               4.56126023E+02   9.29730664E+00   3497.37865446    6.95614766E-05   1.92548589E+19   5.91685581E+06   7.32888888E+08   1.65841842E+07   0.11896458      
  98               5.55026396E+02   1.02293618E+01   3537.32284972    7.54186265E-05   2.09459316E+19   5.11335195E+06   7.33705163E+08   1.25148247E+07   0.11890165      
  99               6.75371026E+02   1.12519915E+01   3577.66115030    8.17462368E-05   2.27801213E+19   4.41650137E+06   7.34393791E+08   8.39618926E+06   0.11891421      
  100              8.21809604E+02   1.23743154E+01   3618.33141025    8.85877009E-05   2.47707227E+19   3.81017805E+06   7.34984477E+08   4.22552070E+06   0.11899299      
  101              1.00000000E+03   1.36064353E+01   3659.48864081    9.59816980E-05   2.69308337E+19   3.53105224E+06   7.35270865E+08   0.00000000E+00   0.11912962      
