# ATMO pressure-temperature profile
# Effective temperature = 600.0K
# log(g) = 3.0cm/s^2
# M/H = 0.0
# Optical depth grid in band 17 (1.20-1.33microns)
# All parameters in cgs units
#
# Model Level      Optical Depth    Pressure         Temperature      Density          Number Density   Rad Flux         Conv Flux        Radial Extension Adiabatic Gradient
#                                   [Ba]             [K]              [g/cm^3]         [/cm^3]          [ergs/s/cm^2/sr] [ergs/s/cm^2/sr] [cm]             [K/Ba]          
  1                1.00000000E-04   1.00000000E-05   123.78275435     2.27864501E-09   5.85147963E+14   7.34804430E+06   0.00000000E+00   3.49661980E+08   0.32856814      
  2                1.17489755E-04   2.09124886E-05   151.75890583     3.88686327E-09   9.98107617E+14   7.34804430E+06   0.00000000E+00   3.45995128E+08   0.33007232      
  3                1.38038426E-04   3.34766082E-05   158.28939345     5.97121258E-09   1.53184730E+15   7.34804430E+06   0.00000000E+00   3.43385902E+08   0.3182207       
  4                1.62181010E-04   4.75185126E-05   165.91576184     8.09471346E-09   2.07444073E+15   7.34804430E+06   0.00000000E+00   3.41365513E+08   0.32451505      
  5                1.90546072E-04   6.33292101E-05   175.67854535     1.01991122E-08   2.61102592E+15   7.34804430E+06   0.00000000E+00   3.39624875E+08   0.31543629      
  6                2.23872114E-04   8.11634789E-05   180.17168965     1.27584675E-08   3.26287128E+15   7.34804430E+06   0.00000000E+00   3.38060960E+08   0.32199805      
  7                2.63026799E-04   1.01340360E-04   186.68142956     1.53915598E-08   3.93194255E+15   7.34804430E+06   0.00000000E+00   3.36620683E+08   0.31565441      
  8                3.09029543E-04   1.24346434E-04   191.06318160     1.84526030E-08   4.71391957E+15   7.34804430E+06   0.00000000E+00   3.35255558E+08   0.32211119      
  9                3.63078055E-04   1.51163560E-04   198.31516005     2.16118780E-08   5.52099095E+15   7.34804430E+06   0.00000000E+00   3.33912679E+08   0.31397653      
  10               4.26579519E-04   1.82432706E-04   202.37245337     2.55595154E-08   6.52945817E+15   7.34804430E+06   0.00000000E+00   3.32582244E+08   0.32055383      
  11               5.01187234E-04   2.18905208E-04   209.35493507     2.96465528E-08   7.57353665E+15   7.34804430E+06   0.00000000E+00   3.31257286E+08   0.31204163      
  12               5.88843655E-04   2.61447561E-04   213.39141222     3.47383325E-08   8.87428755E+15   7.34804430E+06   0.00000000E+00   3.29931633E+08   0.31772424      
  13               6.91830971E-04   3.11077850E-04   220.21510293     4.00519162E-08   1.02317007E+16   7.34804430E+06   0.00000000E+00   3.28601085E+08   0.31022317      
  14               8.12830516E-04   3.68975199E-04   224.20417473     4.66610805E-08   1.19200841E+16   7.34804430E+06   0.00000000E+00   3.27261810E+08   0.31517497      
  15               9.54992586E-04   4.36524708E-04   230.87370530     5.36087484E-08   1.36949420E+16   7.34804430E+06   0.00000000E+00   3.25911209E+08   0.30861872      
  16               1.12201845E-03   5.15338903E-04   234.68781675     6.22592227E-08   1.59048004E+16   7.34804430E+06   0.00000000E+00   3.24546988E+08   0.31299867      
  17               1.31825674E-03   6.07317043E-04   241.09938050     7.14201381E-08   1.82450566E+16   7.34804430E+06   0.00000000E+00   3.23167645E+08   0.30720852      
  18               1.54881662E-03   7.14671908E-04   244.66885668     8.28188755E-08   2.11569889E+16   7.34804430E+06   0.00000000E+00   3.21771769E+08   0.3112772       
  19               1.81970086E-03   8.39988206E-04   251.00785675     9.48827325E-08   2.42388333E+16   7.34804430E+06   0.00000000E+00   3.20358095E+08   0.3060042       
  20               2.13796209E-03   9.86272216E-04   254.53427286     1.09863098E-07   2.80657318E+16   7.34804430E+06   0.00000000E+00   3.18925322E+08   0.30975897      
  21               2.51188643E-03   1.15701646E-03   261.07062983     1.25655884E-07   3.21001719E+16   7.34804430E+06   0.00000000E+00   3.17472111E+08   0.30495816      
  22               2.95120923E-03   1.35626192E-03   264.90171105     1.45164397E-07   3.70838354E+16   7.34804430E+06   0.00000000E+00   3.15996856E+08   0.30834027      
  23               3.46736850E-03   1.58869711E-03   271.97365061     1.65621070E-07   4.23097165E+16   7.34804430E+06   0.00000000E+00   3.14497813E+08   0.30401448      
  24               4.07380278E-03   1.85976189E-03   276.29992856     1.90843723E-07   4.87531196E+16   7.34804430E+06   0.00000000E+00   3.12973142E+08   0.30694391      
  25               4.78630092E-03   2.17580110E-03   283.80181122     2.17372870E-07   5.55302808E+16   7.34804430E+06   0.00000000E+00   3.11421472E+08   0.3031799       
  26               5.62341325E-03   2.54418531E-03   288.45843657     2.50073000E-07   6.38838874E+16   7.34804430E+06   0.00000000E+00   3.09841443E+08   0.30565076      
  27               6.60693448E-03   2.97352597E-03   296.25503572     2.84581917E-07   7.26995686E+16   7.34804430E+06   0.00000000E+00   3.08232040E+08   0.30246361      
  28               7.76247117E-03   3.47381706E-03   301.26809903     3.26930246E-07   8.35179136E+16   7.34804430E+06   0.00000000E+00   3.06591859E+08   0.30450695      
  29               9.12010839E-03   4.05670026E-03   309.45958068     3.71680937E-07   9.49499688E+16   7.34804430E+06   0.00000000E+00   3.04919734E+08   0.30184896      
  30               1.07151931E-02   4.73561549E-03   314.93515141     4.26340501E-07   1.08913355E+17   7.34804430E+06   0.00000000E+00   3.03214232E+08   0.30351148      
  31               1.25892541E-02   5.52614647E-03   323.74433769     4.83973402E-07   1.23636314E+17   7.34804430E+06   0.00000000E+00   3.01473909E+08   0.30132148      
  32               1.47910839E-02   6.44630806E-03   329.90826377     5.54011954E-07   1.41528434E+17   7.34804430E+06   0.00000000E+00   2.99696883E+08   0.30263555      
  33               1.73780083E-02   7.51712824E-03   339.54441417     6.27706479E-07   1.60354521E+17   7.34804430E+06   0.00000000E+00   2.97881039E+08   0.3008746       
  34               2.04173794E-02   8.76293186E-03   346.55903306     7.16924500E-07   1.83146259E+17   7.34804430E+06   0.00000000E+00   2.96023942E+08   0.30187177      
  35               2.39883292E-02   1.02123495E-02   357.17799542     8.10666229E-07   2.07093664E+17   7.34804430E+06   0.00000000E+00   2.94122707E+08   0.30047655      
  36               2.81838293E-02   1.18988281E-02   365.33532056     9.23450689E-07   2.35905665E+17   7.34804430E+06   0.00000000E+00   2.92173521E+08   0.30123577      
  37               3.31131121E-02   1.38628321E-02   377.35618840     1.04160141E-06   2.66088635E+17   7.34804430E+06   0.00000000E+00   2.90170964E+08   0.30026214      
  38               3.89045145E-02   1.61537455E-02   387.07776211     1.18324798E-06   3.02274044E+17   7.34804430E+06   0.00000000E+00   2.88107389E+08   0.30069576      
  39               4.57088190E-02   1.88365556E-02   400.97050965     1.33195213E-06   3.40263134E+17   7.34804430E+06   0.00000000E+00   2.85970370E+08   0.29990537      
  40               5.37031796E-02   2.19991102E-02   413.08493029     1.50997173E-06   3.85737270E+17   7.34804430E+06   0.00000000E+00   2.83740330E+08   0.30023302      
  41               6.30957344E-02   2.57681910E-02   430.18865466     1.69836790E-06   4.33861205E+17   7.34804430E+06   0.00000000E+00   2.81386694E+08   0.29968995      
  42               7.41310241E-02   3.03242137E-02   446.09564304     1.92739641E-06   4.92365265E+17   7.34804430E+06   0.00000000E+00   2.78868501E+08   0.29993333      
  43               8.70963590E-02   3.59261882E-02   466.76238186     2.18235890E-06   5.57495200E+17   7.34804430E+06   0.00000000E+00   2.76137024E+08   0.29952467      
  44               1.02329299E-01   4.29173949E-02   486.77423281     2.49987220E-06   6.38603965E+17   7.34804430E+06   0.00000000E+00   2.73143826E+08   0.29962852      
  45               1.20226443E-01   5.17251890E-02   512.37212354     2.86235913E-06   7.31210523E+17   7.34804430E+06   0.00000000E+00   2.69851149E+08   0.2992604       
  46               1.41253754E-01   6.28225661E-02   537.96782312     3.31101625E-06   8.45834142E+17   7.34804430E+06   0.00000000E+00   2.66246359E+08   0.29936346      
  47               1.65958691E-01   7.66946903E-02   569.02255703     3.82149096E-06   9.76251366E+17   7.34804430E+06   0.00000000E+00   2.62346509E+08   0.29886365      
  48               1.94984460E-01   9.37168320E-02   600.01948674     4.42838659E-06   1.13130077E+18   7.34804430E+06   0.00000000E+00   2.58208643E+08   0.2989494       
  49               2.29086765E-01   1.14083145E-01   637.19816079     5.07618528E-06   1.29679944E+18   7.32451359E+06   2.35307065E+04   2.53913061E+08   0.29827081      
  50               2.69153480E-01   1.37898640E-01   673.28441493     5.80698337E-06   1.48349901E+18   7.23446288E+06   1.13581420E+05   2.49526578E+08   0.29832158      
  51               3.16227766E-01   1.65289024E-01   711.72513665     6.58446729E-06   1.68212223E+18   7.08201707E+06   2.66027226E+05   2.45096990E+08   0.29723182      
  52               3.71535229E-01   1.96346635E-01   747.85030728     7.44385506E-06   1.90166768E+18   6.88025123E+06   4.67793070E+05   2.40660807E+08   0.29735002      
  53               4.36515832E-01   2.31191216E-01   786.40561409     8.33516297E-06   2.12936722E+18   6.62949803E+06   7.18546272E+05   2.36237164E+08   0.29596124      
  54               5.12861384E-01   2.70190048E-01   821.96064681     9.31982404E-06   2.38091649E+18   6.37533611E+06   9.72708190E+05   2.31812381E+08   0.2960948       
  55               6.02559586E-01   3.13807733E-01   860.87231908     1.03350671E-05   2.64028457E+18   6.12275495E+06   1.22528934E+06   2.27368068E+08   0.29420567      
  56               7.07945784E-01   3.62656731E-01   896.31550142     1.14715064E-05   2.93062787E+18   5.93158731E+06   1.41645698E+06   2.22881719E+08   0.29430271      
  57               8.31763771E-01   4.17650202E-01   936.43721113     1.26447386E-05   3.23042657E+18   5.83042820E+06   1.51761609E+06   2.18315521E+08   0.29210431      
  58               9.77237221E-01   4.80383113E-01   973.03132518     1.39964446E-05   3.57591140E+18   5.89371665E+06   1.45432765E+06   2.13599836E+08   0.29209689      
  59               1.14815362E+00   5.53555573E-01   1016.75967689    1.54335619E-05   3.94338112E+18   6.10746514E+06   1.24057915E+06   2.08621014E+08   0.28965161      
  60               1.34896288E+00   6.41254064E-01   1057.94498438    1.71808209E-05   4.39028674E+18   6.50321142E+06   8.44832881E+05   2.03235067E+08   0.28909305      
  61               1.58489319E+00   7.49068748E-01   1109.67273495    1.91314171E-05   4.88936661E+18   7.01060122E+06   3.37443080E+05   1.97287909E+08   0.2864934       
  62               1.86208714E+00   8.83764061E-01   1159.77570681    2.15937375E-05   5.51935297E+18   7.34804430E+06   0.00000000E+00   1.90660578E+08   0.28553125      
  63               2.18776162E+00   1.05441270E+00   1212.48006309    2.46405699E-05   6.29885865E+18   7.34804430E+06   0.00000000E+00   1.83262249E+08   0.28308283      
  64               2.57039578E+00   1.27090582E+00   1253.72284758    2.87202554E-05   7.34239368E+18   7.34804430E+06   0.00000000E+00   1.75123892E+08   0.28230937      
  65               3.01995172E+00   1.53976491E+00   1300.70758766    3.35369356E-05   8.57433771E+18   7.34804430E+06   0.00000000E+00   1.66460740E+08   0.28002528      
  66               3.54813389E+00   1.86325607E+00   1338.52192330    3.94346604E-05   1.00826083E+19   7.34804430E+06   0.00000000E+00   1.57565355E+08   0.27937416      
  67               4.16869383E+00   2.24340073E+00   1383.81983418    4.59245797E-05   1.17422993E+19   7.34804430E+06   0.00000000E+00   1.48632512E+08   0.27720798      
  68               4.89778819E+00   2.68286135E+00   1421.44738273    5.34660749E-05   1.36707795E+19   7.34804430E+06   0.00000000E+00   1.39763813E+08   0.27656218      
  69               5.75439937E+00   3.18381860E+00   1467.91047769    6.14415060E-05   1.57099421E+19   7.34804430E+06   0.00000000E+00   1.31023368E+08   0.27423147      
  70               6.76082975E+00   3.74431047E+00   1508.26307525    7.03310423E-05   1.79812795E+19   7.34804430E+06   0.00000000E+00   1.22496847E+08   0.2734622       
  71               7.94328235E+00   4.35858908E+00   1558.24310404    7.92514823E-05   2.02598652E+19   7.34804430E+06   0.00000000E+00   1.14268821E+08   0.27098216      
  72               9.33254301E+00   5.01328721E+00   1602.77994448    8.86363744E-05   2.26555456E+19   7.34804431E+06   0.00000000E+00   1.06457214E+08   0.27005848      
  73               1.09647820E+01   5.68023187E+00   1656.26971606    9.72081960E-05   2.48405292E+19   7.34804431E+06   0.00000000E+00   9.92719387E+07   0.26750534      
  74               1.28824955E+01   6.31966664E+00   1703.78218890    1.05183823E-04   2.68661810E+19   6.48904868E+06   8.58995652E+05   9.29480058E+07   0.26643989      
  75               1.51356125E+01   6.90275898E+00   1744.56480246    1.12245792E-04   2.86590271E+19   5.58282587E+06   1.76521847E+06   8.75815167E+07   0.26428278      
  76               1.77827941E+01   7.45874215E+00   1780.06171116    1.18911623E-04   3.03498378E+19   4.86980291E+06   2.47824145E+06   8.27689559E+07   0.26374304      
  77               2.08929613E+01   7.96719143E+00   1811.81509441    1.24838078E-04   3.18505707E+19   4.18961427E+06   3.15843012E+06   7.85956979E+07   0.26185654      
  78               2.45470892E+01   8.40833997E+00   1836.80673611    1.29994322E-04   3.31568023E+19   3.68356621E+06   3.66447820E+06   7.51326379E+07   0.26137204      
  79               2.88403150E+01   8.82232189E+00   1860.74543973    1.34645180E-04   3.43416989E+19   3.33801711E+06   4.01021159E+06   7.20034811E+07   0.25987553      
  80               3.38844156E+01   9.23389702E+00   1882.06223736    1.39335956E-04   3.55366828E+19   3.08874880E+06   4.25954538E+06   6.89986114E+07   0.25952291      
  81               3.98107171E+01   9.65033993E+00   1904.57481513    1.43903576E-04   3.67003676E+19   2.82918335E+06   4.51886111E+06   6.60576346E+07   0.25826395      
  82               4.67735141E+01   1.00450334E+01   1923.43662360    1.48343227E-04   3.78267773E+19   2.54266106E+06   4.80538339E+06   6.33561595E+07   0.2576287       
  83               5.49540874E+01   1.03913775E+01   1941.22507622    1.52075241E-04   3.87724344E+19   2.27220479E+06   5.07583968E+06   6.10501803E+07   0.25663759      
  84               6.45654229E+01   1.07140821E+01   1955.53121831    1.55674966E-04   3.96840561E+19   2.07072510E+06   5.27795314E+06   5.89528004E+07   0.25575457      
  85               7.58577575E+01   1.10264630E+01   1970.90193286    1.58988921E-04   4.05225761E+19   1.91493626E+06   5.43395157E+06   5.69671523E+07   0.25535466      
  86               8.91250938E+01   1.13367788E+01   1983.94620249    1.62414759E-04   4.13890654E+19   1.78025056E+06   5.56875381E+06   5.50359917E+07   0.25451329      
  87               1.04712855E+02   1.16630609E+01   1999.25964014    1.65806270E-04   4.22541318E+19   1.70537788E+06   5.64365034E+06   5.30476999E+07   0.25407994      
  88               1.23026877E+02   1.20318019E+01   2014.16785998    1.69778815E-04   4.32674052E+19   1.61856545E+06   5.73079380E+06   5.08499444E+07   0.2524538       
  89               1.44543977E+02   1.24476984E+01   2032.39355770    1.74067936E-04   4.43615883E+19   1.56567111E+06   5.78354291E+06   4.84306748E+07   0.25258213      
  90               1.69824365E+02   1.29156204E+01   2050.55491872    1.79006391E-04   4.56215155E+19   1.47971675E+06   5.86976747E+06   4.57798562E+07   0.25007804      
  91               1.99526231E+02   1.34408280E+01   2071.78537301    1.84370102E-04   4.69901791E+19   1.42641225E+06   5.92317638E+06   4.28888325E+07   0.25078097      
  92               2.34422882E+02   1.40288968E+01   2093.51764266    1.90431085E-04   4.85369782E+19   1.34115142E+06   6.00857168E+06   3.97503898E+07   0.24722085      
  93               2.75422870E+02   1.46860670E+01   2117.66770151    1.97068408E-04   5.02311975E+19   1.28839197E+06   6.06147542E+06   3.63580390E+07   0.24858107      
  94               3.23593657E+02   1.54184260E+01   2143.24924681    2.04414328E-04   5.21066558E+19   1.20324887E+06   6.14682226E+06   3.27091535E+07   0.24393031      
  95               3.80189396E+02   1.62326774E+01   2170.02713893    2.12539285E-04   5.41814762E+19   1.12891950E+06   6.22139199E+06   2.88026907E+07   0.24143037      
  96               4.46683592E+02   1.71359456E+01   2198.60264408    2.21432196E-04   5.64530186E+19   1.05738606E+06   6.29321404E+06   2.46390117E+07   0.23897334      
  97               5.24807460E+02   1.81359670E+01   2228.29146168    2.31210589E-04   5.89514592E+19   9.86423806E+05   6.36453967E+06   2.02193844E+07   0.23659351      
  98               6.16595002E+02   1.92410642E+01   2259.70893517    2.41862300E-04   6.16740438E+19   9.17388641E+05   6.43402720E+06   1.55461962E+07   0.23405843      
  99               7.24435960E+02   2.04601718E+01   2292.07820315    2.53527696E-04   6.46555314E+19   8.50194510E+05   6.50159353E+06   1.06229821E+07   0.23154711      
  100              8.51138038E+02   2.18089073E+01   2326.21532050    2.66235655E-04   6.79062634E+19   7.84675217E+05   6.56763764E+06   5.43161455E+06   0.22885648      
  101              1.00000000E+03   2.32921878E+01   2361.10016018    2.80124297E-04   7.14532049E+19   7.46699931E+05   6.60621685E+06   0.00000000E+00   0.2262161       
