# ATMO pressure-temperature profile
# Effective temperature = 700.0K
# log(g) = 4.5cm/s^2
# M/H = 0.0
# Optical depth grid in band 17 (1.20-1.33microns)
# All parameters in cgs units
#
# Model Level      Optical Depth    Pressure         Temperature      Density          Number Density   Rad Flux         Conv Flux        Radial Extension Adiabatic Gradient
#                                   [Ba]             [K]              [g/cm^3]         [/cm^3]          [ergs/s/cm^2/sr] [ergs/s/cm^2/sr] [cm]             [K/Ba]          
  1                5.00000000E-05   1.00000000E-05   165.63035129     1.71183483E-09   4.37306484E+14   1.36132571E+07   0.00000000E+00   1.31835134E+07   0.32261044      
  2                5.91534807E-05   1.60653165E-04   197.47682062     2.30661409E-08   5.89249196E+15   1.36132554E+07   0.00000000E+00   1.24253551E+07   0.31630208      
  3                6.99826855E-05   3.28300908E-04   212.04740045     4.38976138E-08   1.12141141E+16   1.36132569E+07   0.00000000E+00   1.22587495E+07   0.31452754      
  4                8.27943887E-05   5.24563876E-04   222.15705420     6.69483770E-08   1.71026777E+16   1.36132561E+07   0.00000000E+00   1.21442646E+07   0.3114871       
  5                9.79515255E-05   7.52674267E-04   229.34404135     9.30510737E-08   2.37708903E+16   1.36132567E+07   0.00000000E+00   1.20528713E+07   0.31137889      
  6                1.15883473E-04   1.01976057E-03   237.36463127     1.21810294E-07   3.11177401E+16   1.36132570E+07   0.00000000E+00   1.19735392E+07   0.30902815      
  7                1.37098216E-04   1.33275169E-03   243.22686592     1.55360095E-07   3.96883951E+16   1.36132573E+07   0.00000000E+00   1.19015910E+07   0.3091959       
  8                1.62196734E-04   1.69972925E-03   250.48745176     1.92395785E-07   4.91495575E+16   1.36132574E+07   0.00000000E+00   1.18344679E+07   0.30723858      
  9                1.91890027E-04   2.13008953E-03   256.08711306     2.35836986E-07   6.02470760E+16   1.36132575E+07   0.00000000E+00   1.17705785E+07   0.30746643      
  10               2.27019260E-04   2.63485706E-03   263.06150138     2.83989019E-07   7.25480270E+16   1.36132576E+07   0.00000000E+00   1.17088999E+07   0.30580164      
  11               2.68579588E-04   3.22690347E-03   268.49190281     3.40766241E-07   8.70523744E+16   1.36132577E+07   0.00000000E+00   1.16487165E+07   0.30605301      
  12               3.17748350E-04   3.92141966E-03   275.30667987     4.03857687E-07   1.03169758E+17   1.36132577E+07   0.00000000E+00   1.15895140E+07   0.30463792      
  13               3.75918418E-04   4.73615249E-03   280.57215069     4.78611244E-07   1.22266352E+17   1.36132578E+07   0.00000000E+00   1.15309124E+07   0.30489606      
  14               4.44737657E-04   5.69187357E-03   287.26514336     5.61790116E-07   1.43515283E+17   1.36132578E+07   0.00000000E+00   1.14726280E+07   0.30369745      
  15               5.26155608E-04   6.81291646E-03   292.52311566     6.60350718E-07   1.68693641E+17   1.36132579E+07   0.00000000E+00   1.14144246E+07   0.3039394       
  16               6.22478712E-04   8.12786126E-03   299.31559536     7.69925524E-07   1.96685696E+17   1.36132579E+07   0.00000000E+00   1.13561076E+07   0.30291725      
  17               7.36435649E-04   9.66994780E-03   304.73346601     8.99716654E-07   2.29842225E+17   1.36132580E+07   0.00000000E+00   1.12975165E+07   0.30313475      
  18               8.71254639E-04   1.14778361E-02   311.81853774     1.04366200E-06   2.66614600E+17   1.36132580E+07   0.00000000E+00   1.12385183E+07   0.30224288      
  19               1.03075489E-03   1.35966117E-02   317.60155200     1.21380763E-06   3.10080118E+17   1.36132581E+07   0.00000000E+00   1.11789891E+07   0.30247213      
  20               1.21945479E-03   1.60791948E-02   325.11306704     1.40227004E-06   3.58224852E+17   1.36132581E+07   0.00000000E+00   1.11188145E+07   0.30173092      
  21               1.44269991E-03   1.89871237E-02   331.30031675     1.62494667E-06   4.15109973E+17   1.36132582E+07   0.00000000E+00   1.10578961E+07   0.30184238      
  22               1.70681442E-03   2.23918831E-02   339.30686087     1.87111192E-06   4.77995510E+17   1.36132582E+07   0.00000000E+00   1.09961489E+07   0.30120794      
  23               2.01928028E-03   2.63763056E-02   346.09623493     2.16082141E-06   5.52004897E+17   1.36132583E+07   0.00000000E+00   1.09334867E+07   0.30133788      
  24               2.38894914E-03   3.10378067E-02   354.77079190     2.48053296E-06   6.33678550E+17   1.36132584E+07   0.00000000E+00   1.08698154E+07   0.30084853      
  25               2.82629313E-03   3.64897525E-02   362.25952484     2.85596571E-06   7.29586760E+17   1.36132584E+07   0.00000000E+00   1.08050411E+07   0.30092907      
  26               3.34370152E-03   4.28638776E-02   371.74150371     3.26928157E-06   8.35172613E+17   1.36132585E+07   0.00000000E+00   1.07390754E+07   0.30050866      
  27               3.95583167E-03   5.03124882E-02   380.19895643     3.75203453E-06   9.58496905E+17   1.36132586E+07   0.00000000E+00   1.06718218E+07   0.30054096      
  28               4.68002425E-03   5.90129584E-02   390.82380811     4.28122743E-06   1.09368490E+18   1.36132587E+07   0.00000000E+00   1.06031742E+07   0.30019805      
  29               5.53679448E-03   6.91719315E-02   400.53528846     4.89656664E-06   1.25087801E+18   1.36132588E+07   0.00000000E+00   1.05330093E+07   0.3002124       
  30               6.55041330E-03   8.10312726E-02   412.53152815     5.56927478E-06   1.42272628E+18   1.36132589E+07   0.00000000E+00   1.04611942E+07   0.2999493       
  31               7.74959494E-03   9.48736459E-02   423.79957207     6.34729588E-06   1.62147746E+18   1.36132590E+07   0.00000000E+00   1.03875706E+07   0.29996875      
  32               9.16831029E-03   1.11039190E-01   437.59654677     7.19460280E-06   1.83792692E+18   1.36132591E+07   0.00000000E+00   1.03119233E+07   0.29979371      
  33               1.08467493E-02   1.29938350E-01   451.05797064     8.16791228E-06   2.08655975E+18   1.36132593E+07   0.00000000E+00   1.02339611E+07   0.29979163      
  34               1.28324595E-02   1.52087911E-01   467.12325329     9.23155047E-06   2.35824569E+18   1.36132594E+07   0.00000000E+00   1.01532981E+07   0.29960983      
  35               1.51816929E-02   1.78149547E-01   482.90746806     1.04601316E-05   2.67206268E+18   1.36132596E+07   0.00000000E+00   1.00694298E+07   0.29957986      
  36               1.79609996E-02   2.08993067E-01   501.52672905     1.18156698E-05   3.01830856E+18   1.36132597E+07   0.00000000E+00   9.98169570E+06   0.29942544      
  37               2.12491128E-02   2.45759587E-01   520.13611914     1.33972961E-05   3.42230960E+18   1.36132599E+07   0.00000000E+00   9.88928604E+06   0.29940792      
  38               2.51391797E-02   2.89988700E-01   541.76285022     1.51773809E-05   3.87701689E+18   1.36132600E+07   0.00000000E+00   9.79120072E+06   0.29921156      
  39               2.97413996E-02   3.43660169E-01   563.66222825     1.72874596E-05   4.41607159E+18   1.36132602E+07   0.00000000E+00   9.68642012E+06   0.29913828      
  40               3.51861462E-02   4.09224795E-01   588.95267022     1.97014386E-05   5.03277348E+18   1.36132604E+07   0.00000000E+00   9.57407440E+06   0.29886446      
  41               4.16276604E-02   4.89538282E-01   614.66569517     2.25818527E-05   5.76864115E+18   1.36132605E+07   0.00000000E+00   9.45366480E+06   0.29875576      
  42               4.92484201E-02   5.87756133E-01   643.71478579     2.58887586E-05   6.61347208E+18   1.36132607E+07   0.00000000E+00   9.32520824E+06   0.29837098      
  43               5.82643093E-02   7.07259663E-01   672.93455393     2.97995570E-05   7.61258054E+18   1.36132608E+07   0.00000000E+00   9.18915112E+06   0.29814466      
  44               6.89307339E-02   8.51344354E-01   705.21432336     3.42282519E-05   8.74399651E+18   1.36132609E+07   0.00000000E+00   9.04648480E+06   0.29757484      
  45               8.15498567E-02   1.02303499E+00   737.44882249     3.93330088E-05   1.00481114E+19   1.36132610E+07   0.00000000E+00   8.89851387E+06   0.29729432      
  46               9.64791575E-02   1.22506387E+00   772.59022537     4.49580031E-05   1.14851153E+19   1.36132611E+07   0.00000000E+00   8.74658788E+06   0.29654118      
  47               1.14141560E-01   1.46032920E+00   807.70991958     5.12616096E-05   1.30954731E+19   1.36132612E+07   0.00000000E+00   8.59161386E+06   0.29604699      
  48               1.35037411E-01   1.73181854E+00   845.86572006     5.80493854E-05   1.48295099E+19   1.36132613E+07   0.00000000E+00   8.43423065E+06   0.29494467      
  49               1.59758657E-01   2.04238848E+00   884.09333812     6.54993844E-05   1.67327019E+19   1.36132613E+07   0.00000000E+00   8.27495750E+06   0.29428757      
  50               1.89005613E-01   2.39481267E+00   925.16074996     7.33928814E-05   1.87490898E+19   1.36132614E+07   0.00000000E+00   8.11421856E+06   0.29298456      
  51               2.23606798E-01   2.79190486E+00   965.87384106     8.19561692E-05   2.09365949E+19   1.36132615E+07   0.00000000E+00   7.95230819E+06   0.29213926      
  52               2.64542408E-01   3.23793413E+00   1008.71399396    9.10127957E-05   2.32501524E+19   1.36132615E+07   0.00000000E+00   7.78899439E+06   0.29044999      
  53               3.12972084E-01   3.73812143E+00   1050.41876078    1.00900437E-04   2.57760743E+19   1.36132615E+07   0.00000000E+00   7.62393620E+06   0.28952569      
  54               3.70267763E-01   4.29997132E+00   1093.32480958    1.11510438E-04   2.84867035E+19   1.36132615E+07   0.00000000E+00   7.45643459E+06   0.28766866      
  55               4.38052539E-01   4.93297776E+00   1134.18030961    1.23315559E-04   3.15030711E+19   1.36132615E+07   0.00000000E+00   7.28573013E+06   0.28671875      
  56               5.18246648E-01   5.64960517E+00   1175.53825767    1.36257583E-04   3.48102522E+19   1.36132615E+07   0.00000000E+00   7.11090318E+06   0.28484318      
  57               6.13121862E-01   6.46542834E+00   1214.40546866    1.50938027E-04   3.85619891E+19   1.36132615E+07   0.00000000E+00   6.93100739E+06   0.28395046      
  58               7.25365844E-01   7.39840729E+00   1253.66245894    1.67303772E-04   4.27448163E+19   1.36132615E+07   0.00000000E+00   6.74534474E+06   0.28211068      
  59               8.58158289E-01   8.47045628E+00   1290.44796640    1.86078398E-04   4.75436092E+19   1.36132615E+07   0.00000000E+00   6.55320448E+06   0.28127987      
  60               1.01526100E+00   9.70583323E+00   1327.94163996    2.07187644E-04   5.29394805E+19   1.36132615E+07   0.00000000E+00   6.35424077E+06   0.27945465      
  61               1.20112443E+00   1.11287754E+01   1363.41582973    2.31371335E-04   5.91214240E+19   1.36132615E+07   0.00000000E+00   6.14872072E+06   0.27868826      
  62               1.42101382E+00   1.27631150E+01   1400.34456518    2.58340829E-04   6.60157577E+19   1.36132615E+07   0.00000000E+00   5.93732592E+06   0.27688284      
  63               1.68115827E+00   1.46339775E+01   1435.99590805    2.88843126E-04   7.38133679E+19   1.36132615E+07   0.00000000E+00   5.72074652E+06   0.27611596      
  64               1.98892727E+00   1.67698472E+01   1473.95376469    3.22464628E-04   8.24083247E+19   1.36132615E+07   0.00000000E+00   5.49943412E+06   0.27421969      
  65               2.35303941E+00   1.92014619E+01   1511.37266478    3.60067920E-04   9.20213439E+19   1.36132615E+07   0.00000000E+00   5.27376905E+06   0.27340961      
  66               2.78380943E+00   2.19514242E+01   1551.89559799    4.00875867E-04   1.02453321E+20   1.36132615E+07   0.00000000E+00   5.04487585E+06   0.27147102      
  67               3.29344035E+00   2.50254608E+01   1592.63320230    4.45351473E-04   1.13813075E+20   1.36132615E+07   0.00000000E+00   4.81480476E+06   0.27057825      
  68               3.89636920E+00   2.84080139E+01   1637.11658027    4.91842067E-04   1.25686058E+20   1.36132615E+07   0.00000000E+00   4.58625013E+06   0.26857768      
  69               4.60967600E+00   3.20497009E+01   1682.33719926    5.40021909E-04   1.37986555E+20   1.36132615E+07   0.00000000E+00   4.36279286E+06   0.26757114      
  70               5.45356761E+00   3.58528555E+01   1731.27198245    5.87105440E-04   1.49997593E+20   1.36132616E+07   0.00000000E+00   4.14919756E+06   0.26545353      
  71               6.45195012E+00   3.98063076E+01   1781.20023771    6.33714588E-04   1.61869487E+20   1.26413649E+07   9.71896618E+05   3.94423027E+06   0.26426972      
  72               7.63310614E+00   4.37552113E+01   1824.84621022    6.80160602E-04   1.73671820E+20   1.12433815E+07   2.36987999E+06   3.75401892E+06   0.26222783      
  73               9.03049593E+00   4.74993593E+01   1865.67111208    7.22459784E-04   1.84407468E+20   9.89571185E+06   3.71754964E+06   3.58511010E+06   0.26131336      
  74               1.06837053E+01   5.11673541E+01   1901.01712271    7.64032739E-04   1.94954278E+20   8.81251085E+06   4.80075059E+06   3.42898372E+06   0.2595463       
  75               1.26395671E+01   5.48753771E+01   1936.89491571    8.04450293E-04   2.05209422E+20   7.82426694E+06   5.78899453E+06   3.27941328E+06   0.25872963      
  76               1.49534878E+01   5.83957056E+01   1967.13454837    8.43107461E-04   2.15016944E+20   6.76567146E+06   6.84759000E+06   3.14423641E+06   0.25720804      
  77               1.76910170E+01   6.15300252E+01   1994.76541520    8.76084292E-04   2.23419514E+20   5.90733233E+06   7.70592899E+06   3.02890886E+06   0.25674023      
  78               2.09297047E+01   6.45501136E+01   2018.39639509    9.08357077E-04   2.31641511E+20   5.29281622E+06   8.32044516E+06   2.92185003E+06   0.25540536      
  79               2.47612977E+01   6.75437855E+01   2042.84479592    9.39142465E-04   2.39483647E+20   4.82771748E+06   8.78554400E+06   2.81935230E+06   0.25479757      
  80               2.92943389E+01   7.05710291E+01   2064.78428057    9.70845182E-04   2.47558365E+20   4.44336932E+06   9.16989213E+06   2.71909622E+06   0.25371783      
  81               3.46572422E+01   7.37750944E+01   2089.09892424    1.00307990E-03   2.55785904E+20   4.12195869E+06   9.49130275E+06   2.61642262E+06   0.25319056      
  82               4.10019301E+01   7.70187506E+01   2111.00075841    1.03646805E-03   2.64261514E+20   3.68252993E+06   9.93073171E+06   2.51582229E+06   0.25202591      
  83               4.85081376E+01   7.99069603E+01   2131.56220793    1.06511690E-03   2.71526635E+20   3.26136459E+06   1.03518972E+07   2.42889374E+06   0.25162005      
  84               5.73885036E+01   8.26318032E+01   2148.69917243    1.09281217E-03   2.78546338E+20   2.94781432E+06   1.06654474E+07   2.34902436E+06   0.25058411      
  85               6.78945948E+01   8.53005427E+01   2166.73808442    1.11887653E-03   2.85148582E+20   2.72049930E+06   1.08927624E+07   2.27270186E+06   0.25032199      
  86               8.03240320E+01   8.79817052E+01   2182.70836599    1.14577490E-03   2.91959426E+20   2.52830645E+06   1.10849553E+07   2.19781723E+06   0.24922411      
  87               9.50289215E+01   9.08306530E+01   2200.92603619    1.17305399E-03   2.98918523E+20   2.42900931E+06   1.11842524E+07   2.12010740E+06   0.24903298      
  88               1.12425830E+02   9.40795331E+01   2219.43946254    1.20484180E-03   3.07027792E+20   2.31992618E+06   1.12933354E+07   2.03368828E+06   0.24741793      
  89               1.33007583E+02   9.77753311E+01   2241.41403231    1.23985323E-03   3.15960686E+20   2.24014504E+06   1.13731169E+07   1.93806618E+06   0.24709993      
  90               1.57357229E+02   1.01966838E+02   2264.03376839    1.28003418E-03   3.26213471E+20   2.12297231E+06   1.14902896E+07   1.83285196E+06   0.24516422      
  91               1.86164557E+02   1.06705890E+02   2289.96237407    1.32432190E-03   3.37509411E+20   2.02752321E+06   1.15857385E+07   1.71774886E+06   0.24470815      
  92               2.20245630E+02   1.12047828E+02   2316.87391388    1.37441977E-03   3.50289308E+20   1.90290580E+06   1.17103559E+07   1.59253702E+06   0.24240064      
  93               2.60565913E+02   1.18052885E+02   2346.75054656    1.42958107E-03   3.64364046E+20   1.79715194E+06   1.18161099E+07   1.45706294E+06   0.24177731      
  94               3.08267614E+02   1.24785678E+02   2377.98041569    1.49118651E-03   3.80086381E+20   1.67166977E+06   1.19415920E+07   1.31123923E+06   0.23904247      
  95               3.64702046E+02   1.32317115E+02   2411.62071567    1.55902804E-03   3.97404569E+20   1.56518588E+06   1.20480759E+07   1.15503664E+06   0.23822391      
  96               4.31467909E+02   1.40723953E+02   2447.05876033    1.63390724E-03   4.16533051E+20   1.44462810E+06   1.21686338E+07   9.88468191E+05   0.23485299      
  97               5.10456573E+02   1.50091048E+02   2484.07453622    1.71650104E-03   4.37638988E+20   1.33723061E+06   1.22760312E+07   8.11591754E+05   0.23327386      
  98               6.03905660E+02   1.60510661E+02   2523.32246021    1.80687196E-03   4.60741114E+20   1.23382320E+06   1.23794384E+07   6.24494759E+05   0.23157752      
  99               7.14462436E+02   1.72088786E+02   2564.01090212    1.90617437E-03   4.86136852E+20   1.13431538E+06   1.24789463E+07   4.27209629E+05   0.22980632      
  100              8.45258798E+02   1.85012377E+02   2607.06070412    2.01518069E-03   5.14014627E+20   1.03964926E+06   1.25736125E+07   2.18692840E+05   0.22789895      
  101              1.00000000E+03   1.99355882E+02   2651.41251864    2.13466789E-03   5.44599944E+20   9.87669033E+05   1.26255929E+07   0.00000000E+00   0.22591811      
