# ATMO pressure-temperature profile
# Effective temperature = 800.0K
# log(g) = 4.5cm/s^2
# M/H = 0.0
# Optical depth grid in band 17 (1.20-1.33microns)
# All parameters in cgs units
#
# Model Level      Optical Depth    Pressure         Temperature      Density          Number Density   Rad Flux         Conv Flux        Radial Extension Adiabatic Gradient
#                                   [Ba]             [K]              [g/cm^3]         [/cm^3]          [ergs/s/cm^2/sr] [ergs/s/cm^2/sr] [cm]             [K/Ba]          
  1                5.00000000E-05   1.00000000E-05   215.67709896     1.31461250E-09   3.35831792E+14   2.32237204E+07   0.00000000E+00   1.44604981E+07   0.31081738      
  2                5.91534807E-05   1.46632473E-04   252.81367710     1.64449055E-08   4.20102663E+15   2.32237204E+07   0.00000000E+00   1.35312335E+07   0.30779326      
  3                6.99826855E-05   3.02950279E-04   266.72143753     3.22044004E-08   8.22695787E+15   2.32237204E+07   0.00000000E+00   1.33164331E+07   0.30547347      
  4                8.27943887E-05   4.85038339E-04   277.17073661     4.96169965E-08   1.26751916E+16   2.32237204E+07   0.00000000E+00   1.31723846E+07   0.30502487      
  5                9.79515255E-05   6.97916198E-04   285.44853445     6.93229816E-08   1.77092961E+16   2.32237207E+07   0.00000000E+00   1.30576019E+07   0.30388514      
  6                1.15883473E-04   9.47201086E-04   293.41777858     9.15287490E-08   2.33819971E+16   2.32237200E+07   0.00000000E+00   1.29586376E+07   0.30370272      
  7                1.37098216E-04   1.23940060E-03   300.29747085     1.17020454E-07   2.98941263E+16   2.32237209E+07   0.00000000E+00   1.28693544E+07   0.30290175      
  8                1.62196734E-04   1.58209786E-03   307.43107476     1.45910761E-07   3.72744651E+16   2.32237200E+07   0.00000000E+00   1.27864197E+07   0.30281023      
  9                1.91890027E-04   1.98423199E-03   313.57329198     1.79413496E-07   4.58330988E+16   2.32237210E+07   0.00000000E+00   1.27078238E+07   0.30220505      
  10               2.27019260E-04   2.45627509E-03   320.23586622     2.17474698E-07   5.55562436E+16   2.32237199E+07   0.00000000E+00   1.26322538E+07   0.3021594       
  11               2.68579588E-04   3.01054609E-03   325.82451763     2.61977030E-07   6.69248427E+16   2.32237209E+07   0.00000000E+00   1.25588216E+07   0.30168756      
  12               3.17748350E-04   3.66152471E-03   332.23283148     3.12479177E-07   7.98261642E+16   2.32237200E+07   0.00000000E+00   1.24868727E+07   0.30166667      
  13               3.75918418E-04   4.42619490E-03   337.59677685     3.71735363E-07   9.49637993E+16   2.32237209E+07   0.00000000E+00   1.24159236E+07   0.30128192      
  14               4.44737657E-04   5.32442446E-03   344.03480761     4.38805335E-07   1.12097551E+17   2.32237200E+07   0.00000000E+00   1.23455946E+07   0.3012702       
  15               5.26155608E-04   6.37948978E-03   349.50717796     5.17525109E-07   1.32207376E+17   2.32237209E+07   0.00000000E+00   1.22755817E+07   0.30094963      
  16               6.22478712E-04   7.61885075E-03   356.27680855     6.06322119E-07   1.54891560E+17   2.32237199E+07   0.00000000E+00   1.22056168E+07   0.30093722      
  17               7.36435649E-04   9.07462414E-03   362.05426750     7.10651265E-07   1.81543546E+17   2.32237211E+07   0.00000000E+00   1.21354852E+07   0.30066468      
  18               8.71254639E-04   1.07845147E-02   369.25261737     8.28091767E-07   2.11545048E+17   2.32237196E+07   0.00000000E+00   1.20649995E+07   0.30059891      
  19               1.03075489E-03   1.27925778E-02   375.47052402     9.66014337E-07   2.46778919E+17   2.32237216E+07   0.00000000E+00   1.19940015E+07   0.30045993      
  20               1.21945479E-03   1.51511149E-02   383.29101227     1.12077151E-06   2.86313480E+17   2.32237185E+07   0.00000000E+00   1.19223224E+07   0.30044147      
  21               1.44269991E-03   1.79213531E-02   390.08427623     1.30260880E-06   3.32765421E+17   2.32237230E+07   0.00000000E+00   1.18498201E+07   0.30021129      
  22               1.70681442E-03   2.11759433E-02   398.63498818     1.50615164E-06   3.84762901E+17   2.32237171E+07   0.00000000E+00   1.17763425E+07   0.30017102      
  23               2.01928028E-03   2.49998708E-02   406.19490790     1.74503591E-06   4.45788776E+17   2.32237251E+07   0.00000000E+00   1.17017538E+07   0.30002407      
  24               2.38894914E-03   2.94963031E-02   415.74686617     2.01158852E-06   5.13883228E+17   2.32237146E+07   0.00000000E+00   1.16258617E+07   0.30003804      
  25               2.82629313E-03   3.47874577E-02   424.26983676     2.32477163E-06   5.93890494E+17   2.32237266E+07   0.00000000E+00   1.15484885E+07   0.29989766      
  26               3.34370152E-03   4.10262834E-02   434.97312994     2.67426138E-06   6.83164964E+17   2.32237112E+07   0.00000000E+00   1.14693637E+07   0.29984982      
  27               3.95583167E-03   4.83958374E-02   444.76215242     3.08520135E-06   7.88144820E+17   2.32237337E+07   0.00000000E+00   1.13882306E+07   0.29970501      
  28               4.68002425E-03   5.71325642E-02   457.19089621     3.54314245E-06   9.05132130E+17   2.32237027E+07   0.00000000E+00   1.13046678E+07   0.29967189      
  29               5.53679448E-03   6.75315127E-02   469.12822386     4.08153314E-06   1.04265530E+18   2.32237371E+07   0.00000000E+00   1.12181940E+07   0.29959139      
  30               6.55041330E-03   7.99851950E-02   483.61379976     4.68937988E-06   1.19794468E+18   2.32237092E+07   0.00000000E+00   1.11281760E+07   0.29956763      
  31               7.74959494E-03   9.49585459E-02   496.64446097     5.42141391E-06   1.38488687E+18   2.32237338E+07   0.00000000E+00   1.10342662E+07   0.29945524      
  32               9.16831029E-03   1.13072987E-01   513.36924801     6.24524561E-06   1.59534587E+18   2.32237081E+07   0.00000000E+00   1.09358210E+07   0.29939182      
  33               1.08467493E-02   1.35077310E-01   529.08178333     7.23897516E-06   1.84920660E+18   2.32237334E+07   0.00000000E+00   1.08323317E+07   0.29924156      
  34               1.28324595E-02   1.61946513E-01   548.81050227     8.36685998E-06   2.13734696E+18   2.32237094E+07   0.00000000E+00   1.07231534E+07   0.29918567      
  35               1.51816929E-02   1.94800792E-01   567.63337409     9.73044757E-06   2.48569956E+18   2.32237317E+07   0.00000000E+00   1.06080085E+07   0.2990189       
  36               1.79609996E-02   2.34939817E-01   590.67353340     1.12775600E-05   2.88094491E+18   2.32237120E+07   0.00000000E+00   1.04868388E+07   0.29890142      
  37               2.12491128E-02   2.83770786E-01   613.00216655     1.31252840E-05   3.35298425E+18   2.32237290E+07   0.00000000E+00   1.03599177E+07   0.29864986      
  38               2.51391797E-02   3.42767524E-01   639.51486655     1.51966831E-05   3.88217280E+18   2.32237143E+07   0.00000000E+00   1.02278185E+07   0.29849814      
  39               2.97413996E-02   4.13508756E-01   665.14296330     1.76265435E-05   4.50293366E+18   2.32237279E+07   0.00000000E+00   1.00911354E+07   0.29815182      
  40               3.51861462E-02   4.97574313E-01   694.67261231     2.03082699E-05   5.18804357E+18   2.32237150E+07   0.00000000E+00   9.95062816E+06   0.29787447      
  41               4.16276604E-02   5.96519877E-01   723.09662701     2.33895694E-05   5.97522720E+18   2.32237281E+07   0.00000000E+00   9.80706300E+06   0.29731576      
  42               4.92484201E-02   7.11805055E-01   755.19827293     2.67234598E-05   6.82693738E+18   2.32237147E+07   0.00000000E+00   9.66124322E+06   0.29692544      
  43               5.82643093E-02   8.44932290E-01   786.25026949     3.04687891E-05   7.78371525E+18   2.32237291E+07   0.00000000E+00   9.51370870E+06   0.29624502      
  44               6.89307339E-02   9.97844568E-01   820.94776881     3.44622059E-05   8.80386167E+18   2.32237123E+07   0.00000000E+00   9.36448288E+06   0.29574423      
  45               8.15498567E-02   1.17257257E+00   854.59398411     3.89022610E-05   9.93815437E+18   2.32237333E+07   0.00000000E+00   9.21357785E+06   0.2947923       
  46               9.64791575E-02   1.37104250E+00   891.80867520     4.35886662E-05   1.11353806E+19   2.32237074E+07   0.00000000E+00   9.06116526E+06   0.29406921      
  47               1.14141560E-01   1.59507040E+00   928.01744386     4.87324443E-05   1.24494325E+19   2.32237386E+07   0.00000000E+00   8.90745363E+06   0.29288109      
  48               1.35037411E-01   1.84683601E+00   967.74863222     5.41081440E-05   1.38226594E+19   2.32237049E+07   0.00000000E+00   8.75240879E+06   0.29202262      
  49               1.59758657E-01   2.12966769E+00   1006.33474515    6.00033485E-05   1.53283432E+19   2.32237376E+07   0.00000000E+00   8.59544066E+06   0.29061944      
  50               1.89005613E-01   2.44777911E+00   1048.14334997    6.62143589E-05   1.69152095E+19   2.32237087E+07   0.00000000E+00   8.43584595E+06   0.28956334      
  51               2.23606798E-01   2.80667327E+00   1088.42507202    7.31113770E-05   1.86775179E+19   2.32237384E+07   0.00000000E+00   8.27272781E+06   0.28792207      
  52               2.64542408E-01   3.21433106E+00   1131.40845931    8.05465527E-05   2.05777091E+19   2.32237057E+07   0.00000000E+00   8.10473625E+06   0.28674675      
  53               3.12972084E-01   3.68187702E+00   1171.97022482    8.90650784E-05   2.27550891E+19   2.32237492E+07   0.00000000E+00   7.93017198E+06   0.28501097      
  54               3.70267763E-01   4.22561545E+00   1214.43381195    9.86375275E-05   2.52024035E+19   2.32236962E+07   0.00000000E+00   7.74671860E+06   0.28385516      
  55               4.38052539E-01   4.86426447E+00   1253.86961316    1.09966878E-04   2.80989856E+19   2.32237560E+07   0.00000000E+00   7.55280050E+06   0.28215806      
  56               5.18246648E-01   5.61853409E+00   1295.07701027    1.22968065E-04   3.14234067E+19   2.32236358E+07   0.00000000E+00   7.34768060E+06   0.28106047      
  57               6.13121862E-01   6.50789995E+00   1333.14905169    1.38356707E-04   3.53580250E+19   2.32238041E+07   0.00000000E+00   7.13206047E+06   0.27937692      
  58               7.25365844E-01   7.55051596E+00   1373.16155158    1.55835270E-04   3.98272972E+19   2.32235129E+07   0.00000000E+00   6.90751911E+06   0.27831777      
  59               8.58158289E-01   8.76586600E+00   1410.16194921    1.76163501E-04   4.50247878E+19   2.32238664E+07   0.00000000E+00   6.67555901E+06   0.27663727      
  60               1.01526100E+00   1.01749214E+01   1449.59348461    1.98909451E-04   5.08406006E+19   2.32233027E+07   0.00000000E+00   6.43752143E+06   0.27558895      
  61               1.20112443E+00   1.17952775E+01   1486.54052412    2.24846711E-04   5.74721241E+19   2.32245486E+07   0.00000000E+00   6.19522828E+06   0.27386934      
  62               1.42101382E+00   1.36404107E+01   1526.85447649    2.53145119E-04   6.47076517E+19   2.32230342E+07   0.00000000E+00   5.95065897E+06   0.27281362      
  63               1.68115827E+00   1.57172804E+01   1565.43337335    2.84511482E-04   7.27224754E+19   2.32264674E+07   0.00000000E+00   5.70593236E+06   0.27105611      
  64               1.98892727E+00   1.80373286E+01   1608.24194602    3.17801265E-04   8.12356522E+19   2.32230885E+07   0.00000000E+00   5.46194282E+06   0.26993966      
  65               2.35303941E+00   2.05815038E+01   1649.95376571    3.53609283E-04   9.03506265E+19   2.32259809E+07   0.00000000E+00   5.22192595E+06   0.26811768      
  66               2.78380943E+00   2.33200508E+01   1696.66751740    3.89623630E-04   9.95539707E+19   2.32206279E+07   0.00000000E+00   4.98861314E+06   0.26688996      
  67               3.29344035E+00   2.62138158E+01   1743.04008598    4.26331319E-04   1.08930302E+20   2.32222570E+07   0.00000000E+00   4.76408522E+06   0.26490797      
  68               3.89636920E+00   2.91695067E+01   1795.70308092    4.60601449E-04   1.17657711E+20   2.17262219E+07   1.49754449E+06   4.55315699E+06   0.2634928       
  69               4.60967600E+00   3.20273760E+01   1837.50690445    4.94446979E-04   1.26246172E+20   1.90035517E+07   4.22019523E+06   4.36377771E+06   0.26176896      
  70               5.45356761E+00   3.45632979E+01   1877.25544542    5.22871868E-04   1.33357560E+20   1.60614594E+07   7.16227972E+06   4.20604855E+06   0.26092132      
  71               6.45195012E+00   3.66882615E+01   1903.81597181    5.47264870E-04   1.39581547E+20   1.41946669E+07   9.02907312E+06   4.08042955E+06   0.25942638      
  72               7.63310614E+00   3.90390714E+01   1937.50609790    5.72189483E-04   1.45942654E+20   1.32098365E+07   1.00138993E+07   3.94758331E+06   0.2585316       
  73               9.03049593E+00   4.16296265E+01   1967.03512134    6.00977246E-04   1.53290853E+20   1.16881816E+07   1.15355502E+07   3.80788403E+06   0.25704286      
  74               1.06837053E+01   4.37053578E+01   1994.56110546    6.22426283E-04   1.58713246E+20   9.61686106E+06   1.36068688E+07   3.70055453E+06   0.25672218      
  75               1.26395671E+01   4.52623093E+01   2009.74058482    6.39722917E-04   1.63125759E+20   8.47870874E+06   1.47450262E+07   3.62252927E+06   0.25556604      
  76               1.49534878E+01   4.70250039E+01   2032.23037863    6.57266685E-04   1.67602982E+20   8.13512207E+06   1.50886268E+07   3.53656647E+06   0.25505845      
  77               1.76910170E+01   4.90125388E+01   2050.96188703    6.78778015E-04   1.73091383E+20   7.66349135E+06   1.55602564E+07   3.44246852E+06   0.25360892      
  78               2.09297047E+01   5.12445566E+01   2077.00452466    7.00771650E-04   1.78704767E+20   7.36227849E+06   1.58836234E+07   3.34012842E+06   0.25320038      
  79               2.47612977E+01   5.37401434E+01   2099.34389301    7.27035364E-04   1.85413382E+20   6.53058826E+06   1.66931442E+07   3.22956619E+06   0.25188929      
  80               2.92943389E+01   5.56246589E+01   2120.36064091    7.45680839E-04   1.90013066E+20   5.31306457E+06   1.79106770E+07   3.14862096E+06   0.25201722      
  81               3.46572422E+01   5.70157117E+01   2130.88208750    7.60545510E-04   1.93803212E+20   4.74396403E+06   1.84797580E+07   3.09020863E+06   0.25084541      
  82               4.10019301E+01   5.86142031E+01   2148.38885014    7.75477685E-04   1.97613138E+20   4.70629120E+06   1.85174375E+07   3.02438783E+06   0.25076636      
  83               4.85081376E+01   6.04451864E+01   2162.32373931    7.94533856E-04   2.02472872E+20   4.45095902E+06   1.87727649E+07   2.95062397E+06   0.24934744      
  84               5.73885036E+01   6.25358345E+01   2183.36390979    8.14066819E-04   2.07457272E+20   4.37879857E+06   1.88449321E+07   2.86841960E+06   0.24919328      
  85               6.78945948E+01   6.49149363E+01   2201.10887891    8.38202121E-04   2.13613625E+20   4.12608177E+06   1.90976448E+07   2.77734260E+06   0.24744714      
  86               8.03240320E+01   6.76136405E+01   2225.95302598    8.63266924E-04   2.20010883E+20   4.01556826E+06   1.92081655E+07   2.67701773E+06   0.24719953      
  87               9.50289215E+01   7.06646361E+01   2247.77463342    8.93427876E-04   2.27706381E+20   3.76387539E+06   1.94598549E+07   2.56715775E+06   0.24504434      
  88               1.12425830E+02   7.41035044E+01   2276.51194935    9.25025487E-04   2.35773316E+20   3.62351561E+06   1.96002224E+07   2.44753623E+06   0.24470067      
  89               1.33007583E+02   7.79673918E+01   2302.52439201    9.62208169E-04   2.45264452E+20   3.37054270E+06   1.98531927E+07   2.31802322E+06   0.24211909      
  90               1.57357229E+02   8.22965762E+01   2335.05365784    1.00150931E-03   2.55276445E+20   3.20454503E+06   2.00191993E+07   2.17856045E+06   0.24167958      
  91               1.86164557E+02   8.71340202E+01   2365.21899312    1.04677522E-03   2.66834656E+20   2.95632838E+06   2.02674148E+07   2.02915645E+06   0.23859926      
  92               2.20245630E+02   9.25283947E+01   2401.26481902    1.09478034E-03   2.79100625E+20   2.78473543E+06   2.04390194E+07   1.86980660E+06   0.23807925      
  93               2.60565913E+02   9.85300195E+01   2435.45619327    1.14930306E-03   2.93031350E+20   2.54740174E+06   2.06763542E+07   1.70061112E+06   0.23445938      
  94               3.08267614E+02   1.05196961E+02   2474.60649579    1.20749154E-03   3.07909355E+20   2.37163492E+06   2.08521400E+07   1.52164604E+06   0.23384675      
  95               3.64702046E+02   1.12589058E+02   2512.61880210    1.27260711E-03   3.24560317E+20   2.14508112E+06   2.10787037E+07   1.33307308E+06   0.2295242       
  96               4.31467909E+02   1.20780645E+02   2554.32618391    1.34266949E-03   3.42489158E+20   1.97608163E+06   2.12477538E+07   1.13490323E+06   0.22878147      
  97               5.10456573E+02   1.29850980E+02   2595.96895399    1.42007188E-03   3.62302705E+20   1.77401226E+06   2.14500354E+07   9.27180064E+05   0.22346706      
  98               6.03905660E+02   1.39895825E+02   2639.58287563    1.50431009E-03   3.83879828E+20   1.61553897E+06   2.16081880E+07   7.09849436E+05   0.22122988      
  99               7.14462436E+02   1.51017908E+02   2684.16093758    1.59653906E-03   4.07517006E+20   1.46674866E+06   2.17569771E+07   4.82899873E+05   0.21896675      
  100              8.45258798E+02   1.63332654E+02   2730.64285675    1.69684999E-03   4.33245395E+20   1.32984722E+06   2.18938780E+07   2.46299248E+05   0.21663313      
  101              1.00000000E+03   1.76969581E+02   2777.97412650    1.80662351E-03   4.61419842E+20   1.25617870E+06   2.19675461E+07   0.00000000E+00   0.21430366      
