# ATMO pressure-temperature profile
# Effective temperature = 2600.0K
# log(g) = 3.0cm/s^2
# M/H = 0.0
# Optical depth grid in band 17 (1.20-1.33microns)
# All parameters in cgs units
#
# Model Level      Optical Depth    Pressure         Temperature      Density          Number Density   Rad Flux         Conv Flux        Radial Extension Adiabatic Gradient
#                                   [Ba]             [K]              [g/cm^3]         [/cm^3]          [ergs/s/cm^2/sr] [ergs/s/cm^2/sr] [cm]             [K/Ba]          
  1                1.00000000E-05   1.00000000E-05   1256.23602167    2.25597908E-10   5.76573393E+13   2.59083295E+09   0.00000000E+00   1.37298443E+09   0.28019512      
  2                1.20226443E-05   1.26016232E-05   1210.77465041    2.94953796E-10   7.53857066E+13   2.59083290E+09   0.00000000E+00   1.36289881E+09   0.28181078      
  3                1.44543977E-05   1.49071962E-05   1435.42054332    2.94956932E-10   7.52216144E+13   2.59083285E+09   0.00000000E+00   1.35507433E+09   0.27448775      
  4                1.73780083E-05   1.68278565E-05   1322.01894876    3.61793274E-10   9.21970361E+13   2.59083283E+09   0.00000000E+00   1.34919395E+09   0.27805642      
  5                2.08929613E-05   1.90371182E-05   1493.88066911    3.61648170E-10   9.23020055E+13   2.59083279E+09   0.00000000E+00   1.34308397E+09   0.27282885      
  6                2.51188643E-05   2.15700688E-05   1379.38503560    4.44380342E-10   1.13263991E+14   2.59083274E+09   0.00000000E+00   1.33676407E+09   0.27615336      
  7                3.01995172E-05   2.45068785E-05   1543.33587966    4.50197436E-10   1.15014709E+14   2.59083267E+09   0.00000000E+00   1.33019480E+09   0.27150544      
  8                3.63078055E-05   2.78927484E-05   1430.62634915    5.53902631E-10   1.41218284E+14   2.59083256E+09   0.00000000E+00   1.32341221E+09   0.27438773      
  9                4.36515832E-05   3.18117806E-05   1591.97795406    5.65776078E-10   1.44736068E+14   2.59083234E+09   0.00000000E+00   1.31640684E+09   0.27020086      
  10               5.24807460E-05   3.62839289E-05   1485.77617953    6.93453967E-10   1.76883269E+14   2.59083184E+09   0.00000000E+00   1.30926413E+09   0.27186763      
  11               6.30957344E-05   4.12929845E-05   1651.77075666    7.06045939E-10   1.81072434E+14   2.59083122E+09   0.00000000E+00   1.30209828E+09   0.26941378      
  12               7.58577575E-05   4.64820025E-05   1570.51228623    8.39151538E-10   2.14372628E+14   2.59083119E+09   0.00000000E+00   1.29535430E+09   0.27086231      
  13               9.12010839E-05   5.25201940E-05   1690.87715499    8.75557299E-10   2.24978027E+14   2.59083115E+09   0.00000000E+00   1.28830475E+09   0.26876001      
  14               1.09647820E-04   5.95319998E-05   1609.38944700    1.04784387E-09   2.67926186E+14   2.59083110E+09   0.00000000E+00   1.28098085E+09   0.26995823      
  15               1.31825674E-04   6.77090955E-05   1727.10842210    1.10292558E-09   2.83957439E+14   2.59083103E+09   0.00000000E+00   1.27336837E+09   0.26818136      
  16               1.58489319E-04   7.72214103E-05   1647.00871334    1.32679793E-09   3.39599992E+14   2.59083094E+09   0.00000000E+00   1.26550080E+09   0.2691188       
  17               1.90546072E-04   8.83300365E-05   1762.94806371    1.40658452E-09   3.62906487E+14   2.59083084E+09   0.00000000E+00   1.25736211E+09   0.26766207      
  18               2.29086765E-04   1.01265704E-04   1684.80576522    1.69885132E-09   4.35349837E+14   2.59083073E+09   0.00000000E+00   1.24898914E+09   0.26832838      
  19               2.75422870E-04   1.16378909E-04   1799.27641100    1.81155595E-09   4.68492061E+14   2.59083060E+09   0.00000000E+00   1.24036605E+09   0.12159541      
  20               3.31131121E-04   1.33979624E-04   1723.56760778    2.19398373E-09   5.63036137E+14   2.59083045E+09   0.00000000E+00   1.23153208E+09   0.15651741      
  21               3.98107171E-04   1.54538774E-04   1836.68122804    2.35030131E-09   6.09437977E+14   2.59083029E+09   0.00000000E+00   1.22246919E+09   0.11531574      
  22               4.78630092E-04   1.78468165E-04   1763.94014829    2.85066775E-09   7.32829178E+14   2.59083009E+09   0.00000000E+00   1.21321844E+09   0.14651859      
  23               5.75439937E-04   2.06397821E-04   1875.73873879    3.06416868E-09   7.97000511E+14   2.59082987E+09   0.00000000E+00   1.20375811E+09   0.10930606      
  24               6.91830971E-04   2.38865948E-04   1806.67763765    3.71708468E-09   9.57633684E+14   2.59082962E+09   0.00000000E+00   1.19413121E+09   0.13736949      
  25               8.31763771E-04   2.76707739E-04   1917.21807119    4.00423466E-09   1.04538348E+15   2.59082932E+09   0.00000000E+00   1.18431115E+09   0.10386752      
  26               1.00000000E-03   3.20607338E-04   1852.91913321    4.85087327E-09   1.25326477E+15   2.59082897E+09   0.00000000E+00   1.17434390E+09   0.12741013      
  27               1.20226443E-03   3.71647938E-04   1962.55702060    5.22902133E-09   1.37162466E+15   2.59082858E+09   0.00000000E+00   1.16419680E+09   0.098237431     
  28               1.44543977E-03   4.30626900E-04   1905.50365848    6.31010057E-09   1.63688138E+15   2.59082815E+09   0.00000000E+00   1.15392294E+09   0.11732322      
  29               1.73780083E-03   4.98771736E-04   2017.82349148    6.77458445E-09   1.79037705E+15   2.59082774E+09   0.00000000E+00   1.14348467E+09   0.091467066     
  30               2.08929613E-03   5.73478512E-04   2043.47601577    7.66273814E-09   2.03270074E+15   2.58761644E+09   3.20774369E+06   1.13311546E+09   0.088918223     
  31               2.51188643E-03   6.60083696E-04   2069.12579894    8.67654939E-09   2.31067013E+15   2.58401313E+09   6.80808954E+06   1.12249368E+09   0.086664438     
  32               3.01995172E-03   7.60523685E-04   2094.66292916    9.83508342E-09   2.62981039E+15   2.57972673E+09   1.10920390E+07   1.11162034E+09   0.084653714     
  33               3.63078055E-03   8.77044970E-04   2120.22244759    1.11583805E-08   2.99616877E+15   2.57457625E+09   1.62409222E+07   1.10049703E+09   0.082850719     
  34               4.36515832E-03   1.01225061E-03   2145.69878826    1.26712440E-08   3.41700118E+15   2.56839033E+09   2.24280650E+07   1.08912592E+09   0.081352922     
  35               5.24807460E-03   1.16914687E-03   2171.30390765    1.43986917E-08   3.90008702E+15   2.56098459E+09   2.98363516E+07   1.07750984E+09   0.080087716     
  36               6.30957344E-03   1.35120240E-03   2196.89509778    1.63727726E-08   4.45488942E+15   2.55215740E+09   3.86669046E+07   1.06565217E+09   0.078996005     
  37               7.58577575E-03   1.56241466E-03   2222.66104136    1.86255802E-08   5.09153704E+15   2.54168813E+09   4.91405107E+07   1.05355675E+09   0.077998486     
  38               9.12010839E-03   1.80738631E-03   2248.41045319    2.11988699E-08   5.82238921E+15   2.52934327E+09   6.14934546E+07   1.04122792E+09   0.07709596      
  39               1.09647820E-02   2.09140581E-03   2274.34161741    2.41333995E-08   6.66052482E+15   2.51487471E+09   7.59795121E+07   1.02867051E+09   0.07636357      
  40               1.31825674E-02   2.42052728E-03   2300.30931872    2.74812180E-08   7.62166020E+15   2.49801500E+09   9.28578718E+07   1.01589006E+09   0.075795711     
  41               1.58489319E-02   2.80166217E-03   2326.51647246    3.12927305E-08   8.72238944E+15   2.47846963E+09   1.12423441E+08   1.00289267E+09   0.075323133     
  42               1.90546072E-02   3.24008770E-03   2352.62489498    3.56124162E-08   9.97539076E+15   2.45589426E+09   1.35019421E+08   9.89758533E+08   0.074916365     
  43               2.29086765E-02   3.74418306E-03   2378.85480792    4.04920593E-08   1.14002658E+16   2.43003376E+09   1.60909513E+08   9.76483260E+08   0.074530002     
  44               2.75422870E-02   4.32669069E-03   2405.13826764    4.60444707E-08   1.30299167E+16   2.40070231E+09   1.90297442E+08   9.62992270E+08   0.074253444     
  45               3.31131121E-02   4.99899989E-03   2431.72423631    5.23434107E-08   1.48899982E+16   2.36760172E+09   2.23453048E+08   9.49297165E+08   0.074078653     
  46               3.98107171E-02   5.77391691E-03   2458.36743496    5.94908970E-08   1.70117728E+16   2.33044634E+09   2.60658775E+08   9.35409973E+08   0.073988043     
  47               4.78630092E-02   6.66473585E-03   2485.28411897    6.75650982E-08   1.94237346E+16   2.28894888E+09   3.02197589E+08   9.21358603E+08   0.073932766     
  48               5.75439937E-02   7.68575901E-03   2512.15954477    7.66765644E-08   2.21597770E+16   2.24284012E+09   3.48352984E+08   9.07172664E+08   0.073894362     
  49               6.91830971E-02   8.85522379E-03   2539.26734096    8.69335288E-08   2.52590466E+16   2.19191412E+09   3.99401722E+08   8.92848238E+08   0.073890358     
  50               8.31763771E-02   1.01935784E-02   2566.35719600    9.84925580E-08   2.87697047E+16   2.13600387E+09   4.55828757E+08   8.78384176E+08   0.07383909      
  51               1.00000000E-01   1.17237059E-02   2593.63844869    1.11488319E-07   3.27401993E+16   2.07499977E+09   5.16666777E+08   8.63781732E+08   0.073450063     
  52               1.20226443E-01   1.34712717E-02   2620.63052699    1.26139570E-07   3.72330522E+16   2.00912129E+09   5.82570582E+08   8.49044832E+08   0.073509694     
  53               1.44543977E-01   1.54645120E-02   2648.13253150    1.42539659E-07   4.22982444E+16   1.93842176E+09   6.53196642E+08   8.34179323E+08   0.073668305     
  54               1.73780083E-01   1.77344909E-02   2675.38212548    1.60973380E-07   4.80129891E+16   1.86306376E+09   7.28442997E+08   8.19193199E+08   0.074071404     
  55               2.08929613E-01   2.03151878E-02   2703.29851012    1.81513793E-07   5.44317976E+16   1.78316711E+09   8.08363540E+08   8.04095223E+08   0.074748523     
  56               2.51188643E-01   2.32434582E-02   2731.11512863    2.04485033E-07   6.16433987E+16   1.69875313E+09   8.92920972E+08   7.88895407E+08   0.075502315     
  57               3.01995172E-01   2.65593846E-02   2759.61931787    2.29963563E-07   6.97099338E+16   1.60978754E+09   9.82122517E+08   7.73603607E+08   0.076111719     
  58               3.63078055E-01   3.03065677E-02   2787.86276221    2.58367560E-07   7.87392371E+16   1.51638530E+09   1.07573446E+09   7.58230233E+08   0.076540734     
  59               4.36515832E-01   3.45325904E-02   2816.62782885    2.89776448E-07   8.88025692E+16   1.41878409E+09   1.17349888E+09   7.42784983E+08   0.076788148     
  60               5.24807460E-01   3.92892495E-02   2844.95141480    3.24705171E-07   1.00028722E+17   1.31748855E+09   1.27507942E+09   7.27277621E+08   0.076905957     
  61               6.30957344E-01   4.46331354E-02   2873.67789992    3.63222682E-07   1.12498090E+17   1.21330570E+09   1.37934578E+09   7.11716578E+08   0.077012419     
  62               7.58577575E-01   5.06257425E-02   2901.91753756    4.05930160E-07   1.26360745E+17   1.10740747E+09   1.48516703E+09   6.96109751E+08   0.077264988     
  63               9.12010839E-01   5.73338659E-02   2930.65519548    4.52832199E-07   1.41700813E+17   1.00116498E+09   1.59125346E+09   6.80463204E+08   0.077676641     
  64               1.09647820E+00   6.48297343E-02   2958.99529135    5.04631061E-07   1.58692283E+17   8.96170369E+08   1.69608117E+09   6.64782097E+08   0.078224704     
  65               1.31825674E+00   7.31918444E-02   2987.92916822    5.61284013E-07   1.77426397E+17   7.94158325E+08   1.79792951E+09   6.49069464E+08   0.078861457     
  66               1.58489319E+00   8.25053917E-02   3016.51160445    6.23636345E-07   1.98108527E+17   6.96981855E+08   1.89509015E+09   6.33327160E+08   0.079564354     
  67               1.90546072E+00   9.28609262E-02   3045.73423553    6.91580737E-07   2.20834461E+17   6.06347830E+08   1.98573132E+09   6.17558432E+08   0.080238279     
  68               2.29086765E+00   1.04355925E-01   3074.56029879    7.66146767E-07   2.45844183E+17   5.23790995E+08   2.06827602E+09   6.01766272E+08   0.080809694     
  69               2.75422870E+00   1.17098878E-01   3103.95879641    8.47215136E-07   2.73251545E+17   4.50541982E+08   2.14146232E+09   5.85949123E+08   0.081304147     
  70               3.31131121E+00   1.31210152E-01   3132.90756520    9.36051320E-07   3.03351186E+17   3.87169829E+08   2.20473903E+09   5.70102778E+08   0.081761156     
  71               3.98107171E+00   1.46823835E-01   3162.43543528    1.03249076E-06   3.36279766E+17   3.33526003E+08   2.25826265E+09   5.54220132E+08   0.082221032     
  72               4.78630092E+00   1.64088528E-01   3191.53798840    1.13805888E-06   3.72395172E+17   2.88684719E+08   2.30302720E+09   5.38292819E+08   0.082706668     
  73               5.75439937E+00   1.83169518E-01   3221.28504958    1.25253171E-06   4.11860257E+17   2.51483575E+08   2.34012558E+09   5.22310708E+08   0.083301028     
  74               6.91830971E+00   2.04249195E-01   3250.71450687    1.37768631E-06   4.55100555E+17   2.20416541E+08   2.37109538E+09   5.06263359E+08   0.084040054     
  75               8.31763771E+00   2.27529324E-01   3280.94226641    1.51317982E-06   5.02301677E+17   1.94269703E+08   2.39716018E+09   4.90139280E+08   0.08489629      
  76               1.00000000E+01   2.53232402E-01   3310.96823109    1.66114100E-06   5.53974917E+17   1.71709532E+08   2.41965590E+09   4.73926941E+08   0.085785353     
  77               1.20226443E+01   2.81605917E-01   3341.87008912    1.82120375E-06   6.10348740E+17   1.52121506E+08   2.43919128E+09   4.57613676E+08   0.08666159      
  78               1.44543977E+01   3.12924725E-01   3372.59870351    1.99597640E-06   6.72049172E+17   1.34678417E+08   2.45660277E+09   4.41186703E+08   0.087453245     
  79               1.73780083E+01   3.47496671E-01   3404.20366229    2.18512366E-06   7.39368517E+17   1.19241815E+08   2.47201564E+09   4.24632108E+08   0.088127214     
  80               2.08929613E+01   3.85665749E-01   3435.59522819    2.39187367E-06   8.13083072E+17   1.05308620E+08   2.48592453E+09   4.07936054E+08   0.088679924     
  81               2.51188643E+01   4.27818365E-01   3467.84267504    2.61590900E-06   8.93564438E+17   9.30184392E+07   2.49818689E+09   3.91083941E+08   0.08918178      
  82               3.01995172E+01   4.74385599E-01   3499.88737977    2.86106427E-06   9.81755326E+17   8.20376483E+07   2.50914010E+09   3.74061789E+08   0.08972727      
  83               3.63078055E+01   5.25848871E-01   3532.88627166    3.12685508E-06   1.07809524E+18   7.24865421E+07   2.51866697E+09   3.56855395E+08   0.090394154     
  84               4.36515832E+01   5.82742034E-01   3565.81541758    3.41771283E-06   1.18370458E+18   6.39889287E+07   2.52714513E+09   3.39451453E+08   0.091212333     
  85               5.24807460E+01   6.45659585E-01   3599.87390414    3.73296365E-06   1.29909872E+18   5.66006633E+07   2.53451982E+09   3.21836252E+08   0.0921784       
  86               6.30957344E+01   7.15260984E-01   3634.01497060    4.07782675E-06   1.42561962E+18   4.99898687E+07   2.54111908E+09   3.03996601E+08   0.093284125     
  87               7.58577575E+01   7.92282008E-01   3669.45509505    4.45146797E-06   1.56388227E+18   4.42258089E+07   2.54687521E+09   2.85918435E+08   0.094515733     
  88               9.12010839E+01   8.77540641E-01   3705.11862356    4.86006270E-06   1.71550094E+18   3.90076321E+07   2.55208690E+09   2.67587854E+08   0.095753492     
  89               1.09647820E+02   9.71954315E-01   3742.15770325    5.30293918E-06   1.88126340E+18   3.44082502E+07   2.55668112E+09   2.48989801E+08   0.096934197     
  90               1.31825674E+02   1.07654861E+00   3779.42937356    5.78768004E-06   2.06316162E+18   3.02017981E+07   2.56087954E+09   2.30109523E+08   0.097948541     
  91               1.58489319E+02   1.19247765E+00   3818.02522565    6.31401930E-06   2.26223279E+18   2.64823860E+07   2.56459209E+09   2.10931708E+08   0.098801105     
  92               1.90546072E+02   1.32103297E+00   3856.78116302    6.89117185E-06   2.48092993E+18   2.31208290E+07   2.56794794E+09   1.91442170E+08   0.099568576     
  93               2.29086765E+02   1.46366182E+00   3896.86803006    7.51881094E-06   2.72051351E+18   2.02109203E+07   2.57085530E+09   1.71626983E+08   0.10039232      
  94               2.75422870E+02   1.62197327E+00   3937.20666280    8.20739560E-06   2.98387978E+18   1.76333873E+07   2.57343358E+09   1.51473695E+08   0.10136353      
  95               3.31131121E+02   1.79775832E+00   3979.06308467    8.95614489E-06   3.27247489E+18   1.54424495E+07   2.57563091E+09   1.30970069E+08   0.10261749      
  96               3.98107171E+02   1.99299787E+00   4021.44544305    9.77656325E-06   3.58963667E+18   1.35163990E+07   2.57756233E+09   1.10104731E+08   0.10410705      
  97               4.78630092E+02   2.20988680E+00   4065.60876792    1.06676412E-05   3.93704413E+18   1.18611534E+07   2.57922353E+09   8.88662783E+07   0.10574923      
  98               5.75439937E+02   2.45084807E+00   4110.47031328    1.16430473E-05   4.31867690E+18   1.03801051E+07   2.58070902E+09   6.72444707E+07   0.10739739      
  99               6.91830971E+02   2.71855813E+00   4157.18506964    1.27022591E-05   4.73658249E+18   9.09126916E+06   2.58200256E+09   4.52301818E+07   0.10902911      
  100              8.31763771E+02   3.01595713E+00   4204.61990835    1.38613365E-05   5.19546306E+18   7.93364008E+06   2.58316507E+09   2.28166835E+07   0.11055668      
  101              1.00000000E+03   3.34626483E+00   4253.86889359    1.51201530E-05   5.69773239E+18   7.44000996E+06   2.58365886E+09   0.00000000E+00   0.11194363      
