# ATMO pressure-temperature profile
# Effective temperature = 2600.0K
# log(g) = 5.0cm/s^2
# M/H = 0.0
# Optical depth grid in band 17 (1.20-1.33microns)
# All parameters in cgs units
#
# Model Level      Optical Depth    Pressure         Temperature      Density          Number Density   Rad Flux         Conv Flux        Radial Extension Adiabatic Gradient
#                                   [Ba]             [K]              [g/cm^3]         [/cm^3]          [ergs/s/cm^2/sr] [ergs/s/cm^2/sr] [cm]             [K/Ba]          
  1                1.00000000E-08   1.00000000E-05   928.54310248     3.05028421E-10   7.80052389E+13   2.59101438E+09   0.00000000E+00   1.17664129E+07   0.29131183      
  2                1.28824955E-08   1.06826643E-05   896.18152998     3.37618315E-10   8.63394806E+13   2.59101438E+09   0.00000000E+00   1.17451402E+07   0.29128539      
  3                1.65958691E-08   1.15525820E-05   942.36700634     3.47217294E-10   8.87942469E+13   2.59101438E+09   0.00000000E+00   1.17197325E+07   0.29096511      
  4                2.13796209E-08   1.26598345E-05   910.99555511     3.93599164E-10   1.00655523E+14   2.59101438E+09   0.00000000E+00   1.16897810E+07   0.29094121      
  5                2.75422870E-08   1.40707991E-05   956.52995796     4.16641503E-10   1.06548177E+14   2.59101438E+09   0.00000000E+00   1.16549386E+07   0.2906561       
  6                3.54813389E-08   1.58656047E-05   926.96744188     4.84768662E-10   1.23970396E+14   2.59101438E+09   0.00000000E+00   1.16150022E+07   0.29061918      
  7                4.57088190E-08   1.81504605E-05   972.27995076     5.28735709E-10   1.35214155E+14   2.59101438E+09   0.00000000E+00   1.15698715E+07   0.29037958      
  8                5.88843655E-08   2.10532178E-05   944.85036123     6.31099481E-10   1.61391735E+14   2.59101438E+09   0.00000000E+00   1.15196207E+07   0.29033499      
  9                7.58577575E-08   2.47428241E-05   990.28875109     7.07668263E-10   1.80972782E+14   2.59101438E+09   0.00000000E+00   1.14644109E+07   0.29016711      
  10               9.77237221E-08   2.94216072E-05   965.27826799     8.63289026E-10   2.20769820E+14   2.59101438E+09   0.00000000E+00   1.14045504E+07   0.29013312      
  11               1.25892541E-07   3.53565817E-05   1011.06577582    9.90451278E-10   2.53289217E+14   2.59101438E+09   0.00000000E+00   1.13403668E+07   0.29006238      
  12               1.62181010E-07   4.28662553E-05   988.50641300     1.22822627E-09   3.14095630E+14   2.59101438E+09   0.00000000E+00   1.12722796E+07   0.28980401      
  13               2.08929613E-07   5.23710491E-05   1034.60972860    1.43369549E-09   3.66640601E+14   2.59101438E+09   0.00000000E+00   1.12006529E+07   0.28908918      
  14               2.69153480E-07   6.43710129E-05   1014.27462383    1.79753385E-09   4.59685307E+14   2.59101438E+09   0.00000000E+00   1.11259025E+07   0.28878262      
  15               3.46736850E-07   7.95259833E-05   1060.52801296    2.12387531E-09   5.43141194E+14   2.59101438E+09   0.00000000E+00   1.10483400E+07   0.28804237      
  16               4.46683592E-07   9.86204089E-05   1041.99971583    2.68065812E-09   6.85527748E+14   2.59101438E+09   0.00000000E+00   1.09683158E+07   0.28769738      
  17               5.75439937E-07   1.22686635E-04   1088.26075647    3.19305442E-09   8.16563808E+14   2.59101438E+09   0.00000000E+00   1.08860566E+07   0.28800688      
  18               7.41310241E-07   1.52953698E-04   1071.09725149    4.04457848E-09   1.03432475E+15   2.59101438E+09   0.00000000E+00   1.08018336E+07   0.28769129      
  19               9.54992586E-07   1.91026434E-04   1117.48553725    4.84165039E-09   1.23816179E+15   2.59101438E+09   0.00000000E+00   1.07157975E+07   0.28699879      
  20               1.23026877E-06   2.38817368E-04   1101.46242339    6.14098864E-09   1.57044258E+15   2.59101438E+09   0.00000000E+00   1.06281520E+07   0.28664925      
  21               1.58489319E-06   2.98805967E-04   1148.39467142    7.36953376E-09   1.88462061E+15   2.59101438E+09   0.00000000E+00   1.05389797E+07   0.285902        
  22               2.04173794E-06   3.74023942E-04   1133.43857973    9.34638385E-09   2.39016153E+15   2.59101438E+09   0.00000000E+00   1.04483481E+07   0.28552132      
  23               2.63026799E-06   4.68373400E-04   1181.36891319    1.12291940E-08   2.87165672E+15   2.59101437E+09   0.00000000E+00   1.03562515E+07   0.2847118       
  24               3.38844156E-06   5.86577164E-04   1167.48733949    1.42303373E-08   3.63914040E+15   2.59101437E+09   0.00000000E+00   1.02627433E+07   0.28427815      
  25               4.36515832E-06   7.34618774E-04   1216.70504913    1.71009640E-08   4.37323235E+15   2.59101437E+09   0.00000000E+00   1.01678433E+07   0.28338887      
  26               5.62341325E-06   9.19752001E-04   1203.85676024    2.16391510E-08   5.53377842E+15   2.59101436E+09   0.00000000E+00   1.00716036E+07   0.28291594      
  27               7.24435960E-06   1.15103288E-03   1254.33424724    2.59909948E-08   6.64661143E+15   2.59101436E+09   0.00000000E+00   9.97408018E+06   0.28195041      
  28               9.33254301E-06   1.43947400E-03   1242.51626932    3.28133196E-08   8.39126781E+15   2.59101435E+09   0.00000000E+00   9.87531117E+06   0.28141055      
  29               1.20226443E-05   1.79778620E-03   1294.16489002    3.93478648E-08   1.00617673E+16   2.59101434E+09   0.00000000E+00   9.77559176E+06   0.280361        
  30               1.54881662E-05   2.24173943E-03   1283.38051595    4.94768388E-08   1.26518935E+16   2.59101433E+09   0.00000000E+00   9.67497375E+06   0.27978684      
  31               1.99526231E-05   2.78961140E-03   1336.04955830    5.91471684E-08   1.51233144E+16   2.59101432E+09   0.00000000E+00   9.57369544E+06   0.27862793      
  32               2.57039578E-05   3.46425704E-03   1326.35189772    7.39874234E-08   1.89180855E+16   2.59101431E+09   0.00000000E+00   9.47171196E+06   0.27796617      
  33               3.31131121E-05   4.27202173E-03   1380.12003904    8.77246164E-08   2.24203522E+16   2.59101427E+09   0.00000000E+00   9.37144153E+06   0.27672799      
  34               4.26579519E-05   5.23315188E-03   1371.26567949    1.08155380E-07   2.76418797E+16   2.59101426E+09   0.00000000E+00   9.27276873E+06   0.27603342      
  35               5.49540874E-05   6.41134167E-03   1425.64351464    1.27462179E-07   3.25734544E+16   2.59101422E+09   0.00000000E+00   9.17242171E+06   0.27460385      
  36               7.07945784E-05   7.85176276E-03   1418.14785040    1.56921957E-07   4.01025046E+16   2.59101420E+09   0.00000000E+00   9.07057265E+06   0.27382576      
  37               9.12010839E-05   9.52740286E-03   1473.84568301    1.83338337E-07   4.68218269E+16   2.59101416E+09   0.00000000E+00   8.97177401E+06   0.27235433      
  38               1.17489755E-04   1.14095460E-02   1467.18342003    2.20550689E-07   5.63261146E+16   2.59101410E+09   0.00000000E+00   8.87817486E+06   0.27172828      
  39               1.51356125E-04   1.34476986E-02   1524.65450771    2.50486843E-07   6.38855097E+16   2.59101387E+09   0.00000000E+00   8.79144958E+06   0.26940565      
  40               1.94984460E-04   1.55678362E-02   1521.69491384    2.90533178E-07   7.41014154E+16   2.59101405E+09   0.00000000E+00   8.71285841E+06   0.26822284      
  41               2.51188643E-04   1.79936454E-02   1571.54228643    3.25446347E-07   8.29313862E+16   2.59101404E+09   0.00000000E+00   8.63395702E+06   0.26623352      
  42               3.23593657E-04   2.05787841E-02   1567.08684909    3.73266879E-07   9.51157604E+16   2.59101430E+09   0.00000000E+00   8.55978595E+06   0.2653727       
  43               4.16869383E-04   2.37253665E-02   1615.12163294    4.17514125E-07   1.06398017E+17   2.59101428E+09   0.00000000E+00   8.48007917E+06   0.26339785      
  44               5.37031796E-04   2.75335125E-02   1613.37974569    4.85060326E-07   1.23609218E+17   2.59101433E+09   0.00000000E+00   8.39545777E+06   0.26261157      
  45               6.91830971E-04   3.21203989E-02   1664.95231577    5.48287347E-07   1.39734926E+17   2.59101425E+09   0.00000000E+00   8.30651347E+06   0.26047953      
  46               8.91250938E-04   3.76043441E-02   1667.01464917    6.41112638E-07   1.63389612E+17   2.59101406E+09   0.00000000E+00   8.21401770E+06   0.25919453      
  47               1.14815362E-03   4.41099193E-02   1723.65417831    7.27208463E-07   1.85358269E+17   2.59101349E+09   0.00000000E+00   8.11873976E+06   0.25599057      
  48               1.47910839E-03   5.17173394E-02   1732.62002316    8.48213735E-07   2.16201491E+17   2.59101101E+09   0.00000000E+00   8.02187734E+06   0.25383193      
  49               1.90546072E-03   6.04492526E-02   1796.66316742    9.55853282E-07   2.43696960E+17   2.59100725E+09   0.00000000E+00   7.92490070E+06   0.24870634      
  50               2.45470892E-03   7.01039628E-02   1816.49894337    1.09634601E-06   2.79533111E+17   2.59100856E+09   0.00000000E+00   7.83058802E+06   0.24611689      
  51               3.16227766E-03   8.15939954E-02   1856.84209919    1.24806285E-06   3.18279792E+17   2.59100847E+09   0.00000000E+00   7.73236086E+06   0.24286296      
  52               4.07380278E-03   9.52469318E-02   1876.36605025    1.44163701E-06   3.67670908E+17   2.59100861E+09   0.00000000E+00   7.63057671E+06   0.24047406      
  53               5.24807460E-03   1.11442780E-01   1917.70227456    1.64998941E-06   4.20917123E+17   2.59100856E+09   0.00000000E+00   7.52556493E+06   0.23677706      
  54               6.76082975E-03   1.30583217E-01   1940.13573855    1.91081239E-06   4.87507259E+17   2.59100868E+09   0.00000000E+00   7.41776892E+06   0.23400266      
  55               8.70963590E-03   1.53149068E-01   1983.98208581    2.19072465E-06   5.59116684E+17   2.59100857E+09   0.00000000E+00   7.30747472E+06   0.22976958      
  56               1.12201845E-02   1.79643130E-01   2010.61070182    2.53521391E-06   6.47155228E+17   2.59100866E+09   0.00000000E+00   7.19505352E+06   0.22624515      
  57               1.44543977E-02   2.10668962E-01   2058.08154783    2.90305909E-06   7.41419180E+17   2.59100850E+09   0.00000000E+00   7.08068838E+06   0.22102713      
  58               1.86208714E-02   2.46854516E-01   2090.21899648    3.34834823E-06   8.55411583E+17   2.59100859E+09   0.00000000E+00   6.96462536E+06   0.21664455      
  59               2.39883292E-02   2.88954545E-01   2142.57826994    3.82082723E-06   9.76829290E+17   2.59100839E+09   0.00000000E+00   6.84691988E+06   0.21067713      
  60               3.09029543E-02   3.37716317E-01   2182.06544438    4.38232196E-06   1.12101162E+18   2.59100843E+09   0.00000000E+00   6.72775378E+06   0.2052456       
  61               3.98107171E-02   3.93984738E-01   2242.48681830    4.96885397E-06   1.27255142E+18   2.59100824E+09   0.00000000E+00   6.60716716E+06   0.19786379      
  62               5.12861384E-02   4.57982438E-01   2308.45052924    5.60184613E-06   1.43699115E+18   2.58373217E+09   7.25770294E+06   6.48585853E+06   0.18791579      
  63               6.60693448E-02   5.30628035E-01   2371.55335984    6.30667377E-06   1.62062723E+18   2.56679147E+09   2.41891625E+07   6.36362878E+06   0.17887401      
  64               8.51138038E-02   6.13442681E-01   2432.37592209    7.09390010E-06   1.82670801E+18   2.53994312E+09   5.10317567E+07   6.23981017E+06   0.17081946      
  65               1.09647820E-01   7.08259235E-01   2491.51290389    7.97758954E-06   2.05899335E+18   2.50255025E+09   8.84216713E+07   6.11376465E+06   0.16358621      
  66               1.41253754E-01   8.16864957E-01   2549.10805333    8.97047409E-06   2.32106798E+18   2.45337228E+09   1.37597569E+08   5.98537481E+06   0.15735222      
  67               1.81970086E-01   9.41378910E-01   2605.67712915    1.00859204E-05   2.61679501E+18   2.39106818E+09   1.99898514E+08   5.85446443E+06   0.15166939      
  68               2.34422882E-01   1.08414882E+00   2661.02416767    1.13411003E-05   2.95097765E+18   2.31436922E+09   2.76593909E+08   5.72096719E+06   0.14676342      
  69               3.01995172E-01   1.24772260E+00   2715.77209580    1.27496577E-05   3.32774898E+18   2.22177270E+09   3.69185415E+08   5.58492996E+06   0.14237616      
  70               3.89045145E-01   1.43486988E+00   2769.46514276    1.43315203E-05   3.75268796E+18   2.11188018E+09   4.79073025E+08   5.44647508E+06   0.1384855       
  71               5.01187234E-01   1.64860897E+00   2822.71584076    1.61011647E-05   4.23035037E+18   1.98357768E+09   6.07370814E+08   5.30576374E+06   0.1352109       
  72               6.45654229E-01   1.89223004E+00   2875.15042143    1.80803562E-05   4.76693467E+18   1.83637943E+09   7.54561700E+08   5.16297243E+06   0.13247051      
  73               8.31763771E-01   2.16935898E+00   2927.36715213    2.02848361E-05   5.36759906E+18   1.67086670E+09   9.20064920E+08   5.01825811E+06   0.13005927      
  74               1.07151931E+00   2.48401343E+00   2978.85041398    2.27414451E-05   6.03991858E+18   1.48963840E+09   1.10128126E+09   4.87175156E+06   0.12799121      
  75               1.38038426E+00   2.84066464E+00   3030.26792521    2.54678538E-05   6.78992185E+18   1.29770465E+09   1.29319678E+09   4.72354883E+06   0.12618544      
  76               1.77827941E+00   3.24411739E+00   3081.03131110    2.84957840E-05   7.62651780E+18   1.10290485E+09   1.48798022E+09   4.57377947E+06   0.12462662      
  77               2.29086765E+00   3.69967352E+00   3131.82648234    3.18438789E-05   8.55640924E+18   9.15300092E+08   1.67557225E+09   4.42254347E+06   0.12329033      
  78               2.95120923E+00   4.21341077E+00   3182.07193469    3.55517719E-05   9.59068545E+18   7.45293674E+08   1.84556807E+09   4.26985259E+06   0.12225161      
  79               3.80189396E+00   4.79222464E+00   3232.58933681    3.96417727E-05   1.07377298E+19   6.00113629E+08   1.99073856E+09   4.11566572E+06   0.12141077      
  80               4.89778819E+00   5.44395219E+00   3282.72600405    4.41649343E-05   1.20117285E+19   4.82022638E+08   2.10882658E+09   3.95990227E+06   0.12075069      
  81               6.30957344E+00   6.17752615E+00   3333.33968676    4.91490407E-05   1.34233483E+19   3.88670609E+08   2.20218223E+09   3.80244509E+06   0.12019279      
  82               8.12830516E+00   7.00314652E+00   3383.70987356    5.46601719E-05   1.49908388E+19   3.15043384E+08   2.27581262E+09   3.64315032E+06   0.11976986      
  83               1.04712855E+01   7.93247674E+00   3434.76334696    6.07326366E-05   1.67277615E+19   2.56490826E+08   2.33437218E+09   3.48184903E+06   0.11943357      
  84               1.34896288E+01   8.97885487E+00   3485.72646380    6.74512731E-05   1.86575016E+19   2.09137814E+08   2.38173576E+09   3.31835716E+06   0.11923381      
  85               1.73780083E+01   1.01574836E+01   3537.60183513    7.48575443E-05   2.07971114E+19   1.70785330E+08   2.42010039E+09   3.15248321E+06   0.11913372      
  86               2.23872114E+01   1.14856821E+01   3589.56067141    8.30585792E-05   2.31761520E+19   1.39464643E+08   2.45142493E+09   2.98403501E+06   0.11917296      
  87               2.88403150E+01   1.29831982E+01   3642.67034354    9.21039554E-05   2.58159231E+19   1.14153032E+08   2.47673911E+09   2.81281516E+06   0.11929715      
  88               3.71535229E+01   1.46725603E+01   3696.02921310    1.02129312E-04   2.87538728E+19   9.35017180E+07   2.49739326E+09   2.63862570E+06   0.11952683      
  89               4.78630092E+01   1.65795244E+01   3750.75608090    1.13195201E-04   3.20168857E+19   7.68577883E+07   2.51404013E+09   2.46126087E+06   0.11981533      
  90               6.16595002E+01   1.87335389E+01   3805.88164861    1.25473655E-04   3.56525327E+19   6.31843415E+07   2.52770822E+09   2.28051346E+06   0.12020458      
  91               7.94328235E+01   2.11683547E+01   3862.59926047    1.39038322E-04   3.96947701E+19   5.20588333E+07   2.53882714E+09   2.09616601E+06   0.12066819      
  92               1.02329299E+02   2.39226293E+01   3919.88920304    1.54106299E-04   4.42039378E+19   4.28114124E+07   2.54806714E+09   1.90799882E+06   0.12121121      
  93               1.31825674E+02   2.70408426E+01   3978.99028900    1.70770371E-04   4.92235782E+19   3.52574793E+07   2.55561189E+09   1.71577630E+06   0.12178542      
  94               1.69824365E+02   3.05741941E+01   4038.81205370    1.89308299E-04   5.48311322E+19   2.89848058E+07   2.56186310E+09   1.51925482E+06   0.12240434      
  95               2.18776162E+02   3.45817804E+01   4100.65030736    2.09839185E-04   6.10830133E+19   2.38994643E+07   2.56693063E+09   1.31817449E+06   0.12307934      
  96               2.81838293E+02   3.91317083E+01   4163.39833405    2.32713509E-04   6.80779835E+19   1.96936012E+07   2.57112206E+09   1.11227067E+06   0.12386538      
  97               3.63078055E+02   4.43027714E+01   4228.45557570    2.58078809E-04   7.58883240E+19   1.62810434E+07   2.57451969E+09   9.01258565E+05   0.12476708      
  98               4.67735141E+02   5.01859311E+01   4294.69521746    2.86375854E-04   8.46399653E+19   1.34546199E+07   2.57732074E+09   6.84847229E+05   0.12582103      
  99               6.02559586E+02   5.68866243E+01   4363.61074165    3.17787686E-04   9.44256539E+19   1.11581221E+07   2.57958845E+09   4.62722210E+05   0.1269753       
  100              7.76247117E+02   6.45269993E+01   4433.99673476    3.52876763E-04   1.05407604E+20   9.25327740E+06   2.58146116E+09   2.34557484E+05   0.12818021      
  101              1.00000000E+03   7.32492378E+01   4507.35280077    3.91889649E-04   1.17708384E+20   8.44443328E+06   2.58223542E+09   0.00000000E+00   0.12940302      
