# ATMO pressure-temperature profile
# Effective temperature = 2300.0K
# log(g) = 5.5cm/s^2
# M/H = 0.0
# Optical depth grid in band 17 (1.20-1.33microns)
# All parameters in cgs units
#
# Model Level      Optical Depth    Pressure         Temperature      Density          Number Density   Rad Flux         Conv Flux        Radial Extension Adiabatic Gradient
#                                   [Ba]             [K]              [g/cm^3]         [/cm^3]          [ergs/s/cm^2/sr] [ergs/s/cm^2/sr] [cm]             [K/Ba]          
  1                1.00000000E-08   1.00000000E-05   705.42923872     4.01491528E-10   1.02676814E+14   1.58666783E+09   0.00000000E+00   3.16980413E+06   0.29748509      
  2                1.28824955E-08   1.29329079E-05   700.60448272     5.22821523E-10   1.33705450E+14   1.58666783E+09   0.00000000E+00   3.14956072E+06   0.29681383      
  3                1.65958691E-08   1.66646608E-05   722.40763602     6.53349481E-10   1.67085972E+14   1.58666783E+09   0.00000000E+00   3.12936945E+06   0.29720992      
  4                2.13796209E-08   2.14141580E-05   716.41557582     8.46579345E-10   2.16501956E+14   1.58666783E+09   0.00000000E+00   3.10917457E+06   0.29649128      
  5                2.75422870E-08   2.74633616E-05   737.23860908     1.05507434E-09   2.69818338E+14   1.58666783E+09   0.00000000E+00   3.08893396E+06   0.29692527      
  6                3.54813389E-08   3.51608327E-05   731.79397151     1.36084390E-09   3.48013559E+14   1.58666783E+09   0.00000000E+00   3.06861963E+06   0.29614215      
  7                4.57088190E-08   4.49591354E-05   752.56805716     1.69203644E-09   4.32711074E+14   1.58666783E+09   0.00000000E+00   3.04820027E+06   0.29659044      
  8                5.88843655E-08   5.74149661E-05   748.26519115     2.17323885E-09   5.55770396E+14   1.58666783E+09   0.00000000E+00   3.02765961E+06   0.29573166      
  9                7.58577575E-08   7.32458154E-05   769.53598913     2.69587267E-09   6.89413403E+14   1.58666783E+09   0.00000000E+00   3.00697719E+06   0.29617674      
  10               9.77237221E-08   9.33467326E-05   766.62576266     3.44875083E-09   8.81945098E+14   1.58666783E+09   0.00000000E+00   2.98613058E+06   0.2952356       
  11               1.25892541E-07   1.18876299E-04   788.53177545     4.26993866E-09   1.09194790E+15   1.58666783E+09   0.00000000E+00   2.96509270E+06   0.29633128      
  12               1.62181010E-07   1.51270146E-04   787.00971797     5.44401459E-09   1.39219148E+15   1.58666783E+09   0.00000000E+00   2.94384596E+06   0.29565565      
  13               2.08929613E-07   1.92371475E-04   809.50758661     6.73077921E-09   1.72125649E+15   1.58666783E+09   0.00000000E+00   2.92237439E+06   0.29593328      
  14               2.69153480E-07   2.44474724E-04   809.14725629     8.55761115E-09   2.18842788E+15   1.58666783E+09   0.00000000E+00   2.90066458E+06   0.29520903      
  15               3.46736850E-07   3.10512731E-04   832.12087974     1.05691145E-08   2.70283063E+15   1.58666783E+09   0.00000000E+00   2.87870629E+06   0.29547323      
  16               4.46683592E-07   3.94136085E-04   832.69806296     1.34061718E-08   3.42834472E+15   1.58666783E+09   0.00000000E+00   2.85649080E+06   0.29469291      
  17               5.75439937E-07   4.99990276E-04   856.13883582     1.65410464E-08   4.23002759E+15   1.58666783E+09   0.00000000E+00   2.83401193E+06   0.29496307      
  18               7.41310241E-07   6.33849055E-04   857.53909344     2.09352447E-08   5.35374595E+15   1.58666783E+09   0.00000000E+00   2.81126481E+06   0.29410326      
  19               9.54992586E-07   8.03009734E-04   881.69653646     2.57956990E-08   6.59671186E+15   1.58666783E+09   0.00000000E+00   2.78824579E+06   0.29438528      
  20               1.23026877E-06   1.01651848E-03   884.00871055     3.25690303E-08   8.32884101E+15   1.58666783E+09   0.00000000E+00   2.76495202E+06   0.29343269      
  21               1.58489319E-06   1.28573201E-03   909.17281913     4.00543444E-08   1.02430632E+16   1.58666783E+09   0.00000000E+00   2.74138147E+06   0.29372537      
  22               2.04173794E-06   1.62469977E-03   912.40573936     5.04348994E-08   1.28976607E+16   1.58666783E+09   0.00000000E+00   2.71753258E+06   0.2926701       
  23               2.63026799E-06   2.05112254E-03   938.59153962     6.18957124E-08   1.58285383E+16   1.58666783E+09   0.00000000E+00   2.69339773E+06   0.29297427      
  24               3.38844156E-06   2.58741255E-03   942.61172341     7.77461408E-08   1.98819365E+16   1.58666783E+09   0.00000000E+00   2.66895048E+06   0.29181413      
  25               4.36515832E-06   3.26180625E-03   969.73408453     9.52688826E-08   2.43630322E+16   1.58666783E+09   0.00000000E+00   2.64417063E+06   0.2921316       
  26               5.62341325E-06   4.10938223E-03   974.52989683     1.19433820E-07   3.05426849E+16   1.58666783E+09   0.00000000E+00   2.61904370E+06   0.29086502      
  27               7.24435960E-06   5.17420767E-03   1002.43703549    1.46194931E-07   3.73863090E+16   1.58666783E+09   0.00000000E+00   2.59356080E+06   0.29119806      
  28               9.33254301E-06   6.51079752E-03   1007.85378810    1.82971137E-07   4.67910182E+16   1.58666783E+09   0.00000000E+00   2.56771793E+06   0.2898283       
  29               1.20226443E-05   8.18754162E-03   1036.39931255    2.23754601E-07   5.72205785E+16   1.58666783E+09   0.00000000E+00   2.54151261E+06   0.29018117      
  30               1.54881662E-05   1.02886744E-02   1042.32723398    2.79576897E-07   7.14959069E+16   1.58666783E+09   0.00000000E+00   2.51494717E+06   0.28869091      
  31               1.99526231E-05   1.29193585E-02   1071.49686225    3.41503884E-07   8.73324986E+16   1.58666783E+09   0.00000000E+00   2.48802437E+06   0.2892129       
  32               2.57039578E-05   1.62087071E-02   1077.93997550    4.25892289E-07   1.08912978E+17   1.58666783E+09   0.00000000E+00   2.46074953E+06   0.28711512      
  33               3.31131121E-05   2.03171899E-02   1107.87132832    5.19421553E-07   1.32831218E+17   1.58666783E+09   0.00000000E+00   2.43312647E+06   0.28766246      
  34               4.26579519E-05   2.54404937E-02   1114.87213392    6.46318401E-07   1.65282287E+17   1.58666782E+09   0.00000000E+00   2.40516456E+06   0.28572061      
  35               5.49540874E-05   3.18240005E-02   1145.78424016    7.86679147E-07   2.01176740E+17   1.58666783E+09   0.00000000E+00   2.37685473E+06   0.28632789      
  36               7.07945784E-05   3.97752757E-02   1153.59163998    9.76578636E-07   2.49739328E+17   1.58666782E+09   0.00000000E+00   2.34816777E+06   0.28459485      
  37               9.12010839E-05   4.96755974E-02   1185.79835128    1.18652811E-06   3.03429706E+17   1.58666783E+09   0.00000000E+00   2.31908360E+06   0.28517167      
  38               1.17489755E-04   6.19901336E-02   1194.76810851    1.46955261E-06   3.75806935E+17   1.58666782E+09   0.00000000E+00   2.28959280E+06   0.28346842      
  39               1.51356125E-04   7.72897535E-02   1228.95950085    1.78127188E-06   4.55522874E+17   1.58666782E+09   0.00000000E+00   2.25968923E+06   0.28391544      
  40               1.94984460E-04   9.62581855E-02   1239.88731898    2.19888079E-06   5.62317102E+17   1.58666781E+09   0.00000000E+00   2.22938065E+06   0.28188121      
  41               2.51188643E-04   1.19719413E-01   1276.89633020    2.65555407E-06   6.79101640E+17   1.58666782E+09   0.00000000E+00   2.19867824E+06   0.28225474      
  42               3.23593657E-04   1.48655354E-01   1290.63049304    3.26230864E-06   8.34265861E+17   1.58666779E+09   0.00000000E+00   2.16758990E+06   0.27973819      
  43               4.16869383E-04   1.84205657E-01   1331.31194653    3.91896886E-06   1.00218748E+18   1.58666782E+09   0.00000000E+00   2.13614897E+06   0.28000422      
  44               5.37031796E-04   2.27685021E-01   1348.84323904    4.78102839E-06   1.22264062E+18   1.58666776E+09   0.00000000E+00   2.10438486E+06   0.27776083      
  45               6.91830971E-04   2.80532550E-01   1393.83207030    5.70078909E-06   1.45780235E+18   1.58666770E+09   0.00000000E+00   2.07237388E+06   0.27792148      
  46               8.91250938E-04   3.44526821E-01   1416.08082990    6.89121058E-06   1.76222287E+18   1.58666763E+09   0.00000000E+00   2.04008702E+06   0.27547534      
  47               1.14815362E-03   4.21246828E-01   1466.29663221    8.13794787E-06   2.08084939E+18   1.58666793E+09   0.00000000E+00   2.00768965E+06   0.27548442      
  48               1.47910839E-03   5.09796346E-01   1493.95115436    9.67023492E-06   2.47164537E+18   1.58666758E+09   0.00000000E+00   1.97612258E+06   0.27224537      
  49               1.90546072E-03   6.11099966E-01   1549.22317376    1.11789297E-05   2.85709127E+18   1.58666756E+09   0.00000000E+00   1.94531129E+06   0.27216465      
  50               2.45470892E-03   7.26643318E-01   1581.89402535    1.30189572E-05   3.32712975E+18   1.58666682E+09   0.00000000E+00   1.91502413E+06   0.26873806      
  51               3.16227766E-03   8.48982978E-01   1639.23367075    1.46871951E-05   3.75131865E+18   1.58666699E+09   0.00000000E+00   1.88704499E+06   0.26862481      
  52               4.07380278E-03   9.67419887E-01   1671.51018418    1.64219584E-05   4.19210183E+18   1.58666962E+09   0.00000000E+00   1.86292836E+06   0.26496083      
  53               5.24807460E-03   1.07245951E+00   1721.31272182    1.76959474E-05   4.51280915E+18   1.58666299E+09   0.00000000E+00   1.84344146E+06   0.26508853      
  54               6.76082975E-03   1.15777883E+00   1742.85503888    1.88673631E-05   4.81160731E+18   1.58666686E+09   0.00000000E+00   1.82867573E+06   0.26126165      
  55               8.70963590E-03   1.25972893E+00   1785.50853635    2.00368998E-05   5.11023666E+18   1.58667136E+09   0.00000000E+00   1.81209448E+06   0.26183064      
  56               1.12201845E-02   1.34753349E+00   1806.71802288    2.11997536E-05   5.40225436E+18   1.58666292E+09   0.00000000E+00   1.79862083E+06   0.25804624      
  57               1.44543977E-02   1.41911145E+00   1837.46849956    2.19513847E-05   5.59399971E+18   1.58666827E+09   0.00000000E+00   1.78812822E+06   0.25939357      
  58               1.86208714E-02   1.50558184E+00   1855.14819989    2.30664957E-05   5.87829799E+18   1.58666883E+09   0.00000000E+00   1.77597628E+06   0.25547293      
  59               2.39883292E-02   1.60902755E+00   1893.15684817    2.41549462E-05   6.15605827E+18   1.58666835E+09   0.00000000E+00   1.76211768E+06   0.2565568       
  60               3.09029543E-02   1.73102237E+00   1920.10226434    2.56204569E-05   6.52986434E+18   1.58655971E+09   2.68291245E+05   1.74661005E+06   0.25169431      
  61               3.98107171E-02   1.87338461E+00   1967.04595274    2.70628392E-05   6.89823970E+18   1.58618140E+09   1.66761771E+06   1.72951319E+06   0.25233055      
  62               5.12861384E-02   2.03917153E+00   2001.14391878    2.89531849E-05   7.38076326E+18   1.58539200E+09   2.20120544E+06   1.71078412E+06   0.24623436      
  63               6.60693448E-02   2.23312371E+00   2053.99389495    3.08854135E-05   7.87479895E+18   1.58344342E+09   3.27689065E+06   1.69027379E+06   0.24650295      
  64               8.51138038E-02   2.45875731E+00   2095.60872239    3.33250658E-05   8.49828530E+18   1.57930311E+09   7.36427776E+06   1.66803336E+06   0.23911781      
  65               1.09647820E-01   2.72058017E+00   2153.29811242    3.58748252E-05   9.15130876E+18   1.57224774E+09   1.44188614E+07   1.64408744E+06   0.23889682      
  66               1.41253754E-01   3.02315765E+00   2201.66610846    3.89772253E-05   9.94569592E+18   1.56060468E+09   2.60617686E+07   1.61849925E+06   0.23043692      
  67               1.81970086E-01   3.37247562E+00   2262.57515741    4.22900979E-05   1.07962180E+19   1.54356160E+09   4.31049327E+07   1.59129088E+06   0.22956658      
  68               2.34422882E-01   3.77457330E+00   2316.78608292    4.62015094E-05   1.18006999E+19   1.51837191E+09   6.82950549E+07   1.56252422E+06   0.21986873      
  69               3.01995172E-01   4.23709764E+00   2379.02856949    5.04754163E-05   1.29001468E+19   1.48461248E+09   1.02054890E+08   1.53223504E+06   0.21818318      
  70               3.89045145E-01   4.76805795E+00   2437.97798647    5.53840025E-05   1.41656851E+19   1.43875743E+09   1.47910573E+08   1.50047814E+06   0.20845518      
  71               5.01187234E-01   5.37827426E+00   2500.31645325    6.08551872E-05   1.55802279E+19   1.38178754E+09   2.04880945E+08   1.46723875E+06   0.20586571      
  72               6.45654229E-01   6.07842481E+00   2562.96993336    6.70201030E-05   1.71780308E+19   1.30941593E+09   2.77253019E+08   1.43256896E+06   0.19705187      
  73               8.31763771E-01   6.88180737E+00   2624.80543447    7.39966214E-05   1.89902742E+19   1.22436360E+09   3.62305437E+08   1.39649237E+06   0.19350327      
  74               1.07151931E+00   7.80213240E+00   2689.86121291    8.17379412E-05   2.10091888E+19   1.12444152E+09   4.62227404E+08   1.35906947E+06   0.18623414      
  75               1.38038426E+00   8.85591626E+00   2751.07325677    9.05705948E-05   2.33161685E+19   1.01450078E+09   5.72167846E+08   1.32033848E+06   0.18181332      
  76               1.77827941E+00   1.00605310E+01   2817.15198106    1.00282579E-04   2.58664283E+19   8.95610399E+08   6.91057896E+08   1.28036631E+06   0.17643831      
  77               2.29086765E+00   1.14352790E+01   2878.03478657    1.11364171E-04   2.87790574E+19   7.72771793E+08   8.13896208E+08   1.23922760E+06   0.17144619      
  78               2.95120923E+00   1.30014034E+01   2943.81811354    1.23503726E-04   3.19893269E+19   6.51924282E+08   9.34743487E+08   1.19699671E+06   0.16770723      
  79               3.80189396E+00   1.47812953E+01   3004.66671078    1.37266127E-04   3.56321500E+19   5.37437683E+08   1.04923017E+09   1.15376669E+06   0.16319694      
  80               4.89778819E+00   1.68001863E+01   3069.62328132    1.52319061E-04   3.96419361E+19   4.37416138E+08   1.14925230E+09   1.10961263E+06   0.16054082      
  81               6.30957344E+00   1.90819770E+01   3130.45913679    1.69224917E-04   4.41510635E+19   3.51391540E+08   1.23527797E+09   1.06466775E+06   0.15654042      
  82               8.12830516E+00   2.16552531E+01   3194.10454449    1.87692640E-04   4.91066126E+19   2.83747344E+08   1.30292356E+09   1.01900665E+06   0.15475081      
  83               1.04712855E+01   2.45493043E+01   3254.95779051    2.08229131E-04   5.46285493E+19   2.27997860E+08   1.35867466E+09   9.72712560E+05   0.15154444      
  84               1.34896288E+01   2.78005143E+01   3317.37683235    2.30685533E-04   6.06993251E+19   1.85318522E+08   1.40135588E+09   9.25801111E+05   0.150208        
  85               1.73780083E+01   3.14469015E+01   3378.33556551    2.55480700E-04   6.74218888E+19   1.50006751E+08   1.43666945E+09   8.78301825E+05   0.14784632      
  86               2.23872114E+01   3.55348259E+01   3440.00666638    2.82641017E-04   7.48205244E+19   1.22775264E+08   1.46390273E+09   8.30193520E+05   0.14679302      
  87               2.88403150E+01   4.01141554E+01   3501.26677247    3.12502206E-04   8.29847500E+19   1.00284957E+08   1.48639469E+09   7.81466365E+05   0.14517734      
  88               3.71535229E+01   4.52446101E+01   3562.81590362    3.45268730E-04   9.19812500E+19   8.24013142E+07   1.50427983E+09   7.32073535E+05   0.14438537      
  89               4.78630092E+01   5.09922169E+01   3624.71544322    3.81225847E-04   1.01895690E+20   6.76131046E+07   1.51906924E+09   6.81974379E+05   0.14340386      
  90               6.16595002E+01   5.74341725E+01   3686.83004553    4.20741629E-04   1.12834807E+20   5.55684182E+07   1.53111491E+09   6.31107890E+05   0.14280113      
  91               7.94328235E+01   6.46577858E+01   3749.74283526    4.64110065E-04   1.24895038E+20   4.57684277E+07   1.54091557E+09   5.79412789E+05   0.14222754      
  92               1.02329299E+02   7.27628766E+01   3813.00732523    5.11835683E-04   1.38219100E+20   3.78057749E+07   1.54887842E+09   5.26823770E+05   0.14184391      
  93               1.31825674E+02   8.18636413E+01   3877.37857936    5.64263827E-04   1.52925071E+20   3.13164227E+07   1.55536762E+09   4.73270644E+05   0.14155163      
  94               1.69824365E+02   9.20914572E+01   3942.31648892    6.22048186E-04   1.69197405E+20   2.59372580E+07   1.56074629E+09   4.18676884E+05   0.14139137      
  95               2.18776162E+02   1.03597568E+02   4008.65142533    6.85624352E-04   1.87187613E+20   2.14944857E+07   1.56518813E+09   3.62959964E+05   0.14135147      
  96               2.81838293E+02   1.16556020E+02   4075.82371528    7.55821285E-04   2.07131027E+20   1.77757111E+07   1.56890559E+09   3.06033529E+05   0.14141313      
  97               3.63078055E+02   1.31167764E+02   4144.68297919    8.33202866E-04   2.29224818E+20   1.47233831E+07   1.57195618E+09   2.47805651E+05   0.14160704      
  98               4.67735141E+02   1.47662766E+02   4214.68199686    9.18800981E-04   2.53765177E+20   1.22072001E+07   1.57447016E+09   1.88187329E+05   0.14191181      
  99               6.02559586E+02   1.66307123E+02   4286.68185478    1.01333518E-03   2.81005899E+20   1.01476957E+07   1.57652689E+09   1.27082765E+05   0.14236708      
  100              7.76247117E+02   1.87408763E+02   4360.17116900    1.11809938E-03   3.11323708E+20   8.43689379E+06   1.57823441E+09   6.43907213E+04   0.14294495      
  101              1.00000000E+03   2.11326165E+02   4436.03077980    1.23403383E-03   3.45052009E+20   7.68396695E+06   1.57898547E+09   0.00000000E+00   0.14359829      
