# ATMO pressure-temperature profile
# Effective temperature = 350.0K
# log(g) = 3.0cm/s^2
# M/H = 0.0
# Optical depth grid in band 17 (1.20-1.33microns)
# All parameters in cgs units
#
# Model Level      Optical Depth    Pressure         Temperature      Density          Number Density   Rad Flux         Conv Flux        Radial Extension Adiabatic Gradient
#                                   [Ba]             [K]              [g/cm^3]         [/cm^3]          [ergs/s/cm^2/sr] [ergs/s/cm^2/sr] [cm]             [K/Ba]          
  1                1.00000000E-04   1.00000000E-05   47.29604985      5.95914781E-09   1.53144347E+15   8.50759277E+05   0.00000000E+00   2.66327103E+08   0.3458213       
  2                1.17489755E-04   9.55416838E-05   60.61375289      4.44253384E-08   1.14168832E+16   8.50759277E+05   0.00000000E+00   2.61069711E+08   0.3458213       
  3                1.38038426E-04   1.95901851E-04   67.57324503      8.17095450E-08   2.09985644E+16   8.50759277E+05   0.00000000E+00   2.59403962E+08   0.3147937       
  4                1.62181010E-04   3.13614664E-04   74.01440696      1.19423316E-07   3.06906395E+16   8.50759277E+05   0.00000000E+00   2.58212329E+08   0.31481681      
  5                1.90546072E-04   4.48842517E-04   78.67673231      1.60789137E-07   4.13212561E+16   8.50759277E+05   0.00000000E+00   2.57236456E+08   0.3148343       
  6                2.23872114E-04   6.02000038E-04   84.47135596      2.00861213E-07   5.16193929E+16   8.50759204E+05   0.00000000E+00   2.56384216E+08   0.31484846      
  7                2.63026799E-04   7.75743818E-04   88.22176089      2.47828717E-07   6.36895882E+16   8.50759110E+05   0.00000000E+00   2.55605488E+08   0.31486062      
  8                3.09029543E-04   9.73947208E-04   94.65975881      2.89987349E-07   7.45239495E+16   8.50758876E+05   0.00000000E+00   2.54866146E+08   0.31487153      
  9                3.63078055E-04   1.19975579E-03   101.01559364     3.34743175E-07   8.60261077E+16   8.50757628E+05   1.60426932E+00   2.54141384E+08   0.31488154      
  10               4.26579519E-04   1.44692890E-03   107.22530108     3.80326045E-07   9.77407700E+16   8.50754619E+05   4.59991877E+00   2.53448644E+08   0.31489034      
  11               5.01187234E-04   1.64085863E-03   111.48250764     4.14926957E-07   1.06608118E+17   8.50749716E+05   9.54252639E+00   2.52960437E+08   0.31845281      
  12               5.88843655E-04   1.77649063E-03   114.46599273     4.37478720E-07   1.12411898E+17   8.50745068E+05   1.41877434E+01   2.52642092E+08   0.31965441      
  13               6.91830971E-04   1.88151677E-03   116.46784667     4.55659959E-07   1.17011322E+17   8.50741389E+05   1.78886662E+01   2.52406838E+08   0.32134148      
  14               8.12830516E-04   1.95775074E-03   118.09604325     4.67585322E-07   1.20073699E+17   8.50739494E+05   1.97653165E+01   2.52241680E+08   0.32154618      
  15               9.54992586E-04   2.04708503E-03   119.66953422     4.82493093E-07   1.23901944E+17   8.50739216E+05   2.00413042E+01   2.52053601E+08   0.3227525       
  16               1.12201845E-03   2.15173920E-03   121.75270961     4.98482385E-07   1.28007919E+17   8.50740155E+05   1.91061582E+01   2.51840205E+08   0.32297495      
  17               1.31825674E-03   2.27430129E-03   123.80765617     5.18130688E-07   1.33053510E+17   8.50742145E+05   1.71148156E+01   2.51599041E+08   0.32405485      
  18               1.54881662E-03   2.41778499E-03   126.44012925     5.39351094E-07   1.38502810E+17   8.50745057E+05   1.42068208E+01   2.51327618E+08   0.32434021      
  19               1.81970086E-03   2.58569992E-03   129.06932906     5.65059120E-07   1.45104510E+17   8.50748781E+05   1.04819651E+01   2.51023455E+08   0.32517691      
  20               2.13796209E-03   2.78214869E-03   132.34532554     5.92939728E-07   1.52264118E+17   8.50753033E+05   6.23416398E+00   2.50684066E+08   0.325423        
  21               2.51188643E-03   3.01192656E-03   135.63995438     6.26318966E-07   1.60835748E+17   8.50757145E+05   2.12288413E+00   2.50307011E+08   0.32587509      
  22               2.95120923E-03   3.28062310E-03   139.64759212     6.62615678E-07   1.70156572E+17   8.50759053E+05   0.00000000E+00   2.49889917E+08   0.32596385      
  23               3.46736850E-03   3.59489552E-03   142.53425593     7.11386884E-07   1.82680781E+17   8.50759423E+05   0.00000000E+00   2.49432173E+08   0.32595273      
  24               4.07380278E-03   3.96252826E-03   146.09623575     7.65018912E-07   1.96453235E+17   8.50759482E+05   0.00000000E+00   2.48933834E+08   0.32586496      
  25               4.78630092E-03   4.39253331E-03   148.94404227     8.31822796E-07   2.13608124E+17   8.50759402E+05   0.00000000E+00   2.48394793E+08   0.32556274      
  26               5.62341325E-03   4.89538427E-03   152.59303485     9.04879877E-07   2.32368854E+17   8.50759383E+05   0.00000000E+00   2.47815193E+08   0.32533563      
  27               6.60693448E-03   5.48322436E-03   155.62523248     9.93791203E-07   2.55200689E+17   8.50759367E+05   0.00000000E+00   2.47195301E+08   0.32476344      
  28               7.76247117E-03   6.17019494E-03   159.55133100     1.09078069E-06   2.80107214E+17   8.50759284E+05   0.00000000E+00   2.46535486E+08   0.32440861      
  29               9.12010839E-03   6.97285830E-03   162.81406619     1.20797830E-06   3.10202116E+17   8.50759376E+05   0.00000000E+00   2.45836231E+08   0.32361652      
  30               1.07151931E-02   7.91047566E-03   166.97583299     1.33625251E-06   3.43142744E+17   8.50759373E+05   0.00000000E+00   2.45098239E+08   0.32316313      
  31               1.25892541E-02   9.00534649E-03   170.55725254     1.48927508E-06   3.82433630E+17   8.50759421E+05   0.00000000E+00   2.44322113E+08   0.32219484      
  32               1.47910839E-02   1.02832289E-02   175.07443360     1.65671932E-06   4.25434410E+17   8.50759427E+05   0.00000000E+00   2.43508573E+08   0.32174646      
  33               1.73780083E-02   1.17737374E-02   178.98912556     1.85545044E-06   4.76445841E+17   8.50759374E+05   0.00000000E+00   2.42658437E+08   0.32082073      
  34               2.04173794E-02   1.35109010E-02   183.63769496     2.07525712E-06   5.32903187E+17   8.50759533E+05   0.00000000E+00   2.41773158E+08   0.32018377      
  35               2.39883292E-02   1.55324442E-02   187.70074685     2.33462796E-06   5.99376403E+17   8.50759527E+05   0.00000000E+00   2.40854709E+08   0.31879457      
  36               2.81838293E-02   1.78772684E-02   194.12355918     2.59793515E-06   6.67035204E+17   8.50759359E+05   0.00000000E+00   2.39902598E+08   0.31783326      
  37               3.31131121E-02   2.05849052E-02   202.98405710     2.86091044E-06   7.34535488E+17   8.50505787E+05   2.53338665E+02   2.38909325E+08   0.31591723      
  38               3.89045145E-02   2.35565250E-02   211.80119147     3.15343617E-06   8.05579983E+17   8.48754627E+05   2.00440369E+03   2.37918914E+08   0.31419684      
  39               4.57088190E-02   2.66711200E-02   220.19475965     3.43427834E-06   8.77324209E+17   8.46704077E+05   4.05514166E+03   2.36972477E+08   0.31258205      
  40               5.37031796E-02   3.02810387E-02   229.09672235     3.74759896E-06   9.57365409E+17   8.46274948E+05   4.48448152E+03   2.35966233E+08   0.31105465      
  41               6.30957344E-02   3.44622374E-02   238.46709846     4.09747412E-06   1.04674487E+18   8.46414218E+05   4.34548823E+03   2.34899229E+08   0.30955251      
  42               7.41310241E-02   3.93029594E-02   248.35760304     4.48692706E-06   1.14623491E+18   8.46608307E+05   4.15174406E+03   2.33770271E+08   0.30815752      
  43               8.70963590E-02   4.49048754E-02   258.73281514     4.92088481E-06   1.25709420E+18   8.46388995E+05   4.37145380E+03   2.32578095E+08   0.306864        
  44               1.02329299E-01   5.13845693E-02   269.64913632     5.40299921E-06   1.38025563E+18   8.45297620E+05   5.46324825E+03   2.31321442E+08   0.305695        
  45               1.20226443E-01   5.88754954E-02   281.06976666     5.93911396E-06   1.51721204E+18   8.42909776E+05   7.85149442E+03   2.29999059E+08   0.30462788      
  46               1.41253754E-01   6.75310396E-02   293.05546395     6.53363440E-06   1.66908883E+18   8.38738270E+05   1.20233335E+04   2.28609567E+08   0.30371079      
  47               1.65958691E-01   7.75295273E-02   305.57506994     7.19366871E-06   1.83770186E+18   8.32045813E+05   1.87159905E+04   2.27151150E+08   0.30293063      
  48               1.94984460E-01   8.90764466E-02   318.69896253     7.92471137E-06   2.02445475E+18   8.21801862E+05   2.89600114E+04   2.25621827E+08   0.30226794      
  49               2.29086765E-01   1.02408035E-01   332.39369618     8.73539350E-06   2.23155243E+18   8.07148133E+05   4.36138101E+04   2.24019508E+08   0.30168263      
  50               2.69153480E-01   1.17794084E-01   346.73192236     9.63231954E-06   2.46068199E+18   7.88088204E+05   6.26739322E+04   2.22342171E+08   0.30119806      
  51               3.16227766E-01   1.35547507E-01   361.68193028     1.06259054E-05   2.71450447E+18   7.65580290E+05   8.51821201E+04   2.20587346E+08   0.30083035      
  52               3.71535229E-01   1.56031810E-01   377.33154128     1.17244189E-05   2.99513137E+18   7.40820002E+05   1.09942695E+05   2.18752107E+08   0.30056751      
  53               4.36515832E-01   1.79661046E-01   393.64618081     1.29404382E-05   3.30577827E+18   7.14384421E+05   1.36378641E+05   2.16833750E+08   0.30034492      
  54               5.12861384E-01   2.06907520E-01   410.71014929     1.42838413E-05   3.64893965E+18   6.86208354E+05   1.64555211E+05   2.14829671E+08   0.30011753      
  55               6.02559586E-01   2.38306333E-01   428.47559530     1.57693439E-05   4.02842546E+18   6.56140038E+05   1.94624088E+05   2.12737564E+08   0.29992001      
  56               7.07945784E-01   2.74488806E-01   447.04501901     1.74091442E-05   4.44732858E+18   6.23930792E+05   2.26833968E+05   2.10553814E+08   0.29979195      
  57               8.31763771E-01   3.16206412E-01   466.39317875     1.92230807E-05   4.91071039E+18   5.88259549E+05   2.62506094E+05   2.08273370E+08   0.29970885      
  58               9.77237221E-01   3.64361051E-01   486.65227225     2.12287124E-05   5.42299282E+18   5.47889355E+05   3.02877381E+05   2.05889593E+08   0.29959864      
  59               1.14815362E+00   4.20142988E-01   507.84559615     2.34584745E-05   5.99226855E+18   5.07907294E+05   3.42860625E+05   2.03389875E+08   0.29944666      
  60               1.34896288E+00   4.85164702E-01   530.22256053     2.59456001E-05   6.62760831E+18   4.74554231E+05   3.76214784E+05   2.00754288E+08   0.299293        
  61               1.58489319E+00   5.61678593E-01   553.95031978     2.87506149E-05   7.34417293E+18   4.41984911E+05   4.08785591E+05   1.97952817E+08   0.29916862      
  62               1.86208714E+00   6.52910325E-01   579.48379817     3.19476138E-05   8.16090041E+18   4.07489567E+05   4.43282957E+05   1.94942551E+08   0.29902593      
  63               2.18776162E+00   7.63213940E-01   607.14108103     3.56432956E-05   9.10505375E+18   3.71677653E+05   4.79097135E+05   1.91673786E+08   0.29879105      
  64               2.57039578E+00   8.97982220E-01   637.38109232     3.99469918E-05   1.02045628E+19   3.38747592E+05   5.12029347E+05   1.88102218E+08   0.29847346      
  65               3.01995172E+00   1.06341676E+00   670.32865857     4.49806356E-05   1.14905695E+19   3.12740821E+05   5.38037514E+05   1.84199444E+08   0.29812439      
  66               3.54813389E+00   1.26558409E+00   706.03707368     5.08239356E-05   1.29834270E+19   2.93430217E+05   5.57349065E+05   1.79971145E+08   0.29772085      
  67               4.16869383E+00   1.50926137E+00   743.97833346     5.75181463E-05   1.46936607E+19   2.79433569E+05   5.71346168E+05   1.75464226E+08   0.29715198      
  68               4.89778819E+00   1.79747743E+00   783.62083582     6.50362777E-05   1.66143483E+19   2.71727804E+05   5.79051353E+05   1.70751861E+08   0.2964031       
  69               5.75439937E+00   2.13336886E+00   824.34825558     7.33759564E-05   1.87448111E+19   2.71541921E+05   5.79235407E+05   1.65889522E+08   0.2955587       
  70               6.76082975E+00   2.51975645E+00   865.89156944     8.25075734E-05   2.10775872E+19   2.78746084E+05   5.72028220E+05   1.60923597E+08   0.29465281      
  71               7.94328235E+00   2.95870293E+00   907.74171247     9.24137495E-05   2.36083105E+19   2.92501232E+05   5.58269194E+05   1.55896738E+08   0.29361859      
  72               9.33254301E+00   3.45190839E+00   949.73346758     1.03051648E-04   2.63259080E+19   3.11745584E+05   5.39020257E+05   1.50842768E+08   0.29246768      
  73               1.09647820E+01   4.00318960E+00   991.66504804     1.14456760E-04   2.92393015E+19   3.35286616E+05   5.15474892E+05   1.45766717E+08   0.29120454      
  74               1.28824955E+01   4.61823464E+00   1033.74904404    1.26669234E-04   3.23583757E+19   3.62163356E+05   4.88594175E+05   1.40658700E+08   0.28988579      
  75               1.51356125E+01   5.30331928E+00   1075.90105948    1.39760045E-04   3.57027179E+19   3.92177673E+05   4.58575689E+05   1.35509753E+08   0.2885031       
  76               1.77827941E+01   6.06590247E+00   1118.35496259    1.53786775E-04   3.92863420E+19   4.24197871E+05   4.26551140E+05   1.30308137E+08   0.28709147      
  77               2.08929613E+01   6.91540949E+00   1161.08911063    1.68868459E-04   4.31398061E+19   4.57787470E+05   3.92957102E+05   1.25036610E+08   0.28561693      
  78               2.45470892E+01   7.86601362E+00   1204.52081903    1.85150787E-04   4.73005535E+19   4.93639959E+05   3.57100136E+05   1.19660511E+08   0.28411106      
  79               2.88403150E+01   8.93758903E+00   1248.86740504    2.02895787E-04   5.18358100E+19   5.31966091E+05   3.18769280E+05   1.14131725E+08   0.28253206      
  80               3.38844156E+01   1.01543227E+01   1294.63143214    2.22357318E-04   5.68107674E+19   5.71577779E+05   2.79152589E+05   1.08403220E+08   0.28090457      
  81               3.98107171E+01   1.15447051E+01   1341.96888072    2.43870089E-04   6.23112176E+19   6.10674267E+05   2.40051021E+05   1.02432336E+08   0.27919301      
  82               4.67735141E+01   1.31400870E+01   1391.23694830    2.67720539E-04   6.84105335E+19   6.47637557E+05   2.03083419E+05   9.61884541E+07   0.2774521       
  83               5.49540874E+01   1.49766263E+01   1442.45815439    2.94278781E-04   7.52032501E+19   6.82336784E+05   1.68381024E+05   8.96452580E+07   0.27558752      
  84               6.45654229E+01   1.70955313E+01   1495.87906678    3.23890548E-04   8.27774335E+19   7.12983181E+05   1.37732782E+05   8.27818094E+07   0.27364975      
  85               7.58577575E+01   1.95281210E+01   1551.10222200    3.56781443E-04   9.11897191E+19   7.31228947E+05   1.19489478E+05   7.56256917E+07   0.2716551       
  86               8.91250938E+01   2.22744480E+01   1607.37161553    3.92692264E-04   1.00372905E+20   7.27754549E+05   1.22972922E+05   6.82884272E+07   0.26968115      
  87               1.04712855E+02   2.52802879E+01   1662.94357072    4.30968983E-04   1.10110908E+20   7.00954625E+05   1.49780253E+05   6.09810496E+07   0.2677349       
  88               1.23026877E+02   2.84796781E+01   1716.68716655    4.70301715E-04   1.20162721E+20   6.54581208E+05   1.96149145E+05   5.38744641E+07   0.26588463      
  89               1.44543977E+02   3.17918839E+01   1767.42975005    5.09952434E-04   1.30286657E+20   5.96943226E+05   2.53783179E+05   4.71109932E+07   0.26412444      
  90               1.69824365E+02   3.51413350E+01   1814.68521663    5.49151840E-04   1.40262894E+20   5.31696938E+05   3.19032227E+05   4.07814305E+07   0.26253028      
  91               1.99526231E+02   3.83887158E+01   1857.12049793    5.86502504E-04   1.49723283E+20   4.54470487E+05   3.98688537E+05   3.50591802E+07   0.26106186      
  92               2.34422882E+02   4.12886003E+01   1892.68682337    6.19537268E-04   1.58007332E+20   3.76598961E+05   4.74143368E+05   3.02481622E+07   0.25975324      
  93               2.75422870E+02   4.37433262E+01   1921.18967449    6.46617920E-04   1.64917749E+20   3.33117389E+05   5.17895422E+05   2.63698230E+07   0.2585542       
  94               3.23593657E+02   4.64446492E+01   1951.15747745    6.75987913E-04   1.72412681E+20   3.17466599E+05   5.33741502E+05   2.22839624E+07   0.25746812      
  95               3.80189396E+02   4.94067784E+01   1982.36589437    7.07752014E-04   1.80521344E+20   2.81515170E+05   5.69832766E+05   1.80014922E+07   0.25643922      
  96               4.46683592E+02   5.18028123E+01   2006.55968377    7.33341722E-04   1.86993752E+20   2.30023602E+05   6.21006041E+05   1.46755223E+07   0.25553044      
  97               5.24807460E+02   5.36260208E+01   2024.31414543    7.52481187E-04   1.91877257E+20   2.02730128E+05   6.48407556E+05   1.22211784E+07   0.25464456      
  98               6.16595002E+02   5.56794900E+01   2043.77526390    7.73841536E-04   1.97327653E+20   1.95119215E+05   6.56028376E+05   9.53017345E+06   0.25383168      
  99               7.24435960E+02   5.79830387E+01   2064.85357953    7.97613540E-04   2.03393725E+20   1.86931669E+05   6.64279529E+05   6.59809706E+06   0.25300876      
  100              8.51138038E+02   6.05581127E+01   2087.67153820    8.23911493E-04   2.10104813E+20   1.78551750E+05   6.72763224E+05   3.42156407E+06   0.25229906      
  101              1.00000000E+03   6.34263158E+01   2112.13168320    8.52884732E-04   2.17507549E+20   1.74108859E+05   6.77253690E+05   0.00000000E+00   0.25171801      
