# ATMO pressure-temperature profile
# Effective temperature = 250.0K
# log(g) = 3.5cm/s^2
# M/H = 0.0
# Optical depth grid in band 17 (1.20-1.33microns)
# All parameters in cgs units
#
# Model Level      Optical Depth    Pressure         Temperature      Density          Number Density   Rad Flux         Conv Flux        Radial Extension Adiabatic Gradient
#                                   [Ba]             [K]              [g/cm^3]         [/cm^3]          [ergs/s/cm^2/sr] [ergs/s/cm^2/sr] [cm]             [K/Ba]          
  1                5.00000000E-05   1.00000000E-05   33.34364017      8.45267992E-09   2.17226512E+15   2.21395620E+05   0.00000000E+00   6.58189129E+07   0.34582131      
  2                5.91534807E-05   1.55686899E-04   42.84342702      1.02417766E-07   2.63204739E+16   2.21395620E+05   0.00000000E+00   6.42531152E+07   0.31479363      
  3                6.99826855E-05   3.27647541E-04   47.12033387      1.95977398E-07   5.03644845E+16   2.21395620E+05   0.00000000E+00   6.38692857E+07   0.31482526      
  4                8.27943887E-05   5.30630990E-04   50.60622660      2.95526268E-07   7.59476769E+16   2.21395625E+05   0.00000000E+00   6.36025632E+07   0.31484624      
  5                9.79515255E-05   7.70145515E-04   52.87212043      4.10538127E-07   1.05504723E+17   2.21395646E+05   0.00000000E+00   6.33851144E+07   0.31486272      
  6                1.15883473E-04   1.05267026E-03   55.98713948      5.29921463E-07   1.36185201E+17   2.21395656E+05   0.00000000E+00   6.31935680E+07   0.31487682      
  7                1.37098216E-04   1.38575450E-03   57.67418400      6.77192709E-07   1.74032628E+17   2.21395664E+05   0.00000000E+00   6.30177383E+07   0.3148895       
  8                1.62196734E-04   1.77823805E-03   60.48056659      8.28669743E-07   2.12960907E+17   2.21395673E+05   0.00000000E+00   6.28520566E+07   0.31490129      
  9                1.91890027E-04   2.24054655E-03   62.09520147      1.01695881E-06   2.61349558E+17   2.21395676E+05   0.00000000E+00   6.26928029E+07   0.3149125       
  10               2.27019260E-04   2.78459407E-03   64.80766605      1.21099666E-06   3.11215596E+17   2.21395694E+05   0.00000000E+00   6.25377737E+07   0.31492334      
  11               2.68579588E-04   3.42428954E-03   66.61122512      1.44887358E-06   3.72347890E+17   2.21395693E+05   0.00000000E+00   6.23850569E+07   0.31493395      
  12               3.17748350E-04   4.17605565E-03   69.39907427      1.69597730E-06   4.35851395E+17   2.21395664E+05   0.00000000E+00   6.22334017E+07   0.31494445      
  13               3.75918418E-04   5.05844292E-03   71.45046856      1.99535056E-06   5.12787715E+17   2.21395539E+05   0.00000000E+00   6.20817177E+07   0.31495489      
  14               4.44737657E-04   6.08879617E-03   74.12549982      2.31510789E-06   5.94962565E+17   2.21395407E+05   0.00000000E+00   6.19301206E+07   0.31496531      
  15               5.26155608E-04   7.28562791E-03   76.50735774      2.68393021E-06   6.89746688E+17   2.21395188E+05   0.00000000E+00   6.17782891E+07   0.31497576      
  16               6.22478712E-04   8.67073814E-03   79.45822675      3.07556306E-06   7.90392920E+17   2.21394869E+05   0.00000000E+00   6.16258360E+07   0.31498628      
  17               7.36435649E-04   1.02689848E-02   82.32057966      3.51581913E-06   9.03534896E+17   2.21394334E+05   0.00000000E+00   6.14721380E+07   0.31499694      
  18               8.71254639E-04   1.21102143E-02   85.84447133      3.97600508E-06   1.02179868E+18   2.21393403E+05   0.00000000E+00   6.13164084E+07   0.3150078       
  19               1.03075489E-03   1.42338057E-02   89.44967608      4.48486830E-06   1.15257209E+18   2.21391667E+05   0.00000000E+00   6.11573807E+07   0.31501896      
  20               1.21945479E-03   1.66874614E-02   94.05096291      5.00074216E-06   1.28514718E+18   2.21388109E+05   7.43203594E+00   6.09935401E+07   0.3150305       
  21               1.44269991E-03   1.95281607E-02   98.82007364      5.56959445E-06   1.43133736E+18   2.21380784E+05   1.47710643E+01   6.08233257E+07   0.31504252      
  22               1.70681442E-03   2.28245611E-02   103.80371099     6.19722138E-06   1.59263184E+18   2.21367850E+05   2.77161011E+01   6.06458946E+07   0.31505509      
  23               2.01928028E-03   2.66379366E-02   108.97502800     6.88940167E-06   1.77051427E+18   2.21345111E+05   5.04538681E+01   6.04613419E+07   0.31685995      
  24               2.38894914E-03   3.09422737E-02   114.31043848     7.62916296E-06   1.96061433E+18   2.21305947E+05   8.97045403E+01   6.02735928E+07   0.32025088      
  25               2.82629313E-03   3.54017915E-02   119.36744924     8.35902033E-06   2.14815278E+18   2.21242422E+05   1.54503563E+02   6.00969994E+07   0.32223359      
  26               3.34370152E-03   3.89587235E-02   123.11932069     8.92023575E-06   2.29194582E+18   2.21163672E+05   2.38103534E+02   5.99667354E+07   0.32376566      
  27               3.95583167E-03   4.17786807E-02   125.94306264     9.35061300E-06   2.40273742E+18   2.21092830E+05   3.12423482E+02   5.98690939E+07   0.32442569      
  28               4.68002425E-03   4.39052310E-02   127.98753762     9.67581181E-06   2.48470264E+18   2.21030550E+05   3.68684608E+02   5.97983880E+07   0.32513276      
  29               5.53679448E-03   4.53917536E-02   129.38570158     9.89531232E-06   2.54106934E+18   2.20981857E+05   4.10619096E+02   5.97503469E+07   0.32531712      
  30               6.55041330E-03   4.71445353E-02   130.98601055     1.01518519E-05   2.60694749E+18   2.20943888E+05   4.48653973E+02   5.96950449E+07   0.32578464      
  31               7.74959494E-03   4.92103242E-02   132.83563526     1.04491379E-05   2.68328912E+18   2.20914809E+05   4.77852330E+02   5.96316181E+07   0.32594198      
  32               9.16831029E-03   5.16438068E-02   134.93604397     1.07951605E-05   2.77214609E+18   2.20894639E+05   4.98185154E+02   5.95591623E+07   0.32597465      
  33               1.08467493E-02   5.45088977E-02   137.33826196     1.11947573E-05   2.87476066E+18   2.20884115E+05   5.08915459E+02   5.94767453E+07   0.32580142      
  34               1.28324595E-02   5.78802381E-02   140.04225956     1.16576236E-05   2.99362254E+18   2.20884454E+05   5.08825071E+02   5.93834220E+07   0.32538153      
  35               1.51816929E-02   6.18449438E-02   143.09829751     1.21901363E-05   3.13036927E+18   2.20897149E+05   4.96416752E+02   5.92782496E+07   0.32522638      
  36               1.79609996E-02   6.65046541E-02   146.51340654     1.28030519E-05   3.28776306E+18   2.20923488E+05   4.70405195E+02   5.91602996E+07   0.32505449      
  37               2.12491128E-02   7.19779747E-02   150.33292532     1.35046815E-05   3.46793823E+18   2.20964200E+05   4.30064833E+02   5.90286705E+07   0.32493898      
  38               2.51391797E-02   7.84034076E-02   154.56280269     1.43076659E-05   3.67414079E+18   2.21018857E+05   3.75827714E+02   5.88824946E+07   0.32478989      
  39               2.97413996E-02   8.59429103E-02   159.24520085     1.52223796E-05   3.90903486E+18   2.21084555E+05   3.10603840E+02   5.87209408E+07   0.32457957      
  40               3.51861462E-02   9.47860526E-02   164.38169475     1.62640934E-05   4.17654171E+18   2.21154014E+05   2.41685599E+02   5.85432151E+07   0.32396589      
  41               4.16276604E-02   1.05153657E-01   170.00059067     1.74466850E-05   4.48022464E+18   2.21209655E+05   1.86660661E+02   5.83485863E+07   0.32326358      
  42               4.92484201E-02   1.17301384E-01   176.10607207     1.87874599E-05   4.82452593E+18   2.21211906E+05   1.85076993E+02   5.81364062E+07   0.32205602      
  43               5.82643093E-02   1.31527091E-01   182.70538304     2.03050497E-05   5.21422432E+18   2.21074700E+05   3.22998610E+02   5.79060829E+07   0.32097546      
  44               6.89307339E-02   1.48177820E-01   189.82218507     2.20180751E-05   5.65408161E+18   2.20604359E+05   7.94265049E+02   5.76570583E+07   0.31942589      
  45               8.15498567E-02   1.67647342E-01   197.42991393     2.39516748E-05   6.15048773E+18   2.19543983E+05   1.85607265E+03   5.73889565E+07   0.31777377      
  46               9.64791575E-02   1.90373244E-01   205.55500142     2.61250858E-05   6.70816448E+18   2.17262403E+05   4.13961468E+03   5.71016600E+07   0.31600653      
  47               1.14141560E-01   2.16800640E-01   214.14088596     2.85642003E-05   7.33308644E+18   2.12605694E+05   8.79715460E+03   5.67957238E+07   0.31430142      
  48               1.35037411E-01   2.47236644E-01   223.15345788     3.12640987E-05   8.02481553E+18   2.04962808E+05   1.64380946E+04   5.64736191E+07   0.31252582      
  49               1.59758657E-01   2.80808162E-01   232.17307813     3.42925573E-05   8.76039536E+18   1.93586490E+05   2.78099769E+04   5.61491040E+07   0.31095462      
  50               1.89005613E-01   3.16683679E-01   241.01026539     3.72556502E-05   9.51734867E+18   1.83017235E+05   3.83749720E+04   5.58317075E+07   0.30955028      
  51               2.23606798E-01   3.58557439E-01   250.42094774     4.05966398E-05   1.03708397E+19   1.74468583E+05   4.69200732E+04   5.54912202E+07   0.30826658      
  52               2.64542408E-01   4.07436757E-01   260.47791752     4.43497628E-05   1.13296145E+19   1.65967215E+05   5.54178571E+04   5.51269410E+07   0.30702157      
  53               3.12972084E-01   4.64487719E-01   271.13464511     4.85725862E-05   1.24083793E+19   1.57685092E+05   6.36964610E+04   5.47382346E+07   0.30587541      
  54               3.70267763E-01   5.31042452E-01   282.46723597     5.33044131E-05   1.36171744E+19   1.49776088E+05   7.16023169E+04   5.43246144E+07   0.30478763      
  55               4.38052539E-01   6.08628032E-01   294.41549926     5.86129106E-05   1.49732861E+19   1.42296870E+05   7.90791540E+04   5.38856768E+07   0.30384119      
  56               5.18246648E-01   6.99032473E-01   307.07000709     6.45449038E-05   1.64886763E+19   1.35358663E+05   8.60160593E+04   5.34208810E+07   0.3030375       
  57               6.13121862E-01   8.04318976E-01   320.36989907     7.11833819E-05   1.81845455E+19   1.29101819E+05   9.22727698E+04   5.29296877E+07   0.30237754      
  58               7.25365844E-01   9.26878936E-01   334.41576767     7.85847495E-05   2.00753029E+19   1.23937616E+05   9.74379344E+04   5.24114964E+07   0.3018043       
  59               8.58158289E-01   1.06949965E+00   349.14112568     8.68523653E-05   2.21873522E+19   1.20330967E+05   1.01046762E+05   5.18655844E+07   0.30130619      
  60               1.01526100E+00   1.23541561E+00   364.65910412     9.60567813E-05   2.45387176E+19   1.18435234E+05   1.02946177E+05   5.12911594E+07   0.3009092       
  61               1.20112443E+00   1.42832341E+00   380.89852029     1.06321072E-04   2.71608344E+19   1.17887938E+05   1.03497750E+05   5.06875220E+07   0.30062382      
  62               1.42101382E+00   1.65236902E+00   397.97361110     1.17721245E-04   3.00731283E+19   1.17902855E+05   1.03486698E+05   5.00542368E+07   0.30042214      
  63               1.68115827E+00   1.91224321E+00   415.79375890     1.30396847E-04   3.33112554E+19   1.17454993E+05   1.03938685E+05   4.93909488E+07   0.30022674      
  64               1.98892727E+00   2.21340699E+00   434.47973625     1.44442918E-04   3.68992543E+19   1.15510964E+05   1.05885453E+05   4.86970081E+07   0.30003694      
  65               2.35303941E+00   2.56201422E+00   453.93571950     1.60026418E-04   4.08802005E+19   1.11018392E+05   1.10378491E+05   4.79719172E+07   0.29986736      
  66               2.78380943E+00   2.96480468E+00   474.27834379     1.77242316E-04   4.52781457E+19   1.02357904E+05   1.19038043E+05   4.72156076E+07   0.29973269      
  67               3.29344035E+00   3.42904010E+00   495.37944089     1.96267148E-04   5.01372403E+19   8.80834312E+04   1.33304695E+05   4.64285042E+07   0.29960281      
  68               3.89636920E+00   3.96318447E+00   517.36594059     2.17199097E-04   5.54845787E+19   7.52504290E+04   1.46132463E+05   4.56104052E+07   0.29945972      
  69               4.60967600E+00   4.57818951E+00   540.16527289     2.40327753E-04   6.13893373E+19   6.90308874E+04   1.52358779E+05   4.47591555E+07   0.29931114      
  70               5.45356761E+00   5.28575074E+00   563.93692077     2.65774255E-04   6.78894030E+19   6.41256818E+04   1.57270683E+05   4.38738246E+07   0.29917631      
  71               6.45195012E+00   6.09787522E+00   588.53143992     2.93795755E-04   7.50472365E+19   5.97156910E+04   1.61686536E+05   4.29547655E+07   0.29902426      
  72               7.63310614E+00   7.02756295E+00   614.07208533     3.24505344E-04   8.28917348E+19   5.57226442E+04   1.65684807E+05   4.20026196E+07   0.29882235      
  73               9.03049593E+00   8.09005189E+00   640.40838796     3.58204021E-04   9.14997979E+19   5.22980050E+04   1.69113699E+05   4.10171383E+07   0.29855717      
  74               1.06837053E+01   9.30548575E+00   667.76522914     3.95139954E-04   1.00934837E+20   4.94991848E+04   1.71916771E+05   3.99955149E+07   0.29824206      
  75               1.26395671E+01   1.06957574E+01   696.02043557     4.35737111E-04   1.11305184E+20   4.71318175E+04   1.74290406E+05   3.89359876E+07   0.29787301      
  76               1.49534878E+01   1.22844946E+01   725.35864385     4.80218088E-04   1.22667734E+20   4.50957674E+04   1.76332963E+05   3.78376879E+07   0.29744604      
  77               1.76910170E+01   1.40973438E+01   755.60268397     5.29025390E-04   1.35135557E+20   4.33633468E+04   1.78074081E+05   3.67003106E+07   0.29694483      
  78               2.09297047E+01   1.61662915E+01   786.98135115     5.82474757E-04   1.48789336E+20   4.20883206E+04   1.79363989E+05   3.55216923E+07   0.29636286      
  79               2.47612977E+01   1.85376926E+01   819.47656044     6.41428937E-04   1.63849447E+20   4.14567989E+04   1.80012322E+05   3.42948387E+07   0.29569101      
  80               2.92943389E+01   2.12582173E+01   853.34963595     7.06366022E-04   1.80437031E+20   4.16106762E+04   1.79870539E+05   3.30167391E+07   0.29492963      
  81               3.46572422E+01   2.43702584E+01   888.33245996     7.77880354E-04   1.98705753E+20   4.26651510E+04   1.78815380E+05   3.16891166E+07   0.29406612      
  82               4.10019301E+01   2.79074244E+01   924.45031778     8.55981214E-04   2.18656313E+20   4.45857997E+04   1.76880380E+05   3.03183367E+07   0.2930973       
  83               4.85081376E+01   3.18967914E+01   961.24653835     9.40888351E-04   2.40346637E+20   4.71728583E+04   1.74271261E+05   2.89126023E+07   0.29201987      
  84               5.73885036E+01   3.63889714E+01   998.93884337     1.03289244E-03   2.63849769E+20   5.00203631E+04   1.71394044E+05   2.74716123E+07   0.29084376      
  85               6.78945948E+01   4.14296607E+01   1037.20429121    1.13258510E-03   2.89316306E+20   5.26148901E+04   1.68759893E+05   2.59978501E+07   0.28959046      
  86               8.03240320E+01   4.70528264E+01   1076.12280107    1.23979487E-03   3.16701210E+20   5.44927666E+04   1.66839881E+05   2.44972286E+07   0.28828297      
  87               9.50289215E+01   5.32809055E+01   1115.22420183    1.35470468E-03   3.46047130E+20   5.61017506E+04   1.65206948E+05   2.29775283E+07   0.28692467      
  88               1.12425830E+02   6.01362315E+01   1154.60601276    1.47684880E-03   3.77249119E+20   5.81910626E+04   1.63112251E+05   2.14448960E+07   0.28551744      
  89               1.33007583E+02   6.76816056E+01   1194.06286642    1.60722126E-03   4.10553066E+20   6.06318379E+04   1.60667658E+05   1.98961681E+07   0.28407314      
  90               1.57357229E+02   7.60043944E+01   1234.02731919    1.74640424E-03   4.46107750E+20   6.28815249E+04   1.58419182E+05   1.83252308E+07   0.28259445      
  91               1.86164557E+02   8.51714647E+01   1274.19753641    1.89533898E-03   4.84153633E+20   6.47546914E+04   1.56561280E+05   1.67318671E+07   0.28109064      
  92               2.20245630E+02   9.52314813E+01   1314.78674800    2.05377767E-03   5.24627512E+20   6.60374497E+04   1.55311211E+05   1.51194449E+07   0.27956522      
  93               2.60565913E+02   1.06218201E+02   1355.34052528    2.22217027E-03   5.67644399E+20   6.66293845E+04   1.54775491E+05   1.34931363E+07   0.27805282      
  94               3.08267614E+02   1.18158272E+02   1396.06073421    2.39985557E-03   6.13035546E+20   6.65533828E+04   1.54941644E+05   1.18581054E+07   0.27653539      
  95               3.64702046E+02   1.31134988E+02   1436.66942848    2.58812545E-03   6.61131074E+20   6.60057075E+04   1.55545479E+05   1.02115363E+07   0.2749993       
  96               4.31467909E+02   1.45294384E+02   1477.72985870    2.78788878E-03   7.12163350E+20   6.50475229E+04   1.56448990E+05   8.54461617E+06   0.27344503      
  97               5.10456573E+02   1.60736732E+02   1518.89745857    3.00058667E-03   7.66500636E+20   6.36604352E+04   1.57699601E+05   6.85622520E+06   0.27192011      
  98               6.03905660E+02   1.77515400E+02   1560.44557119    3.22556433E-03   8.23973509E+20   6.18456187E+04   1.59378802E+05   5.15072294E+06   0.27040517      
  99               7.14462436E+02   1.95650074E+02   1601.81208502    3.46324595E-03   8.84696462E+20   5.96589708E+04   1.61520302E+05   3.43492633E+06   0.26891843      
  100              8.45258798E+02   2.15140196E+02   1643.23405357    3.71228804E-03   9.48304854E+20   5.71671735E+04   1.64105370E+05   1.71601309E+06   0.26744784      
  101              1.00000000E+03   2.35978911E+02   1684.14701298    3.97246680E-03   1.01489014E+21   5.57031103E+04   1.65660167E+05   0.00000000E+00   0.26600589      
