# ATMO pressure-temperature profile
# Effective temperature = 2500.0K
# log(g) = 2.5cm/s^2
# M/H = 0.0
# Optical depth grid in band 17 (1.20-1.33microns)
# All parameters in cgs units
#
# Model Level      Optical Depth    Pressure         Temperature      Density          Number Density   Rad Flux         Conv Flux        Radial Extension Adiabatic Gradient
#                                   [Ba]             [K]              [g/cm^3]         [/cm^3]          [ergs/s/cm^2/sr] [ergs/s/cm^2/sr] [cm]             [K/Ba]          
  1                1.00000000E-04   1.00000000E-05   902.84027085     3.13702864E-10   8.02259590E+13   2.21475093E+09   0.00000000E+00   4.16213171E+09   0.29097291      
  2                1.17489755E-04   1.83576746E-05   1504.28854333    3.45223842E-10   8.83918776E+13   2.21475085E+09   0.00000000E+00   4.08171573E+09   0.27294796      
  3                1.38038426E-04   2.50465596E-05   1241.40035841    5.71818296E-10   1.46137627E+14   2.21475081E+09   0.00000000E+00   4.03407430E+09   0.28042758      
  4                1.62181010E-04   3.12237556E-05   1597.14703538    5.53372576E-10   1.41600921E+14   2.21475076E+09   0.00000000E+00   3.99927030E+09   0.27064014      
  5                1.90546072E-04   3.63427400E-05   1347.12186535    7.66797410E-10   1.95405427E+14   2.21475077E+09   0.00000000E+00   3.97438820E+09   0.27701815      
  6                2.23872114E-04   4.21280630E-05   1654.08835705    7.19250775E-10   1.84475470E+14   2.21475075E+09   0.00000000E+00   3.94970123E+09   0.26945532      
  7                2.63026799E-04   4.85833784E-05   1409.23778916    9.79695499E-10   2.49706168E+14   2.21475070E+09   0.00000000E+00   3.92534004E+09   0.27503033      
  8                3.09029543E-04   5.58975037E-05   1706.60892532    9.22304876E-10   2.37237992E+14   2.21475063E+09   0.00000000E+00   3.90094046E+09   0.2685612       
  9                3.63078055E-04   6.40620660E-05   1468.77755221    1.23905931E-09   3.15915368E+14   2.21475047E+09   0.00000000E+00   3.87673350E+09   0.27315201      
  10               4.26579519E-04   7.30920479E-05   1764.59168672    1.16118362E-09   3.00021060E+14   2.21475024E+09   0.00000000E+00   3.85283704E+09   0.26790799      
  11               5.01187234E-04   8.18627606E-05   1562.67539025    1.48651458E-09   3.79440298E+14   2.21475020E+09   0.00000000E+00   3.83167296E+09   0.2708433       
  12               5.88843655E-04   9.18228242E-05   1807.29538275    1.41870794E-09   3.67999600E+14   2.21475016E+09   0.00000000E+00   3.80990432E+09   0.26758301      
  13               6.91830971E-04   1.03054088E-04   1609.06353081    1.81581625E-09   4.63893058E+14   2.21475013E+09   0.00000000E+00   3.78770988E+09   0.26971112      
  14               8.12830516E-04   1.15860398E-04   1846.38851958    1.74527401E-09   4.54504057E+14   2.21475008E+09   0.00000000E+00   3.76486752E+09   0.10566371      
  15               9.54992586E-04   1.30349361E-04   1653.54922215    2.23258455E-09   5.70975693E+14   2.21475003E+09   0.00000000E+00   3.74157836E+09   0.18673765      
  16               1.12201845E-03   1.46887710E-04   1885.16371316    2.15772189E-09   5.64367802E+14   2.21474997E+09   0.00000000E+00   3.71764194E+09   0.099200672     
  17               1.31825674E-03   1.65613707E-04   1698.65659427    2.75742527E-09   7.06181815E+14   2.21474991E+09   0.00000000E+00   3.69327621E+09   0.17283447      
  18               1.54881662E-03   1.86987159E-04   1924.82618056    2.67681045E-09   7.03632847E+14   2.21474982E+09   0.00000000E+00   3.66827470E+09   0.09384546      
  19               1.81970086E-03   2.11175748E-04   1745.79711225    3.41472541E-09   8.76145248E+14   2.21474973E+09   0.00000000E+00   3.64287565E+09   0.15804462      
  20               2.13796209E-03   2.38760113E-04   1966.34703644    3.32614091E-09   8.79482997E+14   2.21474962E+09   0.00000000E+00   3.61685286E+09   0.088931799     
  21               2.51188643E-03   2.69928964E-04   1796.37270906    4.23095256E-09   1.08837581E+15   2.21474949E+09   0.00000000E+00   3.59047091E+09   0.14393556      
  22               2.95120923E-03   3.05410516E-04   2010.99612929    4.12984820E-09   1.10001496E+15   2.21474936E+09   0.00000000E+00   3.56347125E+09   0.084175263     
  23               3.46736850E-03   3.45383364E-04   1852.59887879    5.22945532E-09   1.35034847E+15   2.21474920E+09   0.00000000E+00   3.53615729E+09   0.12876861      
  24               4.07380278E-03   3.90732935E-04   2061.36670003    5.10356002E-09   1.37293698E+15   2.21474906E+09   0.00000000E+00   3.50821828E+09   0.079608477     
  25               4.78630092E-03   4.41488361E-04   1920.55598920    6.40664367E-09   1.66501490E+15   2.21474889E+09   0.00000000E+00   3.48003574E+09   0.11275085      
  26               5.62341325E-03   4.98484852E-04   2129.11917678    6.19073203E-09   1.69581250E+15   2.21474875E+09   0.00000000E+00   3.45118735E+09   0.073690764     
  27               6.60693448E-03   5.57081612E-04   2146.59464618    6.83850057E-09   1.87972632E+15   2.20115919E+09   1.36042931E+07   3.42270792E+09   0.07272861      
  28               7.76247117E-03   6.24324425E-04   2164.92231660    7.57065071E-09   2.08878552E+15   2.18828315E+09   2.64885014E+07   3.39315440E+09   0.072197365     
  29               9.12010839E-03   7.01438568E-04   2183.56436837    8.40096374E-09   2.32674871E+15   2.17489678E+09   3.98848059E+07   3.36257609E+09   0.071747797     
  30               1.07151931E-02   7.89820591E-04   2202.93141817    9.33806500E-09   2.59688857E+15   2.16053451E+09   5.42563969E+07   3.33102005E+09   0.071313234     
  31               1.25892541E-02   8.91061157E-04   2222.48495888    1.03994341E-08   2.90398602E+15   2.14488857E+09   6.99113841E+07   3.29853133E+09   0.07091939      
  32               1.47910839E-02   1.00696942E-03   2242.68024613    1.15956219E-08   3.25218143E+15   2.12770297E+09   8.71066197E+07   3.26515222E+09   0.070503956     
  33               1.73780083E-02   1.13960211E-03   2262.94850698    1.29490479E-08   3.64757653E+15   2.10875402E+09   1.06073411E+08   3.23092304E+09   0.070177241     
  34               2.04173794E-02   1.29129121E-03   2283.82567825    1.44720105E-08   4.09531285E+15   2.08782299E+09   1.27022160E+08   3.19588145E+09   0.06991881      
  35               2.39883292E-02   1.46467658E-03   2304.72899617    1.61926895E-08   4.60307139E+15   2.06470007E+09   1.50163102E+08   3.16006351E+09   0.069753209     
  36               2.81838293E-02   1.66274108E-03   2326.23061970    1.81255024E-08   5.17723286E+15   2.03916577E+09   1.75714791E+08   3.12350275E+09   0.06961704      
  37               3.31131121E-02   1.88747050E-03   2347.58110217    2.02950474E-08   5.82351779E+15   2.01097327E+09   2.03924900E+08   3.08644800E+09   0.069525876     
  38               3.89045145E-02   2.14236771E-03   2369.40238504    2.27122117E-08   6.54909111E+15   1.97997927E+09   2.34935445E+08   3.04890289E+09   0.069416664     
  39               4.57088190E-02   2.43306474E-03   2391.15858909    2.54375075E-08   7.37006170E+15   1.94612155E+09   2.68837421E+08   3.01065692E+09   0.069348001     
  40               5.37031796E-02   2.76431340E-03   2413.49933240    2.84897845E-08   8.29594636E+15   1.90923847E+09   3.05766483E+08   2.97174475E+09   0.069330563     
  41               6.30957344E-02   3.14142703E-03   2435.74095763    3.19246640E-08   9.34160968E+15   1.86920858E+09   3.45839847E+08   2.93220112E+09   0.069390435     
  42               7.41310241E-02   3.57033445E-03   2458.56945552    3.57626487E-08   1.05184624E+16   1.82592230E+09   3.89164329E+08   2.89205915E+09   0.069480015     
  43               8.70963590E-02   4.05711374E-03   2481.23765103    4.00682093E-08   1.18433526E+16   1.77928678E+09   4.35825759E+08   2.85139335E+09   0.069611187     
  44               1.02329299E-01   4.60816101E-03   2504.42958760    4.48553643E-08   1.33273763E+16   1.72921263E+09   4.85930784E+08   2.81028835E+09   0.06973299      
  45               1.20226443E-01   5.23166972E-03   2527.39623250    5.02109919E-08   1.49931479E+16   1.67572670E+09   5.39501452E+08   2.76874059E+09   0.069869299     
  46               1.41253754E-01   5.93677938E-03   2550.90069568    5.61593962E-08   1.68571130E+16   1.61889928E+09   5.96440559E+08   2.72674934E+09   0.07003384      
  47               1.65958691E-01   6.73363057E-03   2574.17939339    6.28069016E-08   1.89468194E+16   1.55886878E+09   6.56572526E+08   2.68431927E+09   0.070256647     
  48               1.94984460E-01   7.63345201E-03   2598.02855366    7.01773196E-08   2.12815325E+16   1.49578667E+09   7.19740831E+08   2.64145783E+09   0.070507608     
  49               2.29086765E-01   8.64860684E-03   2621.64579202    7.84005634E-08   2.38945018E+16   1.42984945E+09   7.85754798E+08   2.59817801E+09   0.070797168     
  50               2.69153480E-01   9.79268706E-03   2645.84791129    8.74982680E-08   2.68079027E+16   1.36124953E+09   8.54179139E+08   2.55449531E+09   0.07118023      
  51               3.16227766E-01   1.10805216E-02   2669.85073098    9.76222522E-08   3.00606981E+16   1.28997718E+09   9.25279579E+08   2.51042998E+09   0.070287828     
  52               3.71535229E-01   1.25286434E-02   2693.54430279    1.08892404E-07   3.36903689E+16   1.21742059E+09   9.98190720E+08   2.46601375E+09   0.071046138     
  53               4.36515832E-01   1.41545889E-02   2718.14096289    1.21279408E-07   3.77182144E+16   1.14356946E+09   1.07216796E+09   2.42127073E+09   0.071855978     
  54               5.12861384E-01   1.59772506E-02   2742.41492698    1.35022171E-07   4.21982773E+16   1.06862480E+09   1.14725369E+09   2.37622847E+09   0.072697386     
  55               6.02559586E-01   1.80170172E-02   2767.58824780    1.50069321E-07   4.71527748E+16   9.92797909E+08   1.22324997E+09   2.33091324E+09   0.073514645     
  56               7.07945784E-01   2.02957232E-02   2792.37310783    1.66709764E-07   5.26449751E+16   9.16331040E+08   1.29991696E+09   2.28535442E+09   0.074186895     
  57               8.31763771E-01   2.28368911E-02   2817.93484404    1.84878145E-07   5.86991582E+16   8.39562184E+08   1.37687825E+09   2.23958005E+09   0.074615133     
  58               9.77237221E-01   2.56657485E-02   2842.89746428    2.04937236E-07   6.53910902E+16   7.63070278E+08   1.45365848E+09   2.19362131E+09   0.074754682     
  59               1.14815362E+00   2.88095880E-02   2868.42355284    2.26806937E-07   7.27477571E+16   6.87766714E+08   1.52903020E+09   2.14750727E+09   0.074745602     
  60               1.34896288E+00   3.22977180E-02   2893.21194120    2.50912228E-07   8.08569637E+16   6.14820502E+08   1.60188166E+09   2.10126782E+09   0.074790474     
  61               1.58489319E+00   3.61617136E-02   2918.59059906    2.77109534E-07   8.97432229E+16   5.45411508E+08   1.67109239E+09   2.05492738E+09   0.074958591     
  62               1.86208714E+00   4.04353412E-02   2943.28485561    3.05890226E-07   9.95072345E+16   4.80692362E+08   1.73556923E+09   2.00850831E+09   0.075314953     
  63               2.18776162E+00   4.51549017E-02   2968.69310570    3.37040916E-07   1.10170530E+17   4.21619115E+08   1.79438681E+09   1.96202607E+09   0.075862863     
  64               2.57039578E+00   5.03591651E-02   2993.52125590    3.71134205E-07   1.21849013E+17   3.68848691E+08   1.84695718E+09   1.91549313E+09   0.076578833     
  65               3.01995172E+00   5.60898049E-02   3019.17799578    4.07886109E-07   1.34561572E+17   3.22643440E+08   1.89307029E+09   1.86891546E+09   0.077418205     
  66               3.54813389E+00   6.23899727E-02   3044.31145382    4.47967691E-07   1.48440208E+17   2.82745136E+08   1.93292105E+09   1.82230671E+09   0.078256534     
  67               4.16869383E+00   6.93060431E-02   3070.27029584    4.91035448E-07   1.63500970E+17   2.48675971E+08   1.96694477E+09   1.77567414E+09   0.079041343     
  68               4.89778819E+00   7.68885000E-02   3095.65291171    5.37904858E-07   1.79901576E+17   2.19675363E+08   1.99589619E+09   1.72901798E+09   0.079731809     
  69               5.75439937E+00   8.51929594E-02   3121.81600957    5.88176419E-07   1.97661570E+17   1.95005570E+08   2.02050602E+09   1.68232899E+09   0.08032274      
  70               6.76082975E+00   9.42804206E-02   3147.34081473    6.42837585E-07   2.16971943E+17   1.73781670E+08   2.04165680E+09   1.63559358E+09   0.080801038     
  71               7.94328235E+00   1.04218441E-01   3173.60773169    7.01425366E-07   2.37857673E+17   1.55470536E+08   2.05990237E+09   1.58879123E+09   0.081206693     
  72               9.33254301E+00   1.15081292E-01   3199.20663047    7.65114582E-07   2.60548319E+17   1.39405383E+08   2.07590827E+09   1.54189938E+09   0.081565763     
  73               1.09647820E+01   1.26951153E-01   3225.56200200    8.33353351E-07   2.85073661E+17   1.25428266E+08   2.08981404E+09   1.49489087E+09   0.081985837     
  74               1.28824955E+01   1.39917940E-01   3251.31114210    9.07490225E-07   3.11702804E+17   1.13046724E+08   2.10212321E+09   1.44773846E+09   0.082514807     
  75               1.51356125E+01   1.54080503E-01   3277.93278551    9.86838574E-07   3.40465791E+17   1.02242409E+08   2.11285968E+09   1.40041175E+09   0.083182975     
  76               1.77827941E+01   1.69546614E-01   3304.06013690    1.07295943E-06   3.71678138E+17   9.25250832E+07   2.12251719E+09   1.35288113E+09   0.083964516     
  77               2.08929613E+01   1.86434741E-01   3331.17899278    1.16503869E-06   4.05372901E+17   8.39742114E+07   2.13101816E+09   1.30511409E+09   0.084859306     
  78               2.45470892E+01   2.04874227E-01   3357.89963493    1.26489638E-06   4.41921830E+17   7.61196509E+07   2.13883720E+09   1.25707901E+09   0.085767779     
  79               2.88403150E+01   2.25007961E-01   3385.66934200    1.37163278E-06   4.81370180E+17   6.90921401E+07   2.14584618E+09   1.20874121E+09   0.086652608     
  80               3.38844156E+01   2.46992947E-01   3413.05282531    1.48741593E-06   5.24164231E+17   6.25092673E+07   2.15241681E+09   1.16006702E+09   0.087426466     
  81               3.98107171E+01   2.71003597E-01   3441.46700176    1.61128283E-06   5.70370801E+17   5.65659495E+07   2.15834784E+09   1.11102019E+09   0.088118438     
  82               4.67735141E+01   2.97232106E-01   3469.47286766    1.74577946E-06   6.20523255E+17   5.09967441E+07   2.16390355E+09   1.06156626E+09   0.088732288     
  83               5.49540874E+01   3.25891810E-01   3498.51392351    1.88981557E-06   6.74707719E+17   4.60032252E+07   2.16888046E+09   1.01166904E+09   0.089329186     
  84               6.45654229E+01   3.57217352E-01   3527.16658188    2.04633318E-06   7.33554549E+17   4.13593360E+07   2.17350461E+09   9.61294800E+08   0.089928416     
  85               7.58577575E+01   3.91468544E-01   3556.91032311    2.21406844E-06   7.97167884E+17   3.72508162E+07   2.17759247E+09   9.10408472E+08   0.090620996     
  86               8.91250938E+01   4.28930347E-01   3586.35629114    2.39635426E-06   8.66281780E+17   3.34523571E+07   2.18137723E+09   8.58977408E+08   0.091364015     
  87               1.04712855E+02   4.69917959E-01   3616.97994209    2.59177567E-06   9.41026346E+17   3.01183621E+07   2.18469776E+09   8.06967309E+08   0.092248452     
  88               1.23026877E+02   5.14776907E-01   3647.42866769    2.80408367E-06   1.02225228E+18   2.70523303E+07   2.18775209E+09   7.54345830E+08   0.093250974     
  89               1.44543977E+02   5.63888851E-01   3679.18772610    3.03165222E-06   1.11011354E+18   2.43621020E+07   2.19043239E+09   7.01078413E+08   0.094396773     
  90               1.69824365E+02   6.17672559E-01   3710.89902763    3.27877077E-06   1.20560491E+18   2.18663595E+07   2.19292056E+09   6.47131797E+08   0.095589046     
  91               1.99526231E+02   6.76591382E-01   3744.00930853    3.54370147E-06   1.30892687E+18   1.96570600E+07   2.19512438E+09   5.92470462E+08   0.096822754     
  92               2.34422882E+02   7.41154829E-01   3777.13410157    3.83142730E-06   1.42125622E+18   1.75856400E+07   2.19719384E+09   5.37060598E+08   0.097959924     
  93               2.75422870E+02   8.11927225E-01   3811.65090507    4.14023549E-06   1.54287174E+18   1.57277806E+07   2.19905186E+09   4.80867657E+08   0.098949459     
  94               3.23593657E+02   8.89529886E-01   3846.11295703    4.47606969E-06   1.67519107E+18   1.39917021E+07   2.20078736E+09   4.23861064E+08   0.099783122     
  95               3.80189396E+02   9.74649039E-01   3881.91321895    4.83709062E-06   1.81856269E+18   1.24612667E+07   2.20231482E+09   3.66011859E+08   0.10059246      
  96               4.46683592E+02   1.06803640E+00   3917.66719268    5.22994383E-06   1.97462373E+18   1.10632767E+07   2.20370690E+09   3.07295812E+08   0.10145132      
  97               5.24807460E+02   1.17051648E+00   3954.84276767    5.65236171E-06   2.14375006E+18   9.85456810E+06   2.20490623E+09   2.47690278E+08   0.1025109       
  98               6.16595002E+02   1.28298773E+00   3992.13675997    6.11155366E-06   2.32778536E+18   8.76611558E+06   2.20598252E+09   1.87175659E+08   0.10379271      
  99               7.24435960E+02   1.40642963E+00   4031.05990788    6.60472012E-06   2.52711262E+18   7.82602748E+06   2.20691300E+09   1.25732908E+08   0.10530871      
  100              8.51138038E+02   1.54190501E+00   4070.29276788    7.13993393E-06   2.74383385E+18   6.97152489E+06   2.20776235E+09   6.33455887E+07   0.10694948      
  101              1.00000000E+03   1.69056541E+00   4111.29190838    7.71414070E-06   2.97837587E+18   6.63394808E+06   2.20809847E+09   0.00000000E+00   0.10873965      
