# ATMO pressure-temperature profile
# Effective temperature = 450.0K
# log(g) = 3.0cm/s^2
# M/H = 0.0
# Optical depth grid in band 17 (1.20-1.33microns)
# All parameters in cgs units
#
# Model Level      Optical Depth    Pressure         Temperature      Density          Number Density   Rad Flux         Conv Flux        Radial Extension Adiabatic Gradient
#                                   [Ba]             [K]              [g/cm^3]         [/cm^3]          [ergs/s/cm^2/sr] [ergs/s/cm^2/sr] [cm]             [K/Ba]          
  1                1.00000000E-04   1.00000000E-05   65.67947228      4.29127041E-09   1.10279855E+15   2.32484935E+06   0.00000000E+00   2.96477551E+08   0.34612403      
  2                1.17489755E-04   8.62443393E-05   81.83283851      2.97042451E-08   7.63358988E+15   2.32484935E+06   0.00000000E+00   2.89724416E+08   0.34616433      
  3                1.38038426E-04   1.67841847E-04   95.63610509      4.94642102E-08   1.27117168E+16   2.32484935E+06   0.00000000E+00   2.87595679E+08   0.31479358      
  4                1.62181010E-04   2.50926405E-04   104.25022466     6.78350783E-08   1.74339263E+16   2.32484935E+06   0.00000000E+00   2.86161344E+08   0.31481156      
  5                1.90546072E-04   2.97585129E-04   112.71388803     7.44685028E-08   1.91231589E+16   2.32484935E+06   0.00000000E+00   2.85504717E+08   0.31929534      
  6                2.23872114E-04   3.18915467E-04   118.22639017     7.60851641E-08   1.95383098E+16   2.32484935E+06   0.00000000E+00   2.85221342E+08   0.32056035      
  7                2.63026799E-04   3.43775405E-04   123.80024349     7.83235084E-08   2.01131060E+16   2.32484935E+06   0.00000000E+00   2.84899307E+08   0.32325357      
  8                3.09029543E-04   3.72795835E-04   127.63056810     8.23863341E-08   2.11564204E+16   2.32484935E+06   0.00000000E+00   2.84538038E+08   0.32366654      
  9                3.63078055E-04   4.06707996E-04   132.13273172     8.68182708E-08   2.22945205E+16   2.32484935E+06   0.00000000E+00   2.84137059E+08   0.32502242      
  10               4.26579519E-04   4.46363478E-04   135.35797464     9.30129961E-08   2.38852969E+16   2.32484935E+06   0.00000000E+00   2.83695767E+08   0.32513352      
  11               5.01187234E-04   4.92755193E-04   139.50833672     9.96253631E-08   2.55833192E+16   2.32484935E+06   0.00000000E+00   2.83213837E+08   0.32573421      
  12               5.88843655E-04   5.47037988E-04   142.60289153     1.08200182E-07   2.77852939E+16   2.32484935E+06   0.00000000E+00   2.82691004E+08   0.32567759      
  13               6.91830971E-04   6.10560866E-04   146.72805824     1.17369394E-07   3.01398880E+16   2.32484932E+06   0.00000000E+00   2.82127316E+08   0.32480197      
  14               8.12830516E-04   6.84900758E-04   149.74163395     1.29010189E-07   3.31291977E+16   2.32484940E+06   0.00000000E+00   2.81523183E+08   0.32574022      
  15               9.54992586E-04   7.71898723E-04   153.97104275     1.41403855E-07   3.63117442E+16   2.32484937E+06   0.00000000E+00   2.80879063E+08   0.32591714      
  16               1.12201845E-03   8.73720376E-04   156.70414327     1.57264774E-07   4.03847896E+16   2.32484948E+06   0.00000000E+00   2.80196263E+08   0.32421739      
  17               1.31825674E-03   9.92892740E-04   160.92865759     1.74025279E-07   4.46883980E+16   2.32484954E+06   0.00000000E+00   2.79475895E+08   0.32522043      
  18               1.54881662E-03   1.13236658E-03   163.57274239     1.95262118E-07   5.01420340E+16   2.32484968E+06   0.00000000E+00   2.78719275E+08   0.32242102      
  19               1.81970086E-03   1.29557637E-03   167.80884361     2.17771820E-07   5.59208819E+16   2.32484995E+06   0.00000000E+00   2.77927799E+08   0.32298058      
  20               2.13796209E-03   1.48653458E-03   170.12353913     2.46467631E-07   6.32901970E+16   2.32485027E+06   0.00000000E+00   2.77103551E+08   0.32195186      
  21               2.51188643E-03   1.70987502E-03   174.45480042     2.76479780E-07   7.09916520E+16   2.32485086E+06   0.00000000E+00   2.76247973E+08   0.32198088      
  22               2.95120923E-03   1.97091085E-03   176.79833172     3.14454903E-07   8.07448176E+16   2.32485166E+06   0.00000000E+00   2.75362675E+08   0.32065372      
  23               3.46736850E-03   2.27563474E-03   181.25751196     3.54218904E-07   9.09352740E+16   2.32485244E+06   0.00000000E+00   2.74449605E+08   0.32061747      
  24               4.07380278E-03   2.63052093E-03   184.04038110     4.03227542E-07   1.03527202E+17   2.32485345E+06   0.00000000E+00   2.73510578E+08   0.31908455      
  25               4.78630092E-03   3.04193169E-03   189.18768253     4.53957217E-07   1.16461516E+17   2.32485309E+06   0.00000000E+00   2.72548873E+08   0.3189584       
  26               5.62341325E-03   3.51536054E-03   192.64063553     5.14876912E-07   1.32174541E+17   2.32485034E+06   0.00000000E+00   2.71569618E+08   0.31727136      
  27               6.60693448E-03   4.04719810E-03   197.85624992     5.79971399E-07   1.48159850E+17   2.32483349E+06   0.00000000E+00   2.70595424E+08   0.31695669      
  28               7.76247117E-03   4.62012650E-03   203.37768994     6.44098733E-07   1.64541858E+17   2.32478901E+06   0.00000000E+00   2.69658033E+08   0.31464425      
  29               9.12010839E-03   5.27258293E-03   214.16762509     6.98025820E-07   1.78318104E+17   2.32482325E+06   0.00000000E+00   2.68684973E+08   0.31439443      
  30               1.07151931E-02   6.02995327E-03   220.53511859     7.75243400E-07   1.98044155E+17   2.32484033E+06   0.00000000E+00   2.67655409E+08   0.31161618      
  31               1.25892541E-02   6.90963238E-03   230.44799094     8.50127184E-07   2.17174012E+17   2.32485325E+06   0.00000000E+00   2.66571823E+08   0.31141861      
  32               1.47910839E-02   7.93146513E-03   236.39972201     9.51279957E-07   2.43014561E+17   2.32486240E+06   0.00000000E+00   2.65435547E+08   0.30915146      
  33               1.73780083E-02   9.11878051E-03   245.88216607     1.05150567E-06   2.68618285E+17   2.32486920E+06   0.00000000E+00   2.64248396E+08   0.3089855       
  34               2.04173794E-02   1.04981897E-02   251.81360224     1.18205346E-06   3.01968102E+17   2.32487427E+06   0.00000000E+00   2.63011114E+08   0.30708808      
  35               2.39883292E-02   1.21004901E-02   261.47104373     1.31214324E-06   3.35200918E+17   2.32487809E+06   0.00000000E+00   2.61724540E+08   0.30697052      
  36               2.81838293E-02   1.39610638E-02   267.86122446     1.47778260E-06   3.77515250E+17   2.32488097E+06   0.00000000E+00   2.60388403E+08   0.30546749      
  37               3.31131121E-02   1.61210218E-02   278.03821925     1.64395511E-06   4.19965782E+17   2.32488317E+06   0.00000000E+00   2.59002620E+08   0.30526272      
  38               3.89045145E-02   1.86271800E-02   285.19731759     1.85184044E-06   4.73072294E+17   2.32488485E+06   0.00000000E+00   2.57566266E+08   0.30397886      
  39               4.57088190E-02   2.15336654E-02   296.28292092     2.06069269E-06   5.26425820E+17   2.32488614E+06   0.00000000E+00   2.56078414E+08   0.3037284       
  40               5.37031796E-02   2.49020328E-02   304.61382841     2.31785932E-06   5.92121765E+17   2.32488710E+06   0.00000000E+00   2.54537177E+08   0.3027212       
  41               6.30957344E-02   2.88034987E-02   317.05394853     2.57581085E-06   6.58018218E+17   2.32488782E+06   0.00000000E+00   2.52940462E+08   0.30249285      
  42               7.41310241E-02   3.33188830E-02   327.05316804     2.88851058E-06   7.37900685E+17   2.32488833E+06   0.00000000E+00   2.51285071E+08   0.30174754      
  43               8.70963590E-02   3.85397628E-02   341.77386557     3.19721672E-06   8.16762944E+17   2.32488863E+06   0.00000000E+00   2.49567081E+08   0.3014987       
  44               1.02329299E-01   4.45638346E-02   356.35473830     3.54569960E-06   9.05786525E+17   2.31937903E+06   5.38630948E+03   2.47777904E+08   0.30084962      
  45               1.20226443E-01   5.15122863E-02   372.94671712     3.91620849E-06   1.00043730E+18   2.30656089E+06   1.81644059E+04   2.45913225E+08   0.30066653      
  46               1.41253754E-01   5.95271094E-02   388.76459894     4.34142365E-06   1.10905714E+18   2.28540089E+06   3.93104274E+04   2.43969449E+08   0.30024415      
  47               1.65958691E-01   6.87745931E-02   406.75568858     4.79400343E-06   1.22467326E+18   2.25395285E+06   7.07429481E+04   2.41942427E+08   0.30012249      
  48               1.94984460E-01   7.94523443E-02   423.95623111     5.31360595E-06   1.35741153E+18   2.21147164E+06   1.13227796E+05   2.39826814E+08   0.29985677      
  49               2.29086765E-01   9.18213560E-02   443.58009294     5.86914153E-06   1.49933091E+18   2.15873735E+06   1.65956725E+05   2.37611917E+08   0.29980376      
  50               2.69153480E-01   1.06238085E-01   462.54104426     6.51225269E-06   1.66362638E+18   2.09950803E+06   2.25200906E+05   2.35279991E+08   0.29964961      
  51               3.16227766E-01   1.23262188E-01   484.50165773     7.21382774E-06   1.84272465E+18   2.04098497E+06   2.83727235E+05   2.32796128E+08   0.29958352      
  52               3.71535229E-01   1.43720600E-01   506.37188081     8.04778378E-06   2.05577358E+18   1.98958672E+06   3.35150011E+05   2.30111074E+08   0.29937023      
  53               4.36515832E-01   1.68908832E-01   532.42477582     8.99527345E-06   2.29784083E+18   1.94841389E+06   3.76332215E+05   2.27150637E+08   0.29929694      
  54               5.12861384E-01   2.00527845E-01   559.45738134     1.01629814E-05   2.59617234E+18   1.91822684E+06   4.06544578E+05   2.23843641E+08   0.29906479      
  55               6.02559586E-01   2.40594929E-01   591.84392305     1.15261817E-05   2.94445632E+18   1.89232333E+06   4.32452834E+05   2.20141630E+08   0.29891964      
  56               7.07945784E-01   2.90856548E-01   625.23896967     1.31896559E-05   3.36944713E+18   1.85752685E+06   4.67262949E+05   2.16065208E+08   0.29851165      
  57               8.31763771E-01   3.52534505E-01   663.34111926     1.50681792E-05   3.84937792E+18   1.80024729E+06   5.24529013E+05   2.11690142E+08   0.29830425      
  58               9.77237221E-01   4.26339158E-01   700.79226810     1.72488072E-05   4.40647957E+18   1.71568464E+06   6.09088779E+05   2.07112153E+08   0.29763587      
  59               1.14815362E+00   5.12534498E-01   741.49970320     1.95976236E-05   5.00654311E+18   1.61055765E+06   7.14199457E+05   2.02423983E+08   0.29724469      
  60               1.34896288E+00   6.11229198E-01   780.00000624     2.22178597E-05   5.67590772E+18   1.50491343E+06   8.19853464E+05   1.97694191E+08   0.29625503      
  61               1.58489319E+00   7.23028810E-01   821.07470659     2.49670463E-05   6.37820933E+18   1.42212978E+06   9.02626464E+05   1.92947331E+08   0.29581874      
  62               1.86208714E+00   8.48790763E-01   859.56502031     2.79972501E-05   7.15233340E+18   1.37131708E+06   9.53452043E+05   1.88190603E+08   0.29453857      
  63               2.18776162E+00   9.89467169E-01   900.56182471     3.11516342E-05   7.95817885E+18   1.35599293E+06   9.68771083E+05   1.83427128E+08   0.29402355      
  64               2.57039578E+00   1.14615261E+00   938.92897754     3.46101235E-05   8.84169531E+18   1.36934009E+06   9.55448989E+05   1.78655266E+08   0.29241116      
  65               3.01995172E+00   1.32065741E+00   979.89491276     3.82133457E-05   9.76194846E+18   1.41455857E+06   9.10233253E+05   1.73856800E+08   0.29187046      
  66               3.54813389E+00   1.51563007E+00   1018.71380600    4.21831509E-05   1.07762302E+19   1.48687605E+06   8.37943418E+05   1.69000559E+08   0.29001246      
  67               4.16869383E+00   1.73494998E+00   1060.58545228    4.63795450E-05   1.18486026E+19   1.59338420E+06   7.31449810E+05   1.64042034E+08   0.28944202      
  68               4.89778819E+00   1.98428955E+00   1101.33853533    5.10798052E-05   1.30499861E+19   1.73547247E+06   5.89396298E+05   1.58919168E+08   0.28723638      
  69               5.75439937E+00   2.27269405E+00   1146.10835067    5.62143326E-05   1.43628670E+19   1.92668523E+06   3.98219877E+05   1.53536846E+08   0.28657195      
  70               6.76082975E+00   2.61355417E+00   1191.79813008    6.21609351E-05   1.58838086E+19   2.16391628E+06   1.61010101E+05   1.47770353E+08   0.28399827      
  71               7.94328235E+00   3.02658972E+00   1243.25087611    6.89967071E-05   1.76327731E+19   2.32487028E+06   0.00000000E+00   1.41463149E+08   0.28317723      
  72               9.33254301E+00   3.53187928E+00   1290.45390521    7.75624463E-05   1.98239044E+19   2.32487227E+06   0.00000000E+00   1.34555765E+08   0.2802229       
  73               1.09647820E+01   4.14386628E+00   1335.49671207    8.79254919E-05   2.24744333E+19   2.32487374E+06   0.00000000E+00   1.27144930E+08   0.2791225       
  74               1.28824955E+01   4.87566369E+00   1380.59022361    1.00066941E-04   2.55796612E+19   2.32487550E+06   0.00000000E+00   1.19343146E+08   0.27561354      
  75               1.51356125E+01   5.73917615E+00   1425.82253301    1.14046331E-04   2.91547902E+19   2.32487716E+06   0.00000000E+00   1.11259881E+08   0.27418512      
  76               1.77827941E+01   6.74491355E+00   1472.52872586    1.29774522E-04   3.31771023E+19   2.32487885E+06   0.00000000E+00   1.02992789E+08   0.27274571      
  77               2.08929613E+01   7.89916463E+00   1520.33755998    1.47199725E-04   3.76328388E+19   2.32488017E+06   0.00000000E+00   9.46414518E+07   0.27106668      
  78               2.45470892E+01   9.20433006E+00   1570.11277987    1.66082900E-04   4.24607025E+19   2.32488126E+06   0.00000000E+00   8.62939861E+07   0.26954487      
  79               2.88403150E+01   1.06345061E+01   1621.12330247    1.85932088E-04   4.75146041E+19   2.32488266E+06   0.00000000E+00   7.81546701E+07   0.2677988       
  80               3.38844156E+01   1.21534279E+01   1674.17862772    2.05753968E-04   5.25802728E+19   2.32488429E+06   0.00000000E+00   7.03888547E+07   0.26612402      
  81               3.98107171E+01   1.37108881E+01   1728.30951779    2.24883080E-04   5.74605668E+19   2.17142227E+06   1.53095363E+05   6.31482820E+07   0.2641715       
  82               4.67735141E+01   1.52037399E+01   1776.20437663    2.42735665E-04   6.19988075E+19   1.84156013E+06   4.82619747E+05   5.67585285E+07   0.26264804      
  83               5.49540874E+01   1.65093583E+01   1814.71308780    2.58179455E-04   6.58943324E+19   1.49468721E+06   8.29365431E+05   5.15428348E+07   0.26118191      
  84               6.45654229E+01   1.75418258E+01   1843.82095206    2.70157666E-04   6.89099424E+19   1.28726925E+06   1.03710413E+06   4.76333872E+07   0.26005313      
  85               7.58577575E+01   1.86663001E+01   1873.59684208    2.82901655E-04   7.21618964E+19   1.22076178E+06   1.10407450E+06   4.35659260E+07   0.2588174       
  86               8.91250938E+01   1.99007668E+01   1905.02508305    2.96624713E-04   7.56649851E+19   1.09060764E+06   1.23485476E+06   3.93044679E+07   0.25792269      
  87               1.04712855E+02   2.08801192E+01   1928.54824251    3.07523948E-04   7.84202649E+19   9.00161707E+05   1.42650242E+06   3.60616898E+07   0.25685608      
  88               1.23026877E+02   2.16039732E+01   1945.63424722    3.15386565E-04   8.04263331E+19   7.97578747E+05   1.53050533E+06   3.37374012E+07   0.2561054       
  89               1.44543977E+02   2.24189892E+01   1963.99263490    3.24220484E-04   8.26802940E+19   7.66956543E+05   1.56214666E+06   3.11886679E+07   0.25510863      
  90               1.69824365E+02   2.33332059E+01   1984.23116626    3.33994056E-04   8.51741849E+19   7.36484181E+05   1.59373541E+06   2.84104923E+07   0.25448164      
  91               1.99526231E+02   2.43546176E+01   2005.82201849    3.44855147E-04   8.79457303E+19   7.02516890E+05   1.62891914E+06   2.54008614E+07   0.25379137      
  92               2.34422882E+02   2.54909398E+01   2029.27447667    3.56752554E-04   9.09852292E+19   6.25970218E+05   1.70492742E+06   2.21611988E+07   0.25351367      
  93               2.75422870E+02   2.63396134E+01   2046.06303782    3.65905895E-04   9.32429974E+19   5.20358234E+05   1.80663558E+06   1.98120110E+07   0.25292071      
  94               3.23593657E+02   2.69614851E+01   2058.26575845    3.72318852E-04   9.48785853E+19   4.67332366E+05   1.85660901E+06   1.81271712E+07   0.25251642      
  95               3.80189396E+02   2.76700357E+01   2071.68138037    3.79623292E-04   9.67414507E+19   4.51499267E+05   1.87234637E+06   1.62424939E+07   0.25179038      
  96               4.46683592E+02   2.84746071E+01   2086.75955428    3.87831183E-04   9.88350917E+19   4.36993189E+05   1.88679219E+06   1.41456460E+07   0.25120227      
  97               5.24807460E+02   2.93879164E+01   2103.26602218    3.97120121E-04   1.01204641E+20   4.21899547E+05   1.90188049E+06   1.18184356E+07   0.25033742      
  98               6.16595002E+02   3.04214723E+01   2121.59630107    4.07523612E-04   1.03858804E+20   4.06757183E+05   1.91701745E+06   9.24924237E+06   0.24952871      
  99               7.24435960E+02   3.15874857E+01   2141.48987707    4.19199113E-04   1.06837784E+20   3.90361666E+05   1.93340866E+06   6.42815094E+06   0.2485356       
  100              8.51138038E+02   3.28989182E+01   2163.28298437    4.32188324E-04   1.10152440E+20   3.73899919E+05   1.94986630E+06   3.34709586E+06   0.24761479      
  101              1.00000000E+03   3.43694912E+01   2186.71976271    4.46646929E-04   1.13842864E+20   3.64296730E+05   1.95944843E+06   0.00000000E+00   0.24641466      
