# ATMO pressure-temperature profile
# Effective temperature = 700.0K
# log(g) = 5.5cm/s^2
# M/H = 0.0
# Optical depth grid in band 17 (1.20-1.33microns)
# All parameters in cgs units
#
# Model Level      Optical Depth    Pressure         Temperature      Density          Number Density   Rad Flux         Conv Flux        Radial Extension Adiabatic Gradient
#                                   [Ba]             [K]              [g/cm^3]         [/cm^3]          [ergs/s/cm^2/sr] [ergs/s/cm^2/sr] [cm]             [K/Ba]          
  1                8.00000000E-07   1.00000000E-05   144.60765188     1.95050939E-09   5.00881009E+14   1.36132606E+07   0.00000000E+00   1.38324025E+06   0.32431184      
  2                9.86413681E-07   4.61929327E-05   159.60448926     8.16386681E-09   2.09631370E+15   1.36132606E+07   0.00000000E+00   1.35455837E+06   0.32763814      
  3                1.21626494E-06   9.04034314E-05   160.31364831     1.59089764E-08   4.08451276E+15   1.36132606E+07   0.00000000E+00   1.34228960E+06   0.31392482      
  4                1.49967547E-06   1.44369284E-04   167.73698982     2.42829726E-08   6.23407176E+15   1.36132606E+07   0.00000000E+00   1.33360683E+06   0.32095437      
  5                1.84912550E-06   2.10185288E-04   171.13258299     3.46620012E-08   8.89601382E+15   1.36132606E+07   0.00000000E+00   1.32643255E+06   0.31304204      
  6                2.28000336E-06   2.90236962E-04   175.09871302     4.67885220E-08   1.20059244E+16   1.36132606E+07   0.00000000E+00   1.32014620E+06   0.31903318      
  7                2.81128314E-06   3.86828986E-04   178.30229293     6.12975494E-08   1.57140424E+16   1.36132606E+07   0.00000000E+00   1.31444167E+06   0.31135146      
  8                3.46636019E-06   5.01682485E-04   184.07106249     7.70789042E-08   1.97410051E+16   1.36132604E+07   0.00000000E+00   1.30915693E+06   0.31626015      
  9                4.27408139E-06   6.38289650E-04   186.98430620     9.66338000E-08   2.47251244E+16   1.36132605E+07   0.00000000E+00   1.30415070E+06   0.30994567      
  10               5.27001545E-06   8.01105736E-04   193.61365084     1.17216649E-07   2.99695145E+16   1.36132607E+07   0.00000000E+00   1.29931240E+06   0.31384215      
  11               6.49801917E-06   9.95826893E-04   197.93701274     1.42645748E-07   3.64403617E+16   1.36132608E+07   0.00000000E+00   1.29454981E+06   0.30865728      
  12               8.01216876E-06   1.23050154E-03   205.11426865     1.70093720E-07   4.34522357E+16   1.36132606E+07   0.00000000E+00   1.28978558E+06   0.31193198      
  13               9.87914110E-06   1.51756875E-03   209.08599295     2.05790549E-07   5.25713675E+16   1.36132606E+07   0.00000000E+00   1.28493352E+06   0.30746851      
  14               1.21811499E-05   1.86886462E-03   215.72536009     2.45628430E-07   6.27483745E+16   1.36132606E+07   0.00000000E+00   1.27999245E+06   0.31035403      
  15               1.50195662E-05   2.29876942E-03   219.45002959     2.97003631E-07   7.58727118E+16   1.36132606E+07   0.00000000E+00   1.27495915E+06   0.30631562      
  16               1.85193820E-05   2.82483702E-03   225.94414211     3.54482094E-07   9.05561916E+16   1.36132606E+07   0.00000000E+00   1.26983215E+06   0.30903014      
  17               2.28347147E-05   3.46846713E-03   229.62614838     4.28270573E-07   1.09406237E+17   1.36132606E+07   0.00000000E+00   1.26460843E+06   0.30536341      
  18               2.81555937E-05   4.25582862E-03   236.23436237     5.10790785E-07   1.30486896E+17   1.36132606E+07   0.00000000E+00   1.25928498E+06   0.30787806      
  19               3.47163285E-05   5.21867097E-03   240.10756210     6.16248776E-07   1.57427253E+17   1.36132606E+07   0.00000000E+00   1.25385803E+06   0.3045391       
  20               4.28058268E-05   6.39555289E-03   247.06191995     7.33963182E-07   1.87498640E+17   1.36132606E+07   0.00000000E+00   1.24832430E+06   0.30680187      
  21               5.27803164E-05   7.83350247E-03   251.34413672     8.83668183E-07   2.25742363E+17   1.36132607E+07   0.00000000E+00   1.24267803E+06   0.30376486      
  22               6.50790328E-05   9.58968155E-03   258.72906186     1.05089896E-06   2.68463230E+17   1.36132605E+07   0.00000000E+00   1.23691509E+06   0.30576359      
  23               8.02435604E-05   1.17330835E-02   263.43038863     1.26283985E-06   3.22605767E+17   1.36132607E+07   0.00000000E+00   1.23103141E+06   0.30304808      
  24               9.89416822E-05   1.43476686E-02   271.22882230     1.49984884E-06   3.83152214E+17   1.36132604E+07   0.00000000E+00   1.22502376E+06   0.30478083      
  25               1.21996786E-04   1.75355617E-02   276.31110345     1.79938185E-06   4.59671083E+17   1.36132608E+07   0.00000000E+00   1.21888729E+06   0.30239701      
  26               1.50424124E-04   2.14204782E-02   284.46488243     2.13502268E-06   5.45414075E+17   1.36132603E+07   0.00000000E+00   1.21261944E+06   0.30380517      
  27               1.85475517E-04   2.61517711E-02   289.86073682     2.55807755E-06   6.53487905E+17   1.36132610E+07   0.00000000E+00   1.20621735E+06   0.30186593      
  28               2.28694484E-04   3.19114870E-02   298.38240533     3.03232553E-06   7.74639557E+17   1.36132601E+07   0.00000000E+00   1.19967767E+06   0.30308783      
  29               2.81984210E-04   3.89198809E-02   304.16660272     3.62795564E-06   9.26799552E+17   1.36132612E+07   0.00000000E+00   1.19299578E+06   0.30131827      
  30               3.47691354E-04   4.74431213E-02   313.20290051     4.29486454E-06   1.09716847E+18   1.36132598E+07   0.00000000E+00   1.18616769E+06   0.30231998      
  31               4.28709385E-04   5.78018391E-02   319.53062129     5.12898190E-06   1.31025255E+18   1.36132617E+07   0.00000000E+00   1.17918833E+06   0.3009104       
  32               5.28606003E-04   7.03845101E-02   329.24694891     6.06118204E-06   1.54839291E+18   1.36132591E+07   0.00000000E+00   1.17205194E+06   0.30171341      
  33               6.51780242E-04   8.56610390E-02   336.27485939     7.22255629E-06   1.84507820E+18   1.36132626E+07   0.00000000E+00   1.16475064E+06   0.30054554      
  34               8.03656185E-04   1.04201034E-01   346.78349332     8.51952946E-06   2.17640367E+18   1.36132580E+07   0.00000000E+00   1.15727658E+06   0.30112379      
  35               9.90921819E-04   1.26692742E-01   354.59836796     1.01301770E-05   2.58786040E+18   1.36132636E+07   0.00000000E+00   1.14962051E+06   0.30019631      
  36               1.22182355E-03   1.53971335E-01   366.04370580     1.19263894E-05   3.04672159E+18   1.36132568E+07   0.00000000E+00   1.14177251E+06   0.30060453      
  37               1.50652933E-03   1.87046082E-01   374.91411888     1.41455195E-05   3.61362148E+18   1.36132652E+07   0.00000000E+00   1.13371997E+06   0.29993211      
  38               1.85757643E-03   2.27134915E-01   387.70917364     1.66103926E-05   4.24329926E+18   1.36132548E+07   0.00000000E+00   1.12544962E+06   0.30021463      
  39               2.29042351E-03   2.75691482E-01   398.15969937     1.96321850E-05   5.01524194E+18   1.36132674E+07   0.00000000E+00   1.11694658E+06   0.29974937      
  40               2.82413135E-03   3.34463929E-01   412.73080516     2.29765846E-05   5.86959642E+18   1.36132522E+07   0.00000000E+00   1.10819580E+06   0.29992956      
  41               3.48220225E-03   4.05547752E-01   425.12931820     2.70473363E-05   6.90950256E+18   1.36132699E+07   0.00000000E+00   1.09917872E+06   0.29953152      
  42               4.29361493E-03   4.91484521E-01   441.93819042     3.15320865E-05   8.05515963E+18   1.36132493E+07   0.00000000E+00   1.08987320E+06   0.29966926      
  43               5.29410063E-03   5.95303395E-01   457.08073990     3.69276549E-05   9.43346576E+18   1.36132712E+07   0.00000000E+00   1.08025210E+06   0.29932768      
  44               6.52771662E-03   7.20652789E-01   476.90157931     4.28459690E-05   1.09451861E+19   1.36132508E+07   0.00000000E+00   1.07028674E+06   0.29942787      
  45               8.04878622E-03   8.71915346E-01   495.17341006     4.99270565E-05   1.27538952E+19   1.36132713E+07   0.00000000E+00   1.05994459E+06   0.29897805      
  46               9.92429106E-03   1.05446501E+00   518.35100036     5.76810728E-05   1.47344549E+19   1.36132522E+07   0.00000000E+00   1.04918741E+06   0.29909619      
  47               1.22368206E-02   1.27498287E+00   540.33018534     6.69076515E-05   1.70911372E+19   1.36132721E+07   0.00000000E+00   1.03796228E+06   0.29850192      
  48               1.50882091E-02   1.54190477E+00   567.33071283     7.70648002E-05   1.96855292E+19   1.36132534E+07   0.00000000E+00   1.02620734E+06   0.2986263       
  49               1.86040198E-02   1.86568198E+00   593.20490835     8.91797711E-05   2.27802623E+19   1.36132712E+07   0.00000000E+00   1.01385681E+06   0.29800818      
  50               2.29390746E-02   2.25990864E+00   623.91667349     1.02706001E-04   2.62355475E+19   1.36132533E+07   0.00000000E+00   1.00083067E+06   0.29770972      
  51               2.82842712E-02   2.74153279E+00   653.17919477     1.19011852E-04   3.04009351E+19   1.36132720E+07   0.00000000E+00   9.87054895E+05   0.2966032       
  52               3.48749902E-02   3.33156748E+00   686.69416283     1.37566104E-04   3.51407558E+19   1.36132521E+07   0.00000000E+00   9.72472539E+05   0.29604359      
  53               4.30014593E-02   4.05449874E+00   718.22137882     1.60067048E-04   4.08888297E+19   1.36132738E+07   0.00000000E+00   9.57066492E+05   0.29451587      
  54               5.30215347E-02   4.93999542E+00   753.86033841     1.85804410E-04   4.74636892E+19   1.36132498E+07   0.00000000E+00   9.40829371E+05   0.29386756      
  55               6.53764590E-02   6.01992780E+00   787.74540476     2.16682469E-04   5.53517356E+19   1.36132776E+07   0.00000000E+00   9.23809445E+05   0.29177738      
  56               8.06102920E-02   7.32917088E+00   826.53957939     2.51424518E-04   6.42269106E+19   1.36132435E+07   0.00000000E+00   9.06071407E+05   0.2909828       
  57               9.93938685E-02   8.90665505E+00   864.54789315     2.92105959E-04   7.46193421E+19   1.36132859E+07   0.00000000E+00   8.87664033E+05   0.28843001      
  58               1.22554340E-01   1.07942521E+01   908.42257209     3.36913399E-04   8.60657739E+19   1.36132356E+07   0.00000000E+00   8.68636574E+05   0.28756271      
  59               1.51111597E-01   1.30251555E+01   951.74734583     3.88038198E-04   9.91258858E+19   1.36132900E+07   0.00000000E+00   8.49125323E+05   0.28583737      
  60               1.86323183E-01   1.56287813E+01   1000.25748702    4.43024569E-04   1.13172040E+20   1.36132362E+07   0.00000000E+00   8.29267660E+05   0.28479525      
  61               2.29739671E-01   1.86494428E+01   1046.94025441    5.05079835E-04   1.29023792E+20   1.36132892E+07   0.00000000E+00   8.09074290E+05   0.28300156      
  62               2.83272943E-01   2.21331129E+01   1097.00888197    5.72071145E-04   1.46136330E+20   1.36132319E+07   0.00000000E+00   7.88580010E+05   0.28200447      
  63               3.49280383E-01   2.61190193E+01   1143.47951045    6.47660853E-04   1.65445256E+20   1.36132977E+07   0.00000000E+00   7.67872452E+05   0.28017695      
  64               4.30668686E-01   3.06495303E+01   1192.01866735    7.29055085E-04   1.86237274E+20   1.36132128E+07   0.00000000E+00   7.47023042E+05   0.27921874      
  65               5.31021855E-01   3.58018349E+01   1236.11769722    8.21227214E-04   2.09783487E+20   1.36133292E+07   0.00000000E+00   7.25966348E+05   0.27737926      
  66               6.54759028E-01   4.16687106E+01   1282.12011562    9.21504032E-04   2.35400395E+20   1.36131512E+07   0.00000000E+00   7.04639476E+05   0.27642916      
  67               8.07329079E-01   4.83249959E+01   1323.74627671    1.03509631E-03   2.64419156E+20   1.36134209E+07   0.00000000E+00   6.83087181E+05   0.27442118      
  68               9.95450561E-01   5.58298572E+01   1367.97011911    1.15717991E-03   2.95607702E+20   1.36130485E+07   0.00000000E+00   6.61402524E+05   0.27336954      
  69               1.22740757E+00   6.42440934E+01   1408.61083879    1.29315340E-03   3.30345214E+20   1.36135177E+07   0.00000000E+00   6.39650985E+05   0.27123738      
  70               1.51341452E+00   7.37313208E+01   1453.19635565    1.43857258E-03   3.67496793E+20   1.36128893E+07   0.00000000E+00   6.17654700E+05   0.27006119      
  71               1.86606598E+00   8.44427811E+01   1495.44573610    1.60100090E-03   4.08994727E+20   1.36137635E+07   0.00000000E+00   5.95335015E+05   0.26786997      
  72               2.30089127E+00   9.64767599E+01   1542.97189520    1.77279999E-03   4.52887708E+20   1.36126315E+07   0.00000000E+00   5.72746635E+05   0.26576513      
  73               2.83703828E+00   1.09867262E+02   1589.11961168    1.96020603E-03   5.00769135E+20   1.36138084E+07   0.00000000E+00   5.50031352E+05   0.26384786      
  74               3.49811672E+00   1.24568553E+02   1641.35519413    2.15195188E-03   5.49707530E+20   1.36131953E+07   0.00000000E+00   5.27395364E+05   0.2620812       
  75               4.31323774E+00   1.40530650E+02   1693.70640525    2.35285684E-03   6.00978264E+20   1.29606691E+07   6.52604407E+05   5.04962373E+05   0.26047412      
  76               5.31829590E+00   1.57811278E+02   1745.66537701    2.56375940E-03   6.54791267E+20   1.20393113E+07   1.57394852E+06   4.82712131E+05   0.25897909      
  77               6.55754979E+00   1.76455367E+02   1796.56038683    2.78571753E-03   7.11408241E+20   1.10359733E+07   2.57738231E+06   4.60650085E+05   0.25760625      
  78               8.08557104E+00   1.96413340E+02   1846.89460743    3.01674741E-03   7.70290794E+20   9.97244289E+06   3.64081745E+06   4.38878430E+05   0.25628426      
  79               9.96964736E+00   2.17491367E+02   1895.45859173    3.25538811E-03   8.31100534E+20   8.94852083E+06   4.66508266E+06   4.17608537E+05   0.25505482      
  80               1.22927457E+01   2.39941651E+02   1943.63744493    3.50360821E-03   8.94162034E+20   7.99316164E+06   5.62009936E+06   3.96586572E+05   0.2538922       
  81               1.51571657E+01   2.63549949E+02   1990.18871915    3.75964960E-03   9.59167635E+20   7.05031101E+06   6.56393541E+06   3.76016097E+05   0.25281957      
  82               1.86890445E+01   2.87988268E+02   2035.42961439    4.01829997E-03   1.02481281E+21   6.24211225E+06   7.37114904E+06   3.56132865E+05   0.2517801       
  83               2.30439114E+01   3.13948790E+02   2079.83339241    4.28818598E-03   1.09334219E+21   5.52277143E+06   8.09048985E+06   3.36355696E+05   0.25083844      
  84               2.84135369E+01   3.40495673E+02   2122.76202862    4.55783312E-03   1.16181272E+21   4.74269139E+06   8.87057034E+06   3.17366435E+05   0.2499503       
  85               3.50343769E+01   3.65788049E+02   2160.81683571    4.81036742E-03   1.22613248E+21   4.05387215E+06   9.56150999E+06   3.00284892E+05   0.2491813       
  86               4.31979859E+01   3.91240299E+02   2197.53065537    5.05925234E-03   1.28953899E+21   3.57311228E+06   1.00468710E+07   2.83969456E+05   0.24837169      
  87               5.32638553E+01   4.17907134E+02   2233.50203542    5.31718561E-03   1.35524955E+21   3.19173107E+06   1.04255742E+07   2.67710520E+05   0.24747359      
  88               6.56752445E+01   4.46334650E+02   2270.35970629    5.58690422E-03   1.42394027E+21   2.82693353E+06   1.07863290E+07   2.51216745E+05   0.24643175      
  89               8.09786996E+01   4.75152965E+02   2305.29150100    5.85837095E-03   1.49290934E+21   2.43363521E+06   1.11796279E+07   2.35287037E+05   0.24528875      
  90               9.98481215E+01   5.02718629E+02   2337.58484449    6.11350462E-03   1.55769862E+21   2.08731156E+06   1.15259510E+07   2.20720775E+05   0.24397643      
  91               1.23114441E+02   5.30382727E+02   2367.97541987    6.36806873E-03   1.62232560E+21   1.82370820E+06   1.17977316E+07   2.06699719E+05   0.24255211      
  92               1.51802212E+02   5.59073502E+02   2398.61038361    6.62775987E-03   1.68824331E+21   1.62049609E+06   1.19988523E+07   1.92733842E+05   0.24096641      
  93               1.87174723E+02   5.89497864E+02   2429.04660412    6.90174181E-03   1.75781120E+21   1.46040882E+06   1.21638834E+07   1.78508294E+05   0.23926252      
  94               2.30789634E+02   6.23340663E+02   2461.87755485    7.20025362E-03   1.83393884E+21   1.34796587E+06   1.22716364E+07   1.63326836E+05   0.23734208      
  95               2.84567566E+02   6.63276284E+02   2497.98993664    7.55031929E-03   1.92322291E+21   1.25174145E+06   1.23685417E+07   1.46198923E+05   0.23529587      
  96               3.50876675E+02   7.10247633E+02   2538.65718887    7.95490221E-03   2.02642986E+21   1.15978476E+06   1.24610210E+07   1.27032829E+05   0.23305414      
  97               4.32636941E+02   7.65279437E+02   2582.67243932    8.42444745E-03   2.14623145E+21   1.06932844E+06   1.25521018E+07   1.05774632E+05   0.23071578      
  98               5.33448747E+02   8.29466390E+02   2631.18743437    8.96173082E-03   2.28335189E+21   9.86265424E+05   1.26357449E+07   8.24141867E+04   0.22821203      
  99               6.57751428E+02   9.03952590E+02   2682.71738940    9.57771148E-03   2.44059978E+21   9.09885230E+05   1.27093594E+07   5.69898166E+04   0.22567017      
  100              8.11018759E+02   9.90507411E+02   2738.68265735    1.02790680E-02   2.61964147E+21   8.42251032E+05   1.27761775E+07   2.94043645E+04   0.22303825      
  101              1.00000000E+03   1.08970133E+03   2796.90127932    1.10712337E-02   2.82199462E+21   8.04099233E+05   1.28149816E+07   0.00000000E+00   0.22039737      
