# ATMO pressure-temperature profile
# Effective temperature = 2300.0K
# log(g) = 4.5cm/s^2
# M/H = 0.0
# Optical depth grid in band 17 (1.20-1.33microns)
# All parameters in cgs units
#
# Model Level      Optical Depth    Pressure         Temperature      Density          Number Density   Rad Flux         Conv Flux        Radial Extension Adiabatic Gradient
#                                   [Ba]             [K]              [g/cm^3]         [/cm^3]          [ergs/s/cm^2/sr] [ergs/s/cm^2/sr] [cm]             [K/Ba]          
  1                5.00000000E-06   1.00000000E-05   748.82635556     3.78234860E-10   9.67263318E+13   1.58667034E+09   0.00000000E+00   3.14245515E+07   0.29625368      
  2                6.05313423E-06   1.03515102E-04   850.93136635     3.44549605E-09   8.81119927E+14   1.58667034E+09   0.00000000E+00   2.88340966E+07   0.29323099      
  3                7.32808679E-06   2.05325204E-04   892.58756723     6.51529318E-09   1.66616217E+15   1.58667034E+09   0.00000000E+00   2.81545831E+07   0.29368022      
  4                8.87157859E-06   3.21706710E-04   924.57249661     9.85511405E-09   2.52025792E+15   1.58667034E+09   0.00000000E+00   2.76952939E+07   0.29282299      
  5                1.07401712E-05   4.56402317E-04   948.84010341     1.36237698E-08   3.48402007E+15   1.58667034E+09   0.00000000E+00   2.73276952E+07   0.29217513      
  6                1.30023396E-05   6.13590790E-04   972.15706479     1.78765977E-08   4.57160012E+15   1.58667034E+09   0.00000000E+00   2.70091804E+07   0.29148504      
  7                1.57409813E-05   7.97797074E-04   991.50192378     2.27898431E-08   5.82806944E+15   1.58667034E+09   0.00000000E+00   2.67205837E+07   0.29093442      
  8                1.90564546E-05   1.01419415E-03   1011.62036695    2.83952683E-08   7.26155073E+15   1.58667034E+09   0.00000000E+00   2.64515803E+07   0.29030073      
  9                2.30702555E-05   1.26873088E-03   1028.90803510    3.49249166E-08   8.93138460E+15   1.58667034E+09   0.00000000E+00   2.61959809E+07   0.28978598      
  10               2.79294706E-05   1.56834868E-03   1047.59435955    4.24025405E-08   1.08436455E+16   1.58667034E+09   0.00000000E+00   2.59497719E+07   0.28917163      
  11               3.38121669E-05   1.92112066E-03   1063.92081165    5.11431795E-08   1.30788988E+16   1.58667034E+09   0.00000000E+00   2.57102174E+07   0.2886673       
  12               4.09339169E-05   2.33649569E-03   1081.92694592    6.11659059E-08   1.56420218E+16   1.58667034E+09   0.00000000E+00   2.54753667E+07   0.28805473      
  13               4.95556987E-05   2.82546050E-03   1097.84753370    7.28936248E-08   1.86411650E+16   1.58667034E+09   0.00000000E+00   2.52437990E+07   0.28754867      
  14               5.99934592E-05   3.40086055E-03   1115.61404571    8.63410160E-08   2.20800824E+16   1.58667034E+09   0.00000000E+00   2.50144396E+07   0.28692568      
  15               7.26296922E-05   4.07773728E-03   1131.43015180    1.02078382E-07   2.61046175E+16   1.58667034E+09   0.00000000E+00   2.47864399E+07   0.28640851      
  16               8.79274551E-05   4.87448356E-03   1149.12848088    1.20144053E-07   3.07245734E+16   1.58667034E+09   0.00000000E+00   2.45589291E+07   0.28577384      
  17               1.06447338E-04   5.81277645E-03   1165.00884947    1.41317712E-07   3.61393416E+16   1.58667034E+09   0.00000000E+00   2.43312155E+07   0.28524374      
  18               1.28868005E-04   6.91798229E-03   1182.94653782    1.65636721E-07   4.23584606E+16   1.58667034E+09   0.00000000E+00   2.41027784E+07   0.28458419      
  19               1.56011066E-04   8.21967746E-03   1199.20733469    1.94134502E-07   4.96462374E+16   1.58667034E+09   0.00000000E+00   2.38732272E+07   0.28403077      
  20               1.88871184E-04   9.75234243E-03   1217.63906397    2.26846900E-07   5.80117824E+16   1.58667034E+09   0.00000000E+00   2.36422711E+07   0.28345882      
  21               2.28652526E-04   1.15559903E-02   1234.47854192    2.65134504E-07   6.78030864E+16   1.58667034E+09   0.00000000E+00   2.34097018E+07   0.28152421      
  22               2.76812886E-04   1.36766907E-02   1253.63918708    3.08995537E-07   7.90195052E+16   1.58667034E+09   0.00000000E+00   2.31754030E+07   0.28136922      
  23               3.35117111E-04   1.61680004E-02   1271.37097156    3.60186788E-07   9.21106528E+16   1.58667034E+09   0.00000000E+00   2.29392531E+07   0.28130285      
  24               4.05701771E-04   1.90892376E-02   1291.55490706    4.18624189E-07   1.07053668E+17   1.58667034E+09   0.00000000E+00   2.27013547E+07   0.28127488      
  25               4.91153455E-04   2.25087957E-02   1310.41968796    4.86509224E-07   1.24413552E+17   1.58667034E+09   0.00000000E+00   2.24617407E+07   0.28104521      
  26               5.94603558E-04   2.64984300E-02   1331.96492899    5.63496393E-07   1.44096420E+17   1.58667034E+09   0.00000000E+00   2.22207814E+07   0.28034785      
  27               7.19843029E-04   3.11372370E-02   1352.43114936    6.52130088E-07   1.66759562E+17   1.58667033E+09   0.00000000E+00   2.19787932E+07   0.2794033       
  28               8.71461295E-04   3.64863119E-02   1375.67148258    7.51323275E-07   1.92106063E+17   1.58667034E+09   0.00000000E+00   2.17371341E+07   0.27816683      
  29               1.05501444E-03   4.26614985E-02   1397.92492528    8.64486144E-07   2.21043677E+17   1.58667033E+09   0.00000000E+00   2.14948317E+07   0.27713616      
  30               1.27722880E-03   4.95862744E-02   1423.32226038    9.87290833E-07   2.52338825E+17   1.58667034E+09   0.00000000E+00   2.12577885E+07   0.27592648      
  31               1.54624747E-03   5.72902784E-02   1447.69204519    1.12149336E-06   2.86635901E+17   1.58667033E+09   0.00000000E+00   2.10262645E+07   0.27488933      
  32               1.87192870E-03   6.61551552E-02   1475.40239100    1.27075046E-06   3.24772351E+17   1.58667035E+09   0.00000000E+00   2.07914391E+07   0.273526        
  33               2.26620714E-03   7.60019960E-02   1502.39072503    1.43393867E-06   3.66410528E+17   1.58667032E+09   0.00000000E+00   2.05607589E+07   0.27229417      
  34               2.74353120E-03   8.64353282E-02   1531.59408006    1.60004783E-06   4.08764758E+17   1.58667040E+09   0.00000000E+00   2.03429396E+07   0.27071401      
  35               3.32139252E-03   9.76430529E-02   1560.49273155    1.77474836E-06   4.53216214E+17   1.58667033E+09   0.00000000E+00   2.01326143E+07   0.26932269      
  36               4.02096694E-03   1.08070850E-01   1591.55963451    1.92860628E-06   4.91826008E+17   1.58667027E+09   0.00000000E+00   1.99543545E+07   0.26758801      
  37               4.86789053E-03   1.17460839E-01   1618.34624749    2.06144355E-06   5.25711518E+17   1.58667021E+09   0.00000000E+00   1.98054329E+07   0.26632503      
  38               5.89319895E-03   1.28230125E-01   1644.34071157    2.21474081E-06   5.64838248E+17   1.58667029E+09   0.00000000E+00   1.96460506E+07   0.26495782      
  39               7.13446485E-03   1.38587005E-01   1671.09552966    2.35725907E-06   6.00685392E+17   1.58667004E+09   0.00000000E+00   1.95026958E+07   0.26396988      
  40               8.63717467E-03   1.47846118E-01   1691.58923380    2.48422249E-06   6.33054141E+17   1.58667043E+09   0.00000000E+00   1.93816999E+07   0.26255538      
  41               1.04563955E-02   1.58426069E-01   1715.61552596    2.62462647E-06   6.68855831E+17   1.58667035E+09   0.00000000E+00   1.92506747E+07   0.2613049       
  42               1.26587931E-02   1.70450974E-01   1740.19111429    2.78385112E-06   7.09460761E+17   1.58667043E+09   0.00000000E+00   1.91099970E+07   0.25945708      
  43               1.53250748E-02   1.84028476E-01   1768.85582346    2.95673045E-06   7.53561035E+17   1.58667044E+09   0.00000000E+00   1.89603418E+07   0.25776473      
  44               1.85529469E-02   1.99217377E-01   1798.71107442    3.14742073E-06   8.02216607E+17   1.58667053E+09   0.00000000E+00   1.88028914E+07   0.25518619      
  45               2.24606956E-02   2.15955164E-01   1833.52260749    3.34674850E-06   8.53106330E+17   1.58667058E+09   0.00000000E+00   1.86398078E+07   0.25279836      
  46               2.71915211E-02   2.34155773E-01   1868.91975762    3.55963859E-06   9.07486250E+17   1.58667075E+09   0.00000000E+00   1.84730551E+07   0.24937324      
  47               3.29187854E-02   2.54242084E-01   1904.73129604    3.79173870E-06   9.66806501E+17   1.58667075E+09   0.00000000E+00   1.83001611E+07   0.2463563       
  48               3.98523653E-02   2.76651656E-01   1944.47013274    4.04077810E-06   1.03052335E+18   1.58589183E+09   2.15231315E+06   1.81191170E+07   0.24230594      
  49               4.82463432E-02   3.01579080E-01   1985.19527561    4.31336556E-06   1.10033219E+18   1.58359198E+09   3.07506269E+06   1.79303006E+07   0.23783712      
  50               5.84083183E-02   3.29294144E-01   2026.72938064    4.61173870E-06   1.17683096E+18   1.57947176E+09   7.19471497E+06   1.77337931E+07   0.23278399      
  51               7.07106781E-02   3.60104218E-01   2068.88844952    4.93849323E-06   1.26071515E+18   1.57316117E+09   1.35051694E+07   1.75296346E+07   0.22735759      
  52               8.56042452E-02   3.94360568E-01   2111.56545304    5.29643134E-06   1.35274138E+18   1.56425208E+09   2.24143282E+07   1.73178193E+07   0.22167046      
  53               1.03634797E-01   4.32458581E-01   2154.61361394    5.68879929E-06   1.45378760E+18   1.55230304E+09   3.43635929E+07   1.70983336E+07   0.21584143      
  54               1.25463068E-01   4.74842103E-01   2197.96453541    6.11900240E-06   1.56478393E+18   1.53682918E+09   4.98377841E+07   1.68711626E+07   0.20982065      
  55               1.51888958E-01   5.22007450E-01   2241.44006315    6.59114173E-06   1.68684590E+18   1.51732466E+09   6.93427252E+07   1.66363023E+07   0.20375308      
  56               1.83880850E-01   5.74506890E-01   2285.02182185    7.10922729E-06   1.82108715E+18   1.49321504E+09   9.34528302E+07   1.63937691E+07   0.19746033      
  57               2.22611093E-01   6.32841936E-01   2328.35703600    7.67826845E-06   1.96866361E+18   1.46389507E+09   1.22773309E+08   1.61440756E+07   0.19111628      
  58               2.69498965E-01   6.97691313E-01   2371.51922837    8.30151495E-06   2.13089723E+18   1.42911793E+09   1.57550981E+08   1.58872108E+07   0.18516739      
  59               3.26262682E-01   7.69922321E-01   2414.51579409    8.98639734E-06   2.30963153E+18   1.38869974E+09   1.97969679E+08   1.56227498E+07   0.17943024      
  60               3.94982361E-01   8.50355332E-01   2457.31244214    9.73871247E-06   2.50648955E+18   1.34221888E+09   2.44451076E+08   1.53508552E+07   0.17395188      
  61               4.78176250E-01   9.39878048E-01   2499.84612326    1.05647253E-05   2.72322841E+18   1.28932352E+09   2.97347039E+08   1.50717527E+07   0.16880627      
  62               5.78893005E-01   1.03947553E+00   2542.13084274    1.14709921E-05   2.96170782E+18   1.22981966E+09   3.56851325E+08   1.47856452E+07   0.16413043      
  63               7.00823412E-01   1.15024843E+00   2584.20238211    1.24646697E-05   3.22396981E+18   1.16376241E+09   4.22908758E+08   1.44926886E+07   0.15958301      
  64               8.48435636E-01   1.27339086E+00   2625.91531341    1.35543856E-05   3.51242332E+18   1.09154484E+09   4.95126241E+08   1.41930911E+07   0.15546485      
  65               1.02713896E+00   1.41018127E+00   2667.46469450    1.47471179E-05   3.82914755E+18   1.01370460E+09   5.72966072E+08   1.38871252E+07   0.15170368      
  66               1.24348200E+00   1.56198497E+00   2708.66463179    1.60524614E-05   4.17683629E+18   9.30987849E+08   6.55682032E+08   1.35751150E+07   0.14822801      
  67               1.50539269E+00   1.73026125E+00   2749.68370902    1.74780299E-05   4.55779492E+18   8.44445585E+08   7.42223371E+08   1.32574154E+07   0.14494295      
  68               1.82246880E+00   1.91658469E+00   2790.28965342    1.90349476E-05   4.97513152E+18   7.55689965E+08   8.30977992E+08   1.29343755E+07   0.14199428      
  69               2.20632965E+00   2.12264357E+00   2830.75479837    2.07308096E-05   5.43126086E+18   6.66701430E+08   9.19965360E+08   1.26063422E+07   0.13942093      
  70               2.67104190E+00   2.35023947E+00   2870.87734724    2.25775992E-05   5.92957160E+18   5.79696120E+08   1.00696926E+09   1.22736614E+07   0.13710897      
  71               3.23363503E+00   2.60130677E+00   2910.88659819    2.45838186E-05   6.47279905E+18   4.97122701E+08   1.08954129E+09   1.19366560E+07   0.13500475      
  72               3.91472538E+00   2.87793109E+00   2950.56013934    2.67632553E-05   7.06483071E+18   4.21383940E+08   1.16527880E+09   1.15956152E+07   0.13307663      
  73               4.73927163E+00   3.18237227E+00   2990.13232749    2.91254863E-05   7.70879352E+18   3.54463802E+08   1.23219785E+09   1.12507835E+07   0.13140817      
  74               5.73748947E+00   3.51706610E+00   3029.44042897    3.16855425E-05   8.40899226E+18   2.97291325E+08   1.28936944E+09   1.09023739E+07   0.12985176      
  75               6.94595877E+00   3.88455663E+00   3068.63930226    3.44544323E-05   9.16898903E+18   2.49882551E+08   1.33677796E+09   1.05506495E+07   0.12846413      
  76               8.40896415E+00   4.28757894E+00   3107.60006134    3.74480192E-05   9.99339025E+18   2.11214891E+08   1.37544589E+09   1.01958351E+07   0.12722133      
  77               1.01801177E+01   4.72914213E+00   3146.48534739    4.06790606E-05   1.08863550E+19   1.79763181E+08   1.40689830E+09   9.83806672E+06   0.12614141      
  78               1.23243238E+01   5.21255573E+00   3185.19490095    4.41662187E-05   1.18533345E+19   1.53925286E+08   1.43273683E+09   9.47740753E+06   0.12524722      
  79               1.49201573E+01   5.74145576E+00   3223.92581235    4.79241007E-05   1.28992014E+19   1.32355030E+08   1.45430773E+09   9.11386093E+06   0.12446209      
  80               1.80627429E+01   6.31985656E+00   3262.54097353    5.19757979E-05   1.40306272E+19   1.14087195E+08   1.47257628E+09   8.74737300E+06   0.12379492      
  81               2.18672415E+01   6.95218870E+00   3301.25932298    5.63385330E-05   1.52534383E+19   9.85037904E+07   1.48816046E+09   8.37784260E+06   0.1231933       
  82               2.64730696E+01   7.64336676E+00   3339.91733231    6.10408369E-05   1.65758123E+19   8.51621396E+07   1.50150291E+09   8.00512065E+06   0.12268458      
  83               3.20490087E+01   8.39883499E+00   3378.76497467    6.61030134E-05   1.80047421E+19   7.37310177E+07   1.51293440E+09   7.62902065E+06   0.12223323      
  84               3.87993903E+01   9.22461051E+00   3417.61763743    7.15598682E-05   1.95501640E+19   6.38657362E+07   1.52280006E+09   7.24933483E+06   0.12187293      
  85               4.69715834E+01   1.01273318E+01   3456.75564960    7.74347649E-05   2.12203331E+19   5.53421372E+07   1.53132408E+09   6.86584072E+06   0.12157119      
  86               5.68650599E+01   1.11143336E+01   3495.97120413    8.37697120E-05   2.30272152E+19   4.79325018E+07   1.53873414E+09   6.47830296E+06   0.12135961      
  87               6.88423680E+01   1.21937075E+01   3535.57304871    9.05914861E-05   2.49805385E+19   4.15033673E+07   1.54516369E+09   6.08647777E+06   0.121206        
  88               8.33424188E+01   1.33743919E+01   3575.32848575    9.79506077E-05   2.70946743E+19   3.58996475E+07   1.55076740E+09   5.69011389E+06   0.1211419       
  89               1.00896570E+02   1.46662476E+01   3615.57472895    1.05877611E-04   2.93810634E+19   3.10509562E+07   1.55561598E+09   5.28895541E+06   0.1211288       
  90               1.22148096E+02   1.60801681E+01   3656.04856619    1.14433311E-04   3.18569701E+19   2.68467427E+07   1.55982006E+09   4.88274209E+06   0.12118669      
  91               1.47875764E+02   1.76281858E+01   3697.10872731    1.23652947E-04   3.45359364E+19   2.32201439E+07   1.56344650E+09   4.47120870E+06   0.12128089      
  92               1.79022369E+02   1.93236161E+01   3738.46325133    1.33609796E-04   3.74387315E+19   2.00672414E+07   1.56659918E+09   4.05408382E+06   0.12143468      
  93               2.16729286E+02   2.11811967E+01   3780.49585735    1.44344709E-04   4.05814506E+19   1.73448931E+07   1.56932102E+09   3.63108826E+06   0.12163521      
  94               2.62378292E+02   2.32172415E+01   3822.90000454    1.55945066E-04   4.39889424E+19   1.49776413E+07   1.57168757E+09   3.20193864E+06   0.12190384      
  95               3.17642204E+02   2.54498181E+01   3866.08394153    1.68458145E-04   4.76803290E+19   1.29345950E+07   1.57372985E+09   2.76634411E+06   0.12220681      
  96               3.84546179E+02   2.78989679E+01   3909.71168425    1.81989309E-04   5.16855621E+19   1.11592638E+07   1.57550433E+09   2.32400615E+06   0.12255307      
  97               4.65541927E+02   3.05869514E+01   3954.20886698    1.96594632E-04   5.60276525E+19   9.63411961E+06   1.57702850E+09   1.87461360E+06   0.12291816      
  98               5.63597555E+02   3.35384664E+01   3999.21537581    2.12401061E-04   6.07427215E+19   8.31619250E+06   1.57834504E+09   1.41785289E+06   0.12331547      
  99               6.82306330E+02   3.67810078E+01   4045.17784666    2.29475235E-04   6.58585014E+19   7.18629223E+06   1.57947333E+09   9.53393930E+05   0.1237417       
  100              8.26018359E+02   4.03451869E+01   4091.72794713    2.47969222E-04   7.14185158E+19   6.20890729E+06   1.58044918E+09   4.80895269E+05   0.12422909      
  101              1.00000000E+03   4.42651058E+01   4139.34946593    2.67960835E-04   7.74560334E+19   5.77187723E+06   1.58088534E+09   0.00000000E+00   0.12477163      
