# ATMO pressure-temperature profile
# Effective temperature = 2800.0K
# log(g) = 3.0cm/s^2
# M/H = 0.0
# Optical depth grid in band 17 (1.20-1.33microns)
# All parameters in cgs units
#
# Model Level      Optical Depth    Pressure         Temperature      Density          Number Density   Rad Flux         Conv Flux        Radial Extension Adiabatic Gradient
#                                   [Ba]             [K]              [g/cm^3]         [/cm^3]          [ergs/s/cm^2/sr] [ergs/s/cm^2/sr] [cm]             [K/Ba]          
  1                1.00000000E-05   1.00000000E-05   1085.95696849    2.60784511E-10   6.66980632E+13   3.48503916E+09   0.00000000E+00   1.69309247E+09   0.28661783      
  2                1.20226443E-05   1.19313482E-05   1689.12993486    1.97348329E-10   5.11625641E+13   3.48503916E+09   0.00000000E+00   1.68450102E+09   0.27050491      
  3                1.44543977E-05   1.29541496E-05   1506.63810132    2.43835277E-10   6.22767302E+13   3.48503916E+09   0.00000000E+00   1.67982429E+09   0.27274188      
  4                1.73780083E-05   1.41242846E-05   1750.45874602    2.23087416E-10   5.84440655E+13   3.48503916E+09   0.00000000E+00   1.67477607E+09   0.27095808      
  5                2.08929613E-05   1.54576841E-05   1567.26728536    2.79143202E-10   7.14376565E+13   3.48503916E+09   0.00000000E+00   1.66940864E+09   0.27135506      
  6                2.51188643E-05   1.70039110E-05   1795.15008787    2.59466004E-10   6.86078641E+13   3.48503916E+09   0.00000000E+00   1.66362180E+09   0.27166971      
  7                3.01995172E-05   1.87901093E-05   1614.72574652    3.28615254E-10   8.42861807E+13   3.48503917E+09   0.00000000E+00   1.65747040E+09   0.27044371      
  8                3.63078055E-05   2.08749787E-05   1833.61721182    3.09167372E-10   8.24599759E+13   3.48503917E+09   0.00000000E+00   1.65087684E+09   0.27245724      
  9                4.36515832E-05   2.32989166E-05   1656.60822191    3.96189966E-10   1.01868932E+14   3.48503917E+09   0.00000000E+00   1.64390621E+09   0.26976883      
  10               5.24807460E-05   2.61372031E-05   1869.20256819    3.76637262E-10   1.01281140E+14   3.48503917E+09   0.00000000E+00   1.63649461E+09   0.27325961      
  11               6.30957344E-05   2.94475808E-05   1695.91438185    4.87815097E-10   1.25768401E+14   3.48503917E+09   0.00000000E+00   1.62871648E+09   0.26924236      
  12               7.58577575E-05   3.33306677E-05   1903.37078001    4.68021030E-10   1.26837144E+14   3.48503917E+09   0.00000000E+00   1.62051481E+09   0.27404485      
  13               9.12010839E-05   3.78670483E-05   1734.12007822    6.11640583E-10   1.58164177E+14   3.48503917E+09   0.00000000E+00   1.61197149E+09   0.26882527      
  14               1.09647820E-04   4.31935586E-05   1936.90178567    5.91627436E-10   1.61524061E+14   3.48503917E+09   0.00000000E+00   1.60303226E+09   0.27479636      
  15               1.31825674E-04   4.94210159E-05   1772.07900371    7.78603815E-10   2.02001423E+14   3.48503917E+09   0.00000000E+00   1.59378397E+09   0.26849992      
  16               1.58489319E-04   5.67367560E-05   1970.31506807    7.58575425E-10   2.08571355E+14   3.48503917E+09   0.00000000E+00   1.58417210E+09   0.27551257      
  17               1.90546072E-04   6.52914596E-05   1810.41557737    1.00319601E-09   2.61218505E+14   3.48503917E+09   0.00000000E+00   1.57428637E+09   0.26826129      
  18               2.29086765E-04   7.53419335E-05   2004.06064723    9.83587198E-10   2.72302570E+14   3.48503917E+09   0.00000000E+00   1.56406959E+09   0.27620931      
  19               2.75422870E-04   8.70912209E-05   1849.66582411    1.30441437E-09   3.41041277E+14   3.48503917E+09   0.00000000E+00   1.55361302E+09   0.26811527      
  20               3.31131121E-04   1.00890758E-04   2038.58243545    1.28594878E-09   3.58466805E+14   3.48503917E+09   0.00000000E+00   1.54285469E+09   0.27691851      
  21               3.98107171E-04   1.17011596E-04   1890.37548942    1.70681847E-09   4.48339149E+14   3.48503917E+09   0.00000000E+00   1.53188714E+09   0.091919903     
  22               4.78630092E-04   1.35932741E-04   2074.39340483    1.69050197E-09   4.74633942E+14   3.48503917E+09   0.00000000E+00   1.52064146E+09   0.064145082     
  23               5.75439937E-04   1.58012455E-04   1933.14846916    2.24158980E-09   5.92041226E+14   3.48503917E+09   0.00000000E+00   1.50921218E+09   0.087627826     
  24               6.91830971E-04   1.83900078E-04   2112.10650422    2.22856493E-09   6.30655138E+14   3.48503917E+09   0.00000000E+00   1.49752086E+09   0.063860693     
  25               8.31763771E-04   2.14067368E-04   1978.82376858    2.94707994E-09   7.83554469E+14   3.48503917E+09   0.00000000E+00   1.48566389E+09   0.083528542     
  26               1.00000000E-03   2.49398012E-04   2152.64805807    2.93813106E-09   8.39161971E+14   3.48503917E+09   0.00000000E+00   1.47354656E+09   0.063521987     
  27               1.20226443E-03   2.90503193E-04   2028.86592120    3.86776005E-09   1.03710661E+15   3.48503918E+09   0.00000000E+00   1.46127056E+09   0.079532562     
  28               1.44543977E-03   3.38560165E-04   2197.87675385    3.86023444E-09   1.11572808E+15   3.48503918E+09   0.00000000E+00   1.44871955E+09   0.063266864     
  29               1.73780083E-03   3.94291989E-04   2087.14320727    5.04097710E-09   1.36833219E+15   3.48503918E+09   0.00000000E+00   1.43600991E+09   0.075483737     
  30               2.08929613E-03   4.59162035E-04   2255.48369423    4.99938864E-09   1.47452493E+15   3.48503918E+09   0.00000000E+00   1.42296007E+09   0.062524478     
  31               2.51188643E-03   5.30942879E-04   2277.46437517    5.69150255E-09   1.68858158E+15   3.47788796E+09   7.14897326E+06   1.40950291E+09   0.062552061     
  32               3.01995172E-03   6.15205559E-04   2297.56129371    6.50906532E-09   1.93945177E+15   3.47041124E+09   1.46248603E+07   1.39565860E+09   0.062761011     
  33               3.63078055E-03   7.14057589E-04   2320.83849128    7.43211162E-09   2.22850781E+15   3.46208496E+09   2.29501793E+07   1.38144550E+09   0.062899368     
  34               4.36515832E-03   8.29211967E-04   2341.87393917    8.51555602E-09   2.56464871E+15   3.45260993E+09   3.24253482E+07   1.36696982E+09   0.063174669     
  35               5.24807460E-03   9.63312912E-04   2366.03208006    9.72745689E-09   2.94898520E+15   3.44173615E+09   4.32979095E+07   1.35223499E+09   0.063344679     
  36               6.30957344E-03   1.12035473E-03   2387.90702092    1.11576332E-08   3.39831772E+15   3.42928133E+09   5.57538107E+07   1.33716061E+09   0.063603509     
  37               7.58577575E-03   1.30411786E-03   2413.10164825    1.27645864E-08   3.91441680E+15   3.41497833E+09   7.00578785E+07   1.32176172E+09   0.063800571     
  38               9.12010839E-03   1.51893707E-03   2435.83149519    1.46586044E-08   4.51667019E+15   3.39859440E+09   8.64466338E+07   1.30605688E+09   0.064138072     
  39               1.09647820E-02   1.76982219E-03   2461.98014538    1.67797439E-08   5.20680040E+15   3.37983548E+09   1.05208996E+08   1.29005919E+09   0.064443819     
  40               1.31825674E-02   2.06198325E-03   2485.47361225    1.92714825E-08   6.00899464E+15   3.35846339E+09   1.26588059E+08   1.27381185E+09   0.064851863     
  41               1.58489319E-02   2.40142683E-03   2512.41073287    2.20440738E-08   6.92316302E+15   3.33415381E+09   1.50899989E+08   1.25734214E+09   0.065200137     
  42               1.90546072E-02   2.79558216E-03   2536.52872810    2.52948377E-08   7.98285635E+15   3.30664196E+09   1.78423181E+08   1.24064986E+09   0.06559958      
  43               2.29086765E-02   3.25303138E-03   2564.19572592    2.89048339E-08   9.18888720E+15   3.27558309E+09   2.09496204E+08   1.22373128E+09   0.065967619     
  44               2.75422870E-02   3.78345208E-03   2588.93548811    3.31350080E-08   1.05850484E+16   3.24074082E+09   2.44363697E+08   1.20659164E+09   0.066426603     
  45               3.31131121E-02   4.39793148E-03   2617.34936604    3.78188387E-08   1.21706172E+16   3.20177208E+09   2.83357076E+08   1.18923234E+09   0.066893143     
  46               3.98107171E-02   5.10881346E-03   2642.74350743    4.32979774E-08   1.40020257E+16   3.15846499E+09   3.26694842E+08   1.17166446E+09   0.06742073      
  47               4.78630092E-02   5.93009523E-03   2671.90253791    4.93421313E-08   1.60755890E+16   3.11048348E+09   3.74695349E+08   1.15389508E+09   0.067936088     
  48               5.75439937E-02   6.87713240E-03   2697.91626923    5.63947630E-08   1.84631058E+16   3.05767536E+09   4.27539072E+08   1.13594161E+09   0.068454801     
  49               6.91830971E-02   7.96712695E-03   2727.71994666    6.41412541E-08   2.11557194E+16   2.99976623E+09   4.85495976E+08   1.11781740E+09   0.068982432     
  50               8.31763771E-02   9.21865704E-03   2754.24722401    7.31486271E-08   2.42432353E+16   2.93670814E+09   5.48619587E+08   1.09954570E+09   0.069556455     
  51               1.00000000E-01   1.06522919E-02   2784.61304541    8.29871071E-08   2.77079277E+16   2.86839584E+09   6.18327652E+08   1.08114422E+09   0.071247062     
  52               1.20226443E-01   1.22900178E-02   2812.48161007    9.42865698E-08   3.16510891E+16   2.79403239E+09   6.91354592E+08   1.06262925E+09   0.072167425     
  53               1.44543977E-01   1.41558151E-02   2843.55174679    1.06612845E-07   3.60578300E+16   2.71304182E+09   7.72116320E+08   1.04401875E+09   0.072548529     
  54               1.73780083E-01   1.62749987E-02   2871.55098310    1.20754135E-07   4.10516172E+16   2.62532190E+09   8.59803500E+08   1.02534103E+09   0.072728598     
  55               2.08929613E-01   1.86751831E-02   2902.58086510    1.36110875E-07   4.66021959E+16   2.53061273E+09   9.54506218E+08   1.00661833E+09   0.072858408     
  56               2.51188643E-01   2.13856044E-02   2930.36783426    1.53658714E-07   5.28597653E+16   2.42903039E+09   1.05621516E+09   9.87876105E+08   0.073053504     
  57               3.01995172E-01   2.44383604E-02   2961.25210859    1.72601123E-07   5.97754043E+16   2.32052338E+09   1.16501155E+09   9.69130015E+08   0.073421876     
  58               3.63078055E-01   2.78676866E-02   2988.92868441    1.94137348E-07   6.75322476E+16   2.20551572E+09   1.28046857E+09   9.50395570E+08   0.074069602     
  59               4.36515832E-01   3.17113658E-02   3019.96491806    2.17220490E-07   7.60569472E+16   2.08422859E+09   1.40217483E+09   9.31677525E+08   0.075167433     
  60               5.24807460E-01   3.60084866E-02   3048.05844676    2.43286303E-07   8.55672193E+16   1.95708779E+09   1.52949639E+09   9.12984606E+08   0.076420923     
  61               6.30957344E-01   4.08018609E-02   3079.66961101    2.71038172E-07   9.59625286E+16   1.82446842E+09   1.66210925E+09   8.94317093E+08   0.077860152     
  62               7.58577575E-01   4.61378891E-02   3108.40337405    3.02230531E-07   1.07509338E+17   1.68730481E+09   1.79905946E+09   8.75672906E+08   0.079087771     
  63               9.12010839E-01   5.20692158E-02   3140.55880626    3.35342881E-07   1.20088093E+17   1.54688342E+09   1.93915776E+09   8.57040968E+08   0.080190238     
  64               1.09647820E+00   5.86537848E-02   3169.70128969    3.72523970E-07   1.34030471E+17   1.40532990E+09   2.08031273E+09   8.38410847E+08   0.080886022     
  65               1.31825674E+00   6.59581603E-02   3202.05947114    4.12008295E-07   1.49198680E+17   1.26515139E+09   2.22018348E+09   8.19765431E+08   0.081269907     
  66               1.58489319E+00   7.40563839E-02   3231.16221639    4.56425456E-07   1.66008215E+17   1.12988935E+09   2.35545256E+09   8.01090423E+08   0.08149326      
  67               1.90546072E+00   8.30333304E-02   3263.48719608    5.03619901E-07   1.84287715E+17   1.00288859E+09   2.48264806E+09   7.82365955E+08   0.081875265     
  68               2.29086765E+00   9.29826212E-02   3292.68280304    5.56682649E-07   2.04539754E+17   8.87034391E+08   2.59874836E+09   7.63575170E+08   0.08246027      
  69               2.75422870E+00   1.04010610E-01   3325.38359022    6.12992247E-07   2.26548783E+17   7.84085083E+08   2.70201150E+09   7.44696062E+08   0.083455878     
  70               3.31131121E+00   1.16233998E-01   3355.27007166    6.76165413E-07   2.50917835E+17   6.94071306E+08   2.79220042E+09   7.25709517E+08   0.084665984     
  71               3.98107171E+00   1.29785272E-01   3388.95390100    7.43113028E-07   2.77386671E+17   6.16273417E+08   2.87008030E+09   7.06591474E+08   0.086203306     
  72               4.78630092E+00   1.44810231E-01   3420.07992144    8.18088498E-07   3.06682384E+17   5.48001027E+08   2.93826112E+09   6.87320876E+08   0.087614255     
  73               5.75439937E+00   1.61475480E-01   3455.04572978    8.97628364E-07   3.38515551E+17   4.88083410E+08   2.99809478E+09   6.67872566E+08   0.089080724     
  74               6.91830971E+00   1.79965516E-01   3487.51321084    9.86722322E-07   3.73765553E+17   4.33618299E+08   3.05241562E+09   6.48225281E+08   0.09024015      
  75               8.31763771E+00   2.00491391E-01   3523.73077277    1.08150953E-06   4.12115405E+17   3.84907833E+08   3.10106323E+09   6.28354812E+08   0.091371861     
  76               1.00000000E+01   2.23287137E-01   3557.44824702    1.18778298E-06   4.54622530E+17   3.39634750E+08   3.14621538E+09   6.08241613E+08   0.092244337     
  77               1.20226443E+01   2.48619249E-01   3594.85815831    1.30119056E-06   5.00932063E+17   2.99247225E+08   3.18653995E+09   5.87864092E+08   0.093050147     
  78               1.44543977E+01   2.76782964E-01   3629.72941946    1.42849351E-06   5.52320222E+17   2.61834679E+08   3.22400859E+09   5.67205949E+08   0.093795665     
  79               1.73780083E+01   3.08112250E-01   3668.37876851    1.56460920E-06   6.08359975E+17   2.29758336E+08   3.25627573E+09   5.46249060E+08   0.094918182     
  80               2.08929613E+01   3.42976154E-01   3704.78998765    1.71713207E-06   6.70542288E+17   2.00649114E+08   3.28552088E+09   5.24978330E+08   0.096246409     
  81               2.51188643E+01   3.81789971E-01   3745.27411633    1.88021038E-06   7.38357594E+17   1.76469551E+08   3.30989103E+09   5.03376021E+08   0.098068409     
  82               3.01995172E+01   4.25013099E-01   3783.92489459    2.06242408E-06   8.13552619E+17   1.54467519E+08   3.33186756E+09   4.81425926E+08   0.099923987     
  83               3.63078055E+01   4.73159617E-01   3826.81570330    2.25735701E-06   8.95562632E+17   1.36071088E+08   3.35025936E+09   4.59110968E+08   0.10187034      
  84               4.36515832E+01   5.26796932E-01   3867.95690020    2.47498005E-06   9.86478105E+17   1.18867409E+08   3.36737456E+09   4.36417816E+08   0.103468        
  85               5.24807460E+01   5.86551853E-01   3913.17720573    2.70837692E-06   1.08568225E+18   1.04480588E+08   3.38181509E+09   4.13336836E+08   0.10513135      
  86               6.30957344E+01   6.53111133E-01   3956.68526265    2.96864349E-06   1.19558765E+18   9.10998253E+07   3.39521131E+09   3.89862705E+08   0.10670093      
  87               7.58577575E+01   7.27220851E-01   4004.29069455    3.24790612E-06   1.31542643E+18   8.01743321E+07   3.40622437E+09   3.65994720E+08   0.10868682      
  88               9.12010839E+01   8.09691325E-01   4050.49559839    3.55812989E-06   1.44789531E+18   6.99469550E+07   3.41638870E+09   3.41734126E+08   0.11063844      
  89               1.09647820E+02   9.01384537E-01   4100.84056790    3.89071343E-06   1.59207330E+18   6.16377667E+07   3.42473743E+09   3.17088841E+08   0.11308249      
  90               1.31825674E+02   1.00322352E+00   4150.14350475    4.25828814E-06   1.75089633E+18   5.39119442E+07   3.43232082E+09   2.92068163E+08   0.11569159      
  91               1.58489319E+02   1.11616217E+00   4203.77074677    4.65113114E-06   1.92315423E+18   4.75862115E+07   3.43855496E+09   2.66689449E+08   0.11872823      
  92               1.90546072E+02   1.24120011E+00   4256.62545656    5.08278664E-06   2.11204033E+18   4.15192306E+07   3.44433165E+09   2.40971824E+08   0.12143779      
  93               2.29086765E+02   1.37933773E+00   4313.49797677    5.54328515E-06   2.31615092E+18   3.63463771E+07   3.44936794E+09   2.14946125E+08   0.12397462      
  94               2.75422870E+02   1.53161236E+00   4369.27151110    6.04744282E-06   2.53901735E+18   3.14714133E+07   3.45399931E+09   1.88644784E+08   0.12620011      
  95               3.31131121E+02   1.69904617E+00   4428.71306949    6.58386887E-06   2.77877559E+18   2.74699741E+07   3.45783563E+09   1.62108438E+08   0.12887992      
  96               3.98107171E+02   1.88268983E+00   4487.26513290    7.16693923E-06   3.03894532E+18   2.38853253E+07   3.46098059E+09   1.35372926E+08   0.13200208      
  97               4.78630092E+02   2.08354579E+00   4549.80347992    7.78303725E-06   3.31692957E+18   2.09981370E+07   3.46339869E+09   1.08478140E+08   0.1359909       
  98               5.75439937E+02   2.30260859E+00   4612.02811853    8.44633479E-06   3.61621309E+18   1.83793785E+07   3.46530511E+09   8.14583814E+07   0.14023862      
  99               6.91830971E+02   2.54080046E+00   4678.37167522    9.14253041E-06   3.93370400E+18   1.62104539E+07   3.46682728E+09   5.43511148E+07   0.1450119       
  100              8.31763771E+02   2.79902693E+00   4744.65130666    9.88602492E-06   4.27295793E+18   1.42004740E+07   3.46804659E+09   2.71879742E+07   0.1495368       
  101              1.00000000E+03   3.07815330E+00   4814.71334539    1.06630143E-05   4.63068937E+18   1.34801465E+07   3.46821895E+09   0.00000000E+00   0.15401687      
