# ATMO pressure-temperature profile
# Effective temperature = 550.0K
# log(g) = 5.0cm/s^2
# M/H = 0.0
# Optical depth grid in band 17 (1.20-1.33microns)
# All parameters in cgs units
#
# Model Level      Optical Depth    Pressure         Temperature      Density          Number Density   Rad Flux         Conv Flux        Radial Extension Adiabatic Gradient
#                                   [Ba]             [K]              [g/cm^3]         [/cm^3]          [ergs/s/cm^2/sr] [ergs/s/cm^2/sr] [cm]             [K/Ba]          
  1                5.00000000E-07   1.00000000E-05   107.48100940     2.62239118E-09   6.73897900E+14   5.18822396E+06   0.00000000E+00   3.67099083E+06   0.34088059      
  2                6.19412983E-07   4.65562699E-05   99.74195976      1.31561705E-08   3.38085169E+15   5.18822396E+06   0.00000000E+00   3.60875387E+06   0.34493992      
  3                7.67344888E-07   9.18588279E-05   107.00395670     2.41963732E-08   6.21794537E+15   5.18822396E+06   0.00000000E+00   3.58336269E+06   0.341073        
  4                9.50606773E-07   1.47720740E-04   102.27379283     4.07097403E-08   1.04617166E+16   5.18822396E+06   0.00000000E+00   3.56556386E+06   0.31480535      
  5                1.17763635E-06   2.03604634E-04   108.93439367     5.26868644E-08   1.35378119E+16   5.18822397E+06   0.00000000E+00   3.55349698E+06   0.31970875      
  6                1.45888650E-06   2.54517916E-04   107.24022942     6.68958622E-08   1.71904191E+16   5.18822397E+06   0.00000000E+00   3.54492107E+06   0.31482589      
  7                1.80730647E-06   2.93922060E-04   115.88929589     7.15365005E-08   1.83702344E+16   5.18822397E+06   0.00000000E+00   3.53922425E+06   0.32188152      
  8                2.23893819E-06   3.21534856E-04   116.00922237     7.81761675E-08   2.00752695E+16   5.18822396E+06   0.00000000E+00   3.53553184E+06   0.32040347      
  9                2.77365477E-06   3.55527864E-04   124.51367578     8.05369951E-08   2.06815188E+16   5.18822396E+06   0.00000000E+00   3.53124779E+06   0.32438553      
  10               3.43607555E-06   3.97395467E-04   124.20097755     9.02478213E-08   2.31752130E+16   5.18822397E+06   0.00000000E+00   3.52633688E+06   0.32354753      
  11               4.25669961E-06   4.49006529E-04   131.86530162     9.60419472E-08   2.46631170E+16   5.18822397E+06   0.00000000E+00   3.52079325E+06   0.32557         
  12               5.27331001E-06   5.12655189E-04   131.38155043     1.10060075E-07   2.82629060E+16   5.18822401E+06   0.00000000E+00   3.51460249E+06   0.32502703      
  13               6.53271338E-06   5.91147981E-04   138.90430832     1.20038161E-07   3.08252306E+16   5.18822415E+06   0.00000000E+00   3.50777352E+06   0.32591974      
  14               8.09289496E-06   6.87766599E-04   142.16480673     1.36454501E-07   3.50408652E+16   5.18822382E+06   0.00000000E+00   3.50022421E+06   0.32592682      
  15               1.00256884E-05   8.07018074E-04   144.88595389     1.57107107E-07   4.03443587E+16   5.18822375E+06   0.00000000E+00   3.49207957E+06   0.32570091      
  16               1.24200832E-05   9.54145774E-04   149.01210564     1.80606032E-07   4.63787478E+16   5.18822371E+06   0.00000000E+00   3.48334523E+06   0.32570893      
  17               1.53863215E-05   1.13566008E-03   151.64485780     2.11231968E-07   5.42433509E+16   5.18822373E+06   0.00000000E+00   3.47405204E+06   0.32511251      
  18               1.90609746E-05   1.35957236E-03   155.69752368     2.46297701E-07   6.32479509E+16   5.18822380E+06   0.00000000E+00   3.46423528E+06   0.32514578      
  19               2.36132303E-05   1.63574621E-03   158.28100505     2.91491971E-07   7.48536465E+16   5.18822382E+06   0.00000000E+00   3.45392812E+06   0.32423782      
  20               2.92526829E-05   1.97642568E-03   161.93637783     3.44252878E-07   8.84019627E+16   5.18822390E+06   0.00000000E+00   3.44317352E+06   0.32435775      
  21               3.62389832E-05   2.39657402E-03   164.53002283     4.10852928E-07   1.05504633E+17   5.18822395E+06   0.00000000E+00   3.43200178E+06   0.32319569      
  22               4.48937934E-05   2.91457680E-03   168.03729968     4.89234200E-07   1.25630662E+17   5.18822420E+06   0.00000000E+00   3.42044781E+06   0.3233855       
  23               5.56155970E-05   3.55272050E-03   171.48203656     5.84368772E-07   1.50061143E+17   5.18822383E+06   0.00000000E+00   3.40851297E+06   0.32182857      
  24               6.88980457E-05   4.33883399E-03   174.75671186     7.00329437E-07   1.79831186E+17   5.18822384E+06   0.00000000E+00   3.39622464E+06   0.32215572      
  25               8.53526881E-05   5.30587323E-03   178.96851843     8.36252041E-07   2.14736597E+17   5.18822378E+06   0.00000000E+00   3.38358821E+06   0.32024737      
  26               1.05737126E-04   6.49363166E-03   182.37194143     1.00446516E-06   2.57902451E+17   5.18822423E+06   0.00000000E+00   3.37062842E+06   0.32061149      
  27               1.30989898E-04   7.95233328E-03   186.63145110     1.20198191E-06   3.08628181E+17   5.18822462E+06   0.00000000E+00   3.35735294E+06   0.31858226      
  28               1.62273687E-04   9.73784306E-03   190.33267016     1.44367483E-06   3.70574277E+17   5.18822421E+06   0.00000000E+00   3.34379809E+06   0.31893024      
  29               2.01028857E-04   1.19211330E-02   194.98008016     1.72502710E-06   4.42846409E+17   5.18822376E+06   0.00000000E+00   3.32996311E+06   0.31677116      
  30               2.49039768E-04   1.45736410E-02   199.00971163     2.06803671E-06   5.30419687E+17   5.18822407E+06   0.00000000E+00   3.31591780E+06   0.31708585      
  31               3.08516931E-04   1.77707600E-02   204.48086521     2.45276985E-06   6.29475986E+17   5.18822402E+06   0.00000000E+00   3.30172229E+06   0.31471345      
  32               3.82198786E-04   2.15206103E-02   209.02569214     2.91915261E-06   7.45728521E+17   5.18820582E+06   0.00000000E+00   3.28769718E+06   0.31504812      
  33               4.73477780E-04   2.57307262E-02   217.93441860     3.34755797E-06   8.55169217E+17   5.18818039E+06   0.00000000E+00   3.27422923E+06   0.31242175      
  34               5.86556569E-04   3.08465727E-02   228.02494684     3.83553933E-06   9.79829236E+17   5.18821923E+06   0.00000000E+00   3.25995212E+06   0.31204312      
  35               7.26641509E-04   3.70768670E-02   237.10173919     4.43373953E-06   1.13264583E+18   5.18823448E+06   0.00000000E+00   3.24484401E+06   0.309271        
  36               9.00182369E-04   4.46672011E-02   245.99687933     5.14826660E-06   1.31517935E+18   5.18823658E+06   0.00000000E+00   3.22895689E+06   0.30909491      
  37               1.11516929E-03   5.39148874E-02   254.47882792     6.00701800E-06   1.53455651E+18   5.18824684E+06   0.00000000E+00   3.21232762E+06   0.30692022      
  38               1.38150068E-03   6.51781910E-02   263.47441959     7.01399953E-06   1.79180063E+18   5.18824422E+06   0.00000000E+00   3.19497546E+06   0.30683748      
  39               1.71143891E-03   7.88931767E-02   272.01382551     8.22337986E-06   2.10074967E+18   5.18825183E+06   0.00000000E+00   3.17691673E+06   0.30508098      
  40               2.12017497E-03   9.55878778E-02   281.48086417     9.62843783E-06   2.45968665E+18   5.18824432E+06   0.00000000E+00   3.15815488E+06   0.30504574      
  41               2.62652780E-03   1.15901527E-01   290.59443630     1.13084674E-05   2.88886804E+18   5.18825117E+06   0.00000000E+00   3.13868747E+06   0.30360184      
  42               3.25381085E-03   1.40608441E-01   300.95635006     1.32467631E-05   3.38402625E+18   5.18824002E+06   0.00000000E+00   3.11850094E+06   0.30349888      
  43               4.03090537E-03   1.70656600E-01   311.01283007     1.55577457E-05   3.97439129E+18   5.18824832E+06   0.00000000E+00   3.09756995E+06   0.30241583      
  44               4.99359024E-03   2.07201815E-01   322.67896114     1.82064299E-05   4.65102576E+18   5.18823476E+06   0.00000000E+00   3.07585571E+06   0.30235521      
  45               6.18618926E-03   2.51636761E-01   334.28366486     2.13432631E-05   5.45236312E+18   5.18824332E+06   0.00000000E+00   3.05331426E+06   0.30157664      
  46               7.66361189E-03   3.05630731E-01   347.82035182     2.49140266E-05   6.36455245E+18   5.18822971E+06   0.00000000E+00   3.02989933E+06   0.30143075      
  47               9.49388141E-03   3.71208549E-01   361.59446473     2.91070421E-05   7.43570302E+18   5.18823712E+06   0.00000000E+00   3.00554725E+06   0.30076966      
  48               1.17612668E-02   4.50820945E-01   377.85912249     3.38280009E-05   8.64171647E+18   5.18822446E+06   0.00000000E+00   2.98017590E+06   0.3006674       
  49               1.45701627E-02   5.47387222E-01   394.84530886     3.93069939E-05   1.00413825E+19   5.18822974E+06   0.00000000E+00   2.95369380E+06   0.30031713      
  50               1.80498959E-02   6.64373458E-01   414.70954734     4.54224334E-05   1.16036355E+19   5.18821821E+06   0.00000000E+00   2.92600752E+06   0.30020015      
  51               2.23606798E-02   8.05866515E-01   435.79714110     5.24299330E-05   1.33938235E+19   5.18822118E+06   0.00000000E+00   2.89701337E+06   0.29989224      
  52               2.77009907E-02   9.76869601E-01   460.37330554     6.01664741E-05   1.53692368E+19   5.18821199E+06   0.00000000E+00   2.86656580E+06   0.29981719      
  53               3.43167066E-02   1.18319240E+00   487.07305035     6.88807632E-05   1.75949125E+19   5.18253237E+06   5.63823749E+03   2.83451623E+06   0.29961576      
  54               4.25124273E-02   1.43161053E+00   516.22958266     7.86354774E-05   2.00866650E+19   5.17863499E+06   9.53609454E+03   2.80076224E+06   0.29949308      
  55               5.26654988E-02   1.73077571E+00   545.84086793     8.99106090E-05   2.29668049E+19   5.17631534E+06   1.18542760E+04   2.76518301E+06   0.29921892      
  56               6.52433875E-02   2.09193208E+00   578.27057239     1.02577456E-04   2.62024757E+19   5.18213528E+06   6.03942615E+03   2.72757639E+06   0.29909171      
  57               8.08252026E-02   2.52974548E+00   611.45876256     1.17312336E-04   2.99664636E+19   5.18819919E+06   0.00000000E+00   2.68766544E+06   0.29873857      
  58               1.00128360E-01   3.06336518E+00   646.32359674     1.34394174E-04   3.43300629E+19   5.18818857E+06   0.00000000E+00   2.64516720E+06   0.29848919      
  59               1.24041612E-01   3.71751083E+00   680.82644589     1.54826215E-04   3.95495608E+19   5.18820310E+06   0.00000000E+00   2.59981867E+06   0.29796278      
  60               1.53665970E-01   4.52412671E+00   717.96908534     1.78670910E-04   4.56409688E+19   5.18817845E+06   0.00000000E+00   2.55132121E+06   0.29765109      
  61               1.90365394E-01   5.52021518E+00   756.53650063     2.06893536E-04   5.28508480E+19   5.18820317E+06   0.00000000E+00   2.49951297E+06   0.29683217      
  62               2.35829593E-01   6.74669321E+00   799.86917479     2.39160032E-04   6.10938988E+19   5.18816652E+06   0.00000000E+00   2.44437592E+06   0.2962523       
  63               2.92151824E-01   8.24896391E+00   846.18283096     2.76407866E-04   7.06091582E+19   5.18819732E+06   0.00000000E+00   2.38594663E+06   0.29495753      
  64               3.61925265E-01   1.00761399E+01   897.50043283     3.18326796E-04   8.13177516E+19   5.18817160E+06   0.00000000E+00   2.32434813E+06   0.29402322      
  65               4.48362417E-01   1.22628665E+01   950.05205172     3.65978261E-04   9.34911368E+19   5.18818707E+06   0.00000000E+00   2.26028161E+06   0.29219768      
  66               5.55443005E-01   1.48319583E+01   1004.35294762    4.18718338E-04   1.06964084E+20   5.18816830E+06   0.00000000E+00   2.19465320E+06   0.29101466      
  67               6.88097217E-01   1.78150449E+01   1056.42713732    4.78148422E-04   1.22144302E+20   5.18824534E+06   0.00000000E+00   2.12798408E+06   0.28889121      
  68               8.52432700E-01   2.12571911E+01   1107.56915095    5.44197161E-04   1.39014744E+20   5.18816388E+06   0.00000000E+00   2.06050478E+06   0.28767065      
  69               1.05601576E+00   2.52031708E+01   1154.82626211    6.18811472E-04   1.58075430E+20   5.18833503E+06   0.00000000E+00   1.99250650E+06   0.2854727       
  70               1.30821975E+00   2.97050111E+01   1201.08136875    7.01254434E-04   1.79136106E+20   5.18809268E+06   0.00000000E+00   1.92416673E+06   0.2844022       
  71               1.62065660E+00   3.48351653E+01   1244.32915432    7.93778675E-04   2.02772212E+20   5.18848510E+06   0.00000000E+00   1.85540554E+06   0.28227418      
  72               2.00771148E+00   4.06952563E+01   1287.97129144    8.95885574E-04   2.28856601E+20   5.18788081E+06   0.00000000E+00   1.78591448E+06   0.28131107      
  73               2.48720511E+00   4.73681403E+01   1330.07064855    1.00977456E-03   2.57951147E+20   5.18879612E+06   0.00000000E+00   1.71575673E+06   0.27916408      
  74               3.08121427E+00   5.49172668E+01   1374.18615837    1.13311294E-03   2.89460418E+20   5.18750241E+06   0.00000000E+00   1.64518209E+06   0.27821432      
  75               3.81708825E+00   6.34064548E+01   1418.11043968    1.26773861E-03   3.23853993E+20   5.18910462E+06   0.00000000E+00   1.57435236E+06   0.27599182      
  76               4.72870805E+00   7.29966927E+01   1465.32152106    1.41244519E-03   3.60824564E+20   5.18745678E+06   0.00000000E+00   1.50268358E+06   0.27492934      
  77               5.85804632E+00   8.38410631E+01   1513.14684260    1.57098233E-03   4.01329922E+20   5.18904585E+06   0.00000000E+00   1.42988308E+06   0.27254101      
  78               7.25709989E+00   9.60283279E+01   1564.87398409    1.73983664E-03   4.44473462E+20   5.18777331E+06   0.00000000E+00   1.35616594E+06   0.27138834      
  79               8.99028379E+00   1.09569033E+02   1617.50140582    1.92054461E-03   4.90646834E+20   5.18831280E+06   0.00000000E+00   1.28208996E+06   0.26893459      
  80               1.11373970E+01   1.24389059E+02   1674.38695548    2.10619320E-03   5.38086614E+20   5.01066399E+06   1.77497561E+05   1.20840274E+06   0.26770653      
  81               1.37972966E+01   1.40420988E+02   1728.57608647    2.30418703E-03   5.88395527E+20   4.62908302E+06   5.59080265E+05   1.13561991E+06   0.26524704      
  82               1.70924493E+01   1.57751670E+02   1783.31130852    2.50907110E-03   6.40726435E+20   4.26572439E+06   9.22440390E+05   1.06354173E+06   0.26407494      
  83               2.11745701E+01   1.76478782E+02   1836.11857120    2.72620413E-03   6.96173702E+20   3.87959737E+06   1.30856963E+06   9.91937509E+05   0.26171436      
  84               2.62316072E+01   1.96558078E+02   1888.97120429    2.95160347E-03   7.53687649E+20   3.48338081E+06   1.70478890E+06   9.21151890E+05   0.26049726      
  85               3.24963962E+01   2.17621973E+02   1939.13777073    3.18419937E-03   8.12867795E+20   3.03274053E+06   2.15543467E+06   8.52441789E+05   0.25835327      
  86               4.02573794E+01   2.38992838E+02   1986.81760868    3.41468765E-03   8.71269930E+20   2.68939275E+06   2.49878599E+06   7.87629017E+05   0.25709634      
  87               4.98718870E+01   2.62639936E+02   2035.17925213    3.66662185E-03   9.34725170E+20   2.38430700E+06   2.80387733E+06   7.20796138E+05   0.25524293      
  88               6.17825886E+01   2.86541436E+02   2080.99872683    3.91245778E-03   9.97335913E+20   2.03587466E+06   3.15231988E+06   6.57689634E+05   0.25381399      
  89               7.65378750E+01   3.09811105E+02   2122.31743355    4.14767189E-03   1.05733469E+21   1.80933617E+06   3.37886986E+06   5.99924742E+05   0.25241651      
  90               9.48171070E+01   3.36497174E+02   2167.15008254    4.41150147E-03   1.12465229E+21   1.59833418E+06   3.58988718E+06   5.37538323E+05   0.25079763      
  91               1.17461894E+02   3.61311565E+02   2205.76808656    4.65499761E-03   1.18644566E+21   1.30944205E+06   3.87880361E+06   4.82777927E+05   0.24927903      
  92               1.45514845E+02   3.83179782E+02   2238.48205399    4.86442379E-03   1.23986616E+21   1.13993783E+06   4.04832741E+06   4.36822333E+05   0.2482421       
  93               1.80267568E+02   4.08739748E+02   2274.34818954    5.10688007E-03   1.30171455E+21   1.06588924E+06   4.12238146E+06   3.85540059E+05   0.24676039      
  94               2.23320145E+02   4.38495830E+02   2314.21993947    5.38378983E-03   1.37241886E+21   9.16598596E+05   4.27165651E+06   3.28791549E+05   0.24550214      
  95               2.76654794E+02   4.62658968E+02   2344.59830315    5.61220957E-03   1.42928349E+21   7.16276371E+05   4.47191665E+06   2.84826191E+05   0.24403599      
  96               3.42727143E+02   4.81366246E+02   2367.50322562    5.78246152E-03   1.47268850E+21   6.15186964E+05   4.57294317E+06   2.51987374E+05   0.24319382      
  97               4.24579284E+02   5.03777171E+02   2393.65278908    5.98534012E-03   1.52441484E+21   5.82265499E+05   4.60586586E+06   2.13893139E+05   0.2422368       
  98               5.25979842E+02   5.30538585E+02   2423.94631067    6.22422786E-03   1.58533051E+21   5.47313288E+05   4.64081898E+06   1.70047918E+05   0.24111937      
  99               6.51597486E+02   5.62375955E+02   2458.01110004    6.50594776E-03   1.65717641E+21   5.10139199E+05   4.67799450E+06   1.20016870E+05   0.23984462      
  100              8.07215886E+02   6.00107742E+02   2496.64982845    6.83455088E-03   1.74099464E+21   4.72735627E+05   4.71539938E+06   6.34323406E+04   0.23836542      
  101              1.00000000E+03   6.44660253E+02   2539.33448460    7.21795898E-03   1.83880986E+21   4.51868005E+05   4.73626593E+06   0.00000000E+00   0.23671629      
