# ATMO pressure-temperature profile
# Effective temperature = 1800.0K
# log(g) = 5.0cm/s^2
# M/H = 0.0
# Optical depth grid in band 17 (1.20-1.33microns)
# All parameters in cgs units
#
# Model Level      Optical Depth    Pressure         Temperature      Density          Number Density   Rad Flux         Conv Flux        Radial Extension Adiabatic Gradient
#                                   [Ba]             [K]              [g/cm^3]         [/cm^3]          [ergs/s/cm^2/sr] [ergs/s/cm^2/sr] [cm]             [K/Ba]          
  1                1.00000000E-07   1.00000000E-05   612.91815500     4.62151308E-10   1.18174386E+14   5.95203281E+08   0.00000000E+00   8.30500817E+06   0.29800689      
  2                1.25892541E-07   1.62676456E-05   625.57285220     7.36610869E-10   1.88353047E+14   5.95203281E+08   0.00000000E+00   8.19758608E+06   0.29796305      
  3                1.58489319E-07   2.43335084E-05   645.99173220     1.06696082E-09   2.72837216E+14   5.95203281E+08   0.00000000E+00   8.10660255E+06   0.29785533      
  4                1.99526231E-07   3.44144742E-05   650.32815941     1.49897803E-09   3.83296116E+14   5.95203281E+08   0.00000000E+00   8.02688877E+06   0.2978101       
  5                2.51188643E-07   4.69361504E-05   667.97214813     1.99030109E-09   5.08949805E+14   5.95203281E+08   0.00000000E+00   7.95439359E+06   0.29765145      
  6                3.16227766E-07   6.25641576E-05   671.11719139     2.64065267E-09   6.75232095E+14   5.95203281E+08   0.00000000E+00   7.88622392E+06   0.29760214      
  7                3.98107171E-07   8.20124820E-05   687.91277802     3.37687698E-09   8.63520036E+14   5.95203281E+08   0.00000000E+00   7.82109528E+06   0.29739551      
  8                5.01187234E-07   1.06293726E-04   690.68618400     4.35921810E-09   1.11468640E+15   5.95203281E+08   0.00000000E+00   7.75780876E+06   0.2975612       
  9                6.30957344E-07   1.36512112E-04   707.12587334     5.46817412E-09   1.39829980E+15   5.95203281E+08   0.00000000E+00   7.69591477E+06   0.29735221      
  10               7.94328235E-07   1.74193787E-04   709.78302086     6.95163734E-09   1.77759530E+15   5.95203281E+08   0.00000000E+00   7.63479701E+06   0.29730924      
  11               1.00000000E-06   2.21043727E-04   726.13906631     8.62235557E-09   2.20487632E+15   5.95203281E+08   0.00000000E+00   7.57428316E+06   0.29708273      
  12               1.25892541E-06   2.79374773E-04   728.83718721     1.08576457E-08   2.77640299E+15   5.95203281E+08   0.00000000E+00   7.51399657E+06   0.29703539      
  13               1.58489319E-06   3.51836199E-04   745.38129690     1.33699458E-08   3.41891157E+15   5.95203281E+08   0.00000000E+00   7.45385479E+06   0.29678662      
  14               1.99526231E-06   4.41954629E-04   748.24321114     1.67306702E-08   4.27819663E+15   5.95203281E+08   0.00000000E+00   7.39359971E+06   0.29673173      
  15               2.51188643E-06   5.53816926E-04   765.13791209     2.05019337E-08   5.24266784E+15   5.95203281E+08   0.00000000E+00   7.33320046E+06   0.29645631      
  16               3.16227766E-06   6.92836250E-04   768.18558708     2.55471860E-08   6.53266349E+15   5.95203281E+08   0.00000000E+00   7.27245585E+06   0.29639367      
  17               3.98107171E-06   8.65328182E-04   785.48530674     3.12042012E-08   7.97937034E+15   5.95203281E+08   0.00000000E+00   7.21136270E+06   0.2960906       
  18               5.01187234E-06   1.07954749E-03   788.76248655     3.87681994E-08   9.91337065E+15   5.95203281E+08   0.00000000E+00   7.14977193E+06   0.29601798      
  19               6.30957344E-06   1.34510792E-03   806.49936856     4.72419199E-08   1.20803339E+16   5.95203281E+08   0.00000000E+00   7.08771883E+06   0.29568317      
  20               7.94328235E-06   1.67450789E-03   810.02541848     5.85561342E-08   1.49731919E+16   5.95203281E+08   0.00000000E+00   7.02508991E+06   0.29559977      
  21               1.00000000E-05   2.08227894E-03   828.20329747     7.12171599E-08   1.82107482E+16   5.95203281E+08   0.00000000E+00   6.96194481E+06   0.295234        
  22               1.25892541E-05   2.58711156E-03   831.92115506     8.80897183E-08   2.25246903E+16   5.95203281E+08   0.00000000E+00   6.89820750E+06   0.29514025      
  23               1.58489319E-05   3.21074343E-03   850.45220184     1.06939674E-07   2.73452270E+16   5.95203281E+08   0.00000000E+00   6.83395390E+06   0.29474193      
  24               1.99526231E-05   3.98085340E-03   854.29073062     1.31996750E-07   3.37517527E+16   5.95203281E+08   0.00000000E+00   6.76913481E+06   0.29463891      
  25               2.51188643E-05   4.92965824E-03   873.15235537     1.59923008E-07   4.08933436E+16   5.95203281E+08   0.00000000E+00   6.70383065E+06   0.29421038      
  26               3.16227766E-05   6.09774184E-03   877.04173059     1.96944003E-07   5.03587121E+16   5.95203281E+08   0.00000000E+00   6.63801209E+06   0.29409953      
  27               3.98107171E-05   7.53292576E-03   896.30704324     2.38063372E-07   6.08741230E+16   5.95203280E+08   0.00000000E+00   6.57173082E+06   0.29363697      
  28               5.01187234E-05   9.29515000E-03   900.31585119     2.92453792E-07   7.47803245E+16   5.95203280E+08   0.00000000E+00   6.50494449E+06   0.29351637      
  29               6.30957344E-05   1.14547907E-02   920.02922876     3.52673798E-07   9.01802374E+16   5.95203281E+08   0.00000000E+00   6.43769837E+06   0.29320398      
  30               7.94328235E-05   1.41002077E-02   924.22389887     4.32161671E-07   1.10503022E+17   5.95203281E+08   0.00000000E+00   6.36993645E+06   0.29309929      
  31               1.00000000E-04   1.73384827E-02   944.64487578     5.19914913E-07   1.32943882E+17   5.95203280E+08   0.00000000E+00   6.30161999E+06   0.29257427      
  32               1.25892541E-04   2.13040343E-02   949.22380992     6.35760154E-07   1.62562013E+17   5.95203280E+08   0.00000000E+00   6.23264492E+06   0.29239382      
  33               1.58489319E-04   2.61565000E-02   970.49924922     7.63442282E-07   1.95213688E+17   5.95203281E+08   0.00000000E+00   6.16299373E+06   0.29182038      
  34               1.99526231E-04   3.21008433E-02   975.83885693     9.31837286E-07   2.38267152E+17   5.95203281E+08   0.00000000E+00   6.09251680E+06   0.29158697      
  35               2.51188643E-04   3.93818032E-02   998.44428137     1.11728720E-06   2.85691686E+17   5.95203281E+08   0.00000000E+00   6.02115972E+06   0.29083108      
  36               3.16227766E-04   4.83127348E-02   1004.89478031    1.36189403E-06   3.48230552E+17   5.95203284E+08   0.00000000E+00   5.94875886E+06   0.29054399      
  37               3.98107171E-04   5.92674930E-02   1029.27256786    1.63109512E-06   4.17072926E+17   5.95203272E+08   0.00000000E+00   5.87525798E+06   0.2898264       
  38               5.01187234E-04   7.27354574E-02   1037.43511044    1.98603199E-06   5.07821486E+17   5.95203282E+08   0.00000000E+00   5.80042898E+06   0.28958038      
  39               6.30957344E-04   8.92872886E-02   1064.05459075    2.37693454E-06   6.07787221E+17   5.95203284E+08   0.00000000E+00   5.72424820E+06   0.28874294      
  40               7.94328235E-04   1.09673327E-01   1074.48368884    2.89133766E-06   7.39310765E+17   5.95203282E+08   0.00000000E+00   5.64648479E+06   0.28833328      
  41               1.00000000E-03   1.34772611E-01   1104.19930146    3.45733877E-06   8.84056486E+17   5.95203257E+08   0.00000000E+00   5.56709910E+06   0.28740866      
  42               1.25892541E-03   1.65739146E-01   1117.73096040    4.20029268E-06   1.07402318E+18   5.95203309E+08   0.00000000E+00   5.48583811E+06   0.28698523      
  43               1.58489319E-03   2.03875967E-01   1151.24049534    5.01628245E-06   1.28270213E+18   5.95203251E+08   0.00000000E+00   5.40275455E+06   0.28595946      
  44               1.99526231E-03   2.50975377E-01   1168.99704750    6.08136931E-06   1.55504707E+18   5.95203284E+08   0.00000000E+00   5.31747914E+06   0.28531833      
  45               2.51188643E-03   3.09005262E-01   1207.49285921    7.24862891E-06   1.85356211E+18   5.95203262E+08   0.00000000E+00   5.23007651E+06   0.28396571      
  46               3.16227766E-03   3.80497720E-01   1230.63068166    8.75787262E-06   2.23949532E+18   5.95203301E+08   0.00000000E+00   5.14034747E+06   0.28305744      
  47               3.98107171E-03   4.67967644E-01   1275.16171114    1.03948252E-05   2.65813113E+18   5.95203251E+08   0.00000000E+00   5.04867220E+06   0.28137695      
  48               5.01187234E-03   5.74578698E-01   1304.65498991    1.24743822E-05   3.18991918E+18   5.95203301E+08   0.00000000E+00   4.95504885E+06   0.28017721      
  49               6.30957344E-03   7.03066505E-01   1355.75721571    1.46884085E-05   3.75612748E+18   5.95203248E+08   0.00000000E+00   4.86012697E+06   0.27841145      
  50               7.94328235E-03   8.56389137E-01   1391.74594906    1.74289441E-05   4.45694242E+18   5.95203152E+08   0.00000000E+00   4.76430091E+06   0.27723148      
  51               1.00000000E-02   1.03727280E+00   1448.74047052    2.02800610E-05   5.18594894E+18   5.95203298E+08   0.00000000E+00   4.66808831E+06   0.27520453      
  52               1.25892541E-02   1.24819197E+00   1489.99664774    2.37291931E-05   6.06766971E+18   5.95203408E+08   0.00000000E+00   4.57193962E+06   0.2735779       
  53               1.58489319E-02   1.48464754E+00   1551.15237065    2.71239132E-05   6.93257765E+18   5.95203171E+08   0.00000000E+00   4.47872883E+06   0.27124045      
  54               1.99526231E-02   1.73843141E+00   1595.24853618    3.08845707E-05   7.89323522E+18   5.95201918E+08   0.00000000E+00   4.39104467E+06   0.26951803      
  55               2.51188643E-02   2.00148237E+00   1656.31734682    3.42567329E-05   8.75253906E+18   5.95203483E+08   0.00000000E+00   4.31017069E+06   0.26720154      
  56               3.16227766E-02   2.24738339E+00   1708.16167414    3.73311924E-05   9.52958599E+18   5.91627892E+08   3.62962115E+06   4.24140293E+06   0.26515557      
  57               3.98107171E-02   2.46072631E+00   1749.57203154    3.99348437E-05   1.01872585E+19   5.86901319E+08   8.33147369E+06   4.18614710E+06   0.263441        
  58               5.01187234E-02   2.64940841E+00   1783.85086161    4.21821826E-05   1.07576202E+19   5.82198536E+08   1.29959451E+07   4.14017354E+06   0.26180661      
  59               6.30957344E-02   2.81193116E+00   1811.76668976    4.40790637E-05   1.12416032E+19   5.77770588E+08   1.74185741E+07   4.10248288E+06   0.26034139      
  60               7.94328235E-02   3.00291832E+00   1842.98078916    4.62726912E-05   1.18018082E+19   5.72097602E+08   2.30721680E+07   4.06019403E+06   0.2591213       
  61               1.00000000E-01   3.15556255E+00   1866.71568218    4.80482207E-05   1.22440320E+19   5.66699776E+08   2.84162562E+07   4.02781733E+06   0.25824092      
  62               1.25892541E-01   3.27192434E+00   1884.27265412    4.93548329E-05   1.25772400E+19   5.62064533E+08   3.30216540E+07   4.00392233E+06   0.25737428      
  63               1.58489319E-01   3.41149144E+00   1904.56467062    5.09105606E-05   1.29740152E+19   5.56674040E+08   3.84164012E+07   3.97607943E+06   0.25639046      
  64               1.99526231E-01   3.57761663E+00   1927.92620246    5.27410451E-05   1.34409274E+19   5.50186508E+08   4.49098007E+07   3.94401988E+06   0.25521754      
  65               2.51188643E-01   3.77364873E+00   1954.24948219    5.48793609E-05   1.39864438E+19   5.42302761E+08   5.27991688E+07   3.90758237E+06   0.2538788       
  66               3.16227766E-01   4.00266173E+00   1983.67221957    5.73434693E-05   1.46152018E+19   5.32912985E+08   6.21922088E+07   3.86675850E+06   0.25227112      
  67               3.98107171E-01   4.26936073E+00   2016.06244481    6.01774771E-05   1.53385643E+19   5.22117378E+08   7.29929062E+07   3.82135775E+06   0.250431        
  68               5.01187234E-01   4.58038701E+00   2051.80295080    6.34312150E-05   1.61693426E+19   5.09604856E+08   8.55141378E+07   3.77101587E+06   0.24829939      
  69               6.30957344E-01   4.94120426E+00   2090.57622604    6.71512331E-05   1.71195616E+19   4.94815648E+08   1.00312805E+08   3.71573054E+06   0.24590712      
  70               7.94328235E-01   5.35783477E+00   2132.46314267    7.13726546E-05   1.81984174E+19   4.77310273E+08   1.17828002E+08   3.65554950E+06   0.24314815      
  71               1.00000000E+00   5.83697728E+00   2177.01838527    7.61500667E-05   1.94201127E+19   4.56749041E+08   1.38398800E+08   3.59055666E+06   0.24016836      
  72               1.25892541E+00   6.38612311E+00   2224.31973183    8.15236954E-05   2.07953346E+19   4.32846052E+08   1.62310254E+08   3.52085982E+06   0.23678795      
  73               1.58489319E+00   7.01370997E+00   2273.79777893    8.75618613E-05   2.23419875E+19   4.05499591E+08   1.89665868E+08   3.44657887E+06   0.23300723      
  74               1.99526231E+00   7.72934142E+00   2325.51168766    9.43164930E-05   2.40740858E+19   3.74789255E+08   2.20383543E+08   3.36783046E+06   0.22885391      
  75               2.51188643E+00   8.54344399E+00   2378.83984406    1.01879777E-04   2.60131899E+19   3.41152018E+08   2.54019454E+08   3.28477688E+06   0.22454378      
  76               3.16227766E+00   9.46834814E+00   2433.95232447    1.10295048E-04   2.81765613E+19   3.05557185E+08   2.89607974E+08   3.19752397E+06   0.21998946      
  77               3.98107171E+00   1.05184229E+01   2490.22346879    1.19684553E-04   3.05941328E+19   2.69086784E+08   3.26071631E+08   3.10612756E+06   0.21529238      
  78               5.01187234E+00   1.17097505E+01   2547.89799633    1.30129132E-04   3.32882868E+19   2.32830925E+08   3.62317345E+08   3.01066530E+06   0.21050875      
  79               6.30957344E+00   1.30602035E+01   2606.33456610    1.41762812E-04   3.62949014E+19   1.98426813E+08   3.96708129E+08   2.91123504E+06   0.2055403       
  80               7.94328235E+00   1.45899542E+01   2665.73204328    1.54688457E-04   3.96427045E+19   1.67414447E+08   4.27705563E+08   2.80793062E+06   0.20074395      
  81               1.00000000E+01   1.63216078E+01   2725.64126012    1.69058583E-04   4.33730619E+19   1.40540482E+08   4.54566294E+08   2.70084715E+06   0.19581936      
  82               1.25892541E+01   1.82804469E+01   2786.10420577    1.85010439E-04   4.75242523E+19   1.18071183E+08   4.77025737E+08   2.59008492E+06   0.19113138      
  83               1.58489319E+01   2.04942345E+01   2846.87959047    2.02710063E-04   5.21420907E+19   9.94983945E+07   4.95593047E+08   2.47576805E+06   0.18675892      
  84               1.99526231E+01   2.29932490E+01   2908.06633146    2.22307516E-04   5.72692997E+19   8.40224823E+07   5.11068664E+08   2.35804414E+06   0.18256786      
  85               2.51188643E+01   2.58104821E+01   2969.33290296    2.43997187E-04   6.29597602E+19   7.09680893E+07   5.24129308E+08   2.23707787E+06   0.17866534      
  86               3.16227766E+01   2.89817504E+01   3030.86962787    2.67938918E-04   6.92601129E+19   5.98755413E+07   5.35238478E+08   2.11304580E+06   0.17499148      
  87               3.98107171E+01   3.25432869E+01   3092.26687048    2.94336140E-04   7.62272560E+19   5.04290984E+07   5.44712586E+08   1.98621957E+06   0.17151611      
  88               5.01187234E+01   3.65316158E+01   3153.65730616    3.23327985E-04   8.39035280E+19   4.24597730E+07   5.52716120E+08   1.85693133E+06   0.16838169      
  89               6.30957344E+01   4.09867421E+01   3214.75475569    3.55117388E-04   9.23467023E+19   3.56775465E+07   5.59537366E+08   1.72545008E+06   0.16554939      
  90               7.94328235E+01   4.59529232E+01   3275.76258167    3.89870865E-04   1.01607687E+20   2.99093770E+07   5.65349846E+08   1.59197887E+06   0.16295051      
  91               1.00000000E+02   5.14796006E+01   3336.41679916    4.27843456E-04   1.11758537E+20   2.50142679E+07   5.70293183E+08   1.45665561E+06   0.16066325      
  92               1.25892541E+02   5.76221152E+01   3397.06062780    4.69231511E-04   1.22860347E+20   2.08999146E+07   5.74456749E+08   1.31956072E+06   0.158646        
  93               1.58489319E+02   6.44424796E+01   3457.44714879    5.14352963E-04   1.35002724E+20   1.74719893E+07   5.77933471E+08   1.18072723E+06   0.15685117      
  94               1.99526231E+02   7.20096817E+01   3517.93661401    5.63451353E-04   1.48261613E+20   1.46535695E+07   5.80798591E+08   1.04015895E+06   0.15527929      
  95               2.51188643E+02   8.04016179E+01   3578.30922214    6.16915830E-04   1.62746913E+20   1.23091429E+07   5.83186037E+08   8.97817437E+05   0.15390626      
  96               3.16227766E+02   8.97067273E+01   3638.95721059    6.75057520E-04   1.78555776E+20   1.03513451E+07   5.85183159E+08   7.53622931E+05   0.15266909      
  97               3.98107171E+02   1.00025738E+02   3699.63607575    7.38379747E-04   1.95829718E+20   8.70073905E+06   5.86868992E+08   6.07459688E+05   0.1515939       
  98               5.01187234E+02   1.11473305E+02   3760.79844603    8.07275294E-04   2.14692393E+20   7.30984883E+06   5.88290181E+08   4.59182988E+05   0.15069816      
  99               6.30957344E+02   1.24179600E+02   3822.22405859    8.82369211E-04   2.35320604E+20   6.13480463E+06   5.89487717E+08   3.08628642E+05   0.14993627      
  100              7.94328235E+02   1.38291575E+02   3884.35156651    9.64159187E-04   2.57871313E+20   5.15801995E+06   5.90478916E+08   1.55626065E+05   0.14929694      
  101              1.00000000E+03   1.53975180E+02   3946.94610850    1.05341466E-03   2.82563047E+20   4.70721845E+06   5.90954993E+08   0.00000000E+00   0.14880223      
