# ATMO pressure-temperature profile
# Effective temperature = 400.0K
# log(g) = 4.5cm/s^2
# M/H = 0.0
# Optical depth grid in band 17 (1.20-1.33microns)
# All parameters in cgs units
#
# Model Level      Optical Depth    Pressure         Temperature      Density          Number Density   Rad Flux         Conv Flux        Radial Extension Adiabatic Gradient
#                                   [Ba]             [K]              [g/cm^3]         [/cm^3]          [ergs/s/cm^2/sr] [ergs/s/cm^2/sr] [cm]             [K/Ba]          
  1                5.00000000E-05   1.00000000E-05   59.30786510      4.75220900E-09   1.22127523E+15   1.45139535E+06   0.00000000E+00   1.03079267E+07   0.34612403      
  2                5.91534807E-05   1.45512013E-03   79.73095209      5.14374844E-07   1.32189737E+17   1.45139534E+06   0.00000000E+00   9.38361949E+06   0.31481522      
  3                6.99826855E-05   2.98843341E-03   94.15025808      8.94601554E-07   2.29904731E+17   1.45139527E+06   0.00000000E+00   9.31214086E+06   0.31484356      
  4                8.27943887E-05   4.66655833E-03   105.39968444     1.24781250E-06   3.20688383E+17   1.45139460E+06   0.00000000E+00   9.26191411E+06   0.31486326      
  5                9.79515255E-05   6.21318777E-03   116.15179035     1.50802298E-06   3.87448880E+17   1.45139053E+06   5.35202570E+00   9.22625619E+06   0.31487908      
  6                1.15883473E-04   7.00226895E-03   119.76620392     1.64812101E-06   4.23477502E+17   1.45138483E+06   1.13910925E+01   9.21042829E+06   0.31489272      
  7                1.37098216E-04   7.63329157E-03   123.93001767     1.73729741E-06   4.46129744E+17   1.45138107E+06   1.42820261E+01   9.19863468E+06   0.31490517      
  8                1.62196734E-04   8.11326385E-03   125.45114566     1.82414686E-06   4.68432272E+17   1.45137928E+06   1.53359141E+01   9.19010861E+06   0.31491691      
  9                1.91890027E-04   8.67848023E-03   129.04091100     1.89694653E-06   4.87126883E+17   1.45137947E+06   1.51329833E+01   9.18050007E+06   0.31492825      
  10               2.27019260E-04   9.34381106E-03   131.15616446     2.00943597E-06   5.16013638E+17   1.45138121E+06   1.35156065E+01   9.16972369E+06   0.3149394       
  11               2.68579588E-04   1.01266813E-02   135.46770203     2.10848352E-06   5.41448578E+17   1.45138410E+06   1.06437586E+01   9.15769640E+06   0.31943463      
  12               3.17748350E-04   1.10474310E-02   138.36413023     2.25204266E-06   5.78313888E+17   1.45138758E+06   7.30999685E+00   9.14433450E+06   0.3149617       
  13               3.75918418E-04   1.21299029E-02   143.39224962     2.38600023E-06   6.12713550E+17   1.45139029E+06   0.00000000E+00   9.12956747E+06   0.32293979      
  14               4.44737657E-04   1.34024979E-02   145.64936909     2.59546974E-06   6.66504335E+17   1.45139440E+06   0.00000000E+00   9.11339610E+06   0.31694582      
  15               5.26155608E-04   1.48977162E-02   151.81638167     2.76783325E-06   7.10766416E+17   1.45139633E+06   0.00000000E+00   9.09575496E+06   0.32554706      
  16               6.22478712E-04   1.66538494E-02   154.11008558     3.04805238E-06   7.82725372E+17   1.45139484E+06   0.00000000E+00   9.07663547E+06   0.32546467      
  17               7.36435649E-04   1.87165578E-02   158.83511283     3.32367343E-06   8.53503495E+17   1.45139582E+06   0.00000000E+00   9.05614191E+06   0.32583311      
  18               8.71254639E-04   2.11379697E-02   161.87446092     3.68319010E-06   9.45824971E+17   1.45139436E+06   0.00000000E+00   9.03425686E+06   0.325833        
  19               1.03075489E-03   2.39798037E-02   165.93117221     4.07621128E-06   1.04675123E+18   1.45139624E+06   0.00000000E+00   9.01106379E+06   0.32533653      
  20               1.21945479E-03   2.73130393E-02   169.68744879     4.54004897E-06   1.16585932E+18   1.45139529E+06   0.00000000E+00   8.98656144E+06   0.32533735      
  21               1.44269991E-03   3.12211955E-02   173.46307758     5.07670820E-06   1.30367195E+18   1.45139532E+06   0.00000000E+00   8.96081895E+06   0.32512549      
  22               1.70681442E-03   3.58011249E-02   177.42752282     5.69140285E-06   1.46150910E+18   1.45139563E+06   0.00000000E+00   8.93387517E+06   0.32507701      
  23               2.01928028E-03   4.11656274E-02   181.22458111     6.40707535E-06   1.64529385E+18   1.45139885E+06   0.00000000E+00   8.90578270E+06   0.32486283      
  24               2.38894914E-03   4.74452684E-02   185.81611166     7.20216245E-06   1.84941928E+18   1.45139123E+06   0.00000000E+00   8.87654960E+06   0.32471748      
  25               2.82629313E-03   5.47924126E-02   188.99880929     8.17729105E-06   2.09984479E+18   1.45139565E+06   0.00000000E+00   8.84627472E+06   0.32426102      
  26               3.34370152E-03   6.33788947E-02   194.36302697     9.19856015E-06   2.36187466E+18   1.45139863E+06   0.00000000E+00   8.81496662E+06   0.32397459      
  27               3.95583167E-03   7.34003851E-02   198.32590269     1.04397419E-05   2.68067855E+18   1.45139380E+06   0.00000000E+00   8.78262755E+06   0.32323286      
  28               4.68002425E-03   8.50747714E-02   204.22140058     1.17546396E-05   3.01734785E+18   1.45139444E+06   0.00000000E+00   8.74929987E+06   0.32282792      
  29               5.53679448E-03   9.86324096E-02   208.59238418     1.33395182E-05   3.42489321E+18   1.45139981E+06   0.00000000E+00   8.71506179E+06   0.32183771      
  30               6.55041330E-03   1.14229060E-01   215.10041238     1.50056267E-05   3.84645982E+18   1.45139276E+06   0.00000000E+00   8.68019109E+06   0.32132174      
  31               7.74959494E-03   1.31857073E-01   222.21353986     1.67582569E-05   4.29792422E+18   1.45139045E+06   0.00000000E+00   8.64503813E+06   0.32012842      
  32               9.16831029E-03   1.51569361E-01   232.93305318     1.84493968E-05   4.71309441E+18   1.45135931E+06   3.60600191E+01   8.60956879E+06   0.31954666      
  33               1.08467493E-02   1.73017255E-01   242.36647759     2.02403835E-05   5.17062101E+18   1.45099359E+06   4.01847238E+02   8.57447064E+06   0.31831683      
  34               1.28324595E-02   1.97993281E-01   253.61113800     2.21352281E-05   5.65467917E+18   1.45139586E+06   0.00000000E+00   8.53715663E+06   0.31764513      
  35               1.51816929E-02   2.27081723E-01   263.79303863     2.44073552E-05   6.23511820E+18   1.45139549E+06   0.00000000E+00   8.49758188E+06   0.31628297      
  36               1.79609996E-02   2.60976326E-01   274.04442482     2.70011345E-05   6.89772666E+18   1.45139609E+06   0.00000000E+00   8.45582970E+06   0.3154732       
  37               2.12491128E-02   3.00470373E-01   284.54881340     2.99396520E-05   7.64840219E+18   1.45139521E+06   0.00000000E+00   8.41190415E+06   0.31416808      
  38               2.51391797E-02   3.46481972E-01   295.78779663     3.32125531E-05   8.48449953E+18   1.45139565E+06   0.00000000E+00   8.36576253E+06   0.31278178      
  39               2.97413996E-02   4.00076706E-01   307.83790039     3.68487744E-05   9.41341091E+18   1.45139555E+06   0.00000000E+00   8.31731636E+06   0.31090094      
  40               3.51861462E-02   4.62464498E-01   321.66740446     4.07636642E-05   1.04135111E+19   1.44998675E+06   1.40880243E+03   8.26641241E+06   0.30935269      
  41               4.16276604E-02   5.35014915E-01   336.79794099     4.50399952E-05   1.15059452E+19   1.44343090E+06   7.96473974E+03   8.21286923E+06   0.3077131       
  42               4.92484201E-02   6.19336763E-01   351.91686143     4.98986339E-05   1.27471361E+19   1.43162738E+06   1.97682137E+04   8.15662258E+06   0.30641372      
  43               5.82643093E-02   7.17322478E-01   368.46048253     5.51982676E-05   1.41009822E+19   1.41419134E+06   3.72043680E+04   8.09758131E+06   0.30530402      
  44               6.89307339E-02   8.31161222E-01   384.98643765     6.12127325E-05   1.56374409E+19   1.39168142E+06   5.97142727E+04   8.03565054E+06   0.3043723       
  45               8.15498567E-02   9.63366922E-01   403.06430447     6.77671442E-05   1.73118401E+19   1.36513040E+06   8.62654193E+04   7.97073933E+06   0.30350779      
  46               9.64791575E-02   1.11680670E+00   421.09836409     7.51966593E-05   1.92096874E+19   1.33696393E+06   1.14431945E+05   7.90276729E+06   0.30266228      
  47               1.14141560E-01   1.29472193E+00   440.79013493     8.32815359E-05   2.12750446E+19   1.30993863E+06   1.41457306E+05   7.83167222E+06   0.30193996      
  48               1.35037411E-01   1.50081833E+00   460.40272941     9.24260389E-05   2.36110920E+19   1.28666044E+06   1.64735692E+05   7.75738761E+06   0.30136041      
  49               1.59758657E-01   1.73924601E+00   481.79457512     1.02353990E-04   2.61471856E+19   1.26834119E+06   1.83054909E+05   7.67986876E+06   0.30095951      
  50               1.89005613E-01   2.01479455E+00   503.07379521     1.13556023E-04   2.90084758E+19   1.25840410E+06   1.92992039E+05   7.59904461E+06   0.30059021      
  51               2.23606798E-01   2.33328041E+00   526.28290428     1.25714185E-04   3.21124552E+19   1.25726421E+06   1.94131671E+05   7.51474944E+06   0.30032986      
  52               2.64542408E-01   2.70143576E+00   549.39298717     1.39427362E-04   3.56153628E+19   1.26026379E+06   1.91132141E+05   7.42681378E+06   0.30011461      
  53               3.12972084E-01   3.12659194E+00   574.59960295     1.54291535E-04   3.94122947E+19   1.26022013E+06   1.91175710E+05   7.33514877E+06   0.29995536      
  54               3.70267763E-01   3.61722108E+00   599.66922718     1.71040547E-04   4.36907128E+19   1.25156320E+06   1.99832462E+05   7.23964227E+06   0.29982397      
  55               4.38052539E-01   4.18399006E+00   627.04550017     1.89202389E-04   4.83300705E+19   1.23051414E+06   2.20881781E+05   7.14001148E+06   0.29966165      
  56               5.18246648E-01   4.84003831E+00   654.35173711     2.09735267E-04   5.35751480E+19   1.19910142E+06   2.52293955E+05   7.03586678E+06   0.29950907      
  57               6.13121862E-01   5.60164887E+00   684.31266194     2.32109813E-04   5.92907776E+19   1.15967659E+06   2.91719398E+05   6.92670989E+06   0.29934805      
  58               7.25365844E-01   6.48747789E+00   714.32623592     2.57519019E-04   6.57817055E+19   1.11885440E+06   3.32540890E+05   6.81213242E+06   0.29920642      
  59               8.58158289E-01   7.51925520E+00   747.32747461     2.85292924E-04   7.28768706E+19   1.08075501E+06   3.70640698E+05   6.69175729E+06   0.29898496      
  60               1.01526100E+00   8.72362741E+00   780.46343578     3.16933885E-04   8.09599789E+19   1.05205091E+06   3.99344742E+05   6.56509954E+06   0.29875283      
  61               1.20112443E+00   1.01326928E+01   816.98585077     3.51666779E-04   8.98330571E+19   1.03535858E+06   4.16036421E+05   6.43162998E+06   0.29847454      
  62               1.42101382E+00   1.17773605E+01   853.60923615     3.91209349E-04   9.99343299E+19   1.03346862E+06   4.17927266E+05   6.29141024E+06   0.29816851      
  63               1.68115827E+00   1.36842480E+01   893.56154186     4.34226223E-04   1.10923179E+20   1.04915885E+06   4.02235863E+05   6.14510370E+06   0.29771632      
  64               1.98892727E+00   1.58731260E+01   932.92677209     4.82427169E-04   1.23236895E+20   1.08551532E+06   3.65879880E+05   5.99387013E+06   0.29717057      
  65               2.35303941E+00   1.83696292E+01   975.27381105     5.34058062E-04   1.36426792E+20   1.14206014E+06   3.09334513E+05   5.83833712E+06   0.29655124      
  66               2.78380943E+00   2.11977772E+01   1016.48908203    5.91291736E-04   1.51047466E+20   1.21563955E+06   2.35754028E+05   5.67918679E+06   0.29580793      
  67               3.29344035E+00   2.43749146E+01   1060.38715535    6.51772987E-04   1.66496260E+20   1.29701977E+06   1.54374272E+05   5.51734607E+06   0.29492639      
  68               3.89636920E+00   2.79125178E+01   1102.42490442    7.17919020E-04   1.83390079E+20   1.38440835E+06   6.69813251E+04   5.35380604E+06   0.29391307      
  69               4.60967600E+00   3.18261417E+01   1146.86322091    7.86857485E-04   2.01000995E+20   1.45124234E+06   0.00000000E+00   5.18914394E+06   0.29279438      
  70               5.45356761E+00   3.61642628E+01   1187.98103599    8.63162155E-04   2.20493579E+20   1.45239282E+06   0.00000000E+00   5.02268477E+06   0.29153156      
  71               6.45195012E+00   4.09745355E+01   1227.26898987    9.46662595E-04   2.41824399E+20   1.45322455E+06   0.00000000E+00   4.85440722E+06   0.2901463       
  72               7.63310614E+00   4.62960190E+01   1265.66164055    1.03715952E-03   2.64942646E+20   1.45341560E+06   0.00000000E+00   4.68457790E+06   0.28872392      
  73               9.03049593E+00   5.21597384E+01   1303.65919359    1.13446018E-03   2.89799194E+20   1.45349668E+06   0.00000000E+00   4.51363299E+06   0.28713935      
  74               1.06837053E+01   5.85896824E+01   1341.73405769    1.23814271E-03   3.16286416E+20   1.45330269E+06   0.00000000E+00   4.34206840E+06   0.2856463       
  75               1.26395671E+01   6.56192944E+01   1380.09578602    1.34814305E-03   3.44388123E+20   1.45333044E+06   0.00000000E+00   4.17000893E+06   0.28392764      
  76               1.49534878E+01   7.33352136E+01   1419.09242371    1.46525302E-03   3.74306802E+20   1.45349852E+06   0.00000000E+00   3.99640321E+06   0.28242773      
  77               1.76910170E+01   8.18246581E+01   1458.85286914    1.59030302E-03   4.06254837E+20   1.45361613E+06   0.00000000E+00   3.82053642E+06   0.28060493      
  78               2.09297047E+01   9.11493122E+01   1499.64070766    1.72333248E-03   4.40242549E+20   1.45300444E+06   0.00000000E+00   3.64241784E+06   0.27901072      
  79               2.47612977E+01   1.01342559E+02   1541.46364904    1.86404554E-03   4.76194548E+20   1.45086214E+06   0.00000000E+00   3.46257178E+06   0.27731339      
  80               2.92943389E+01   1.12407186E+02   1584.47771334    2.01140878E-03   5.13846948E+20   1.44716898E+06   0.00000000E+00   3.28187108E+06   0.27568065      
  81               3.46572422E+01   1.24313397E+02   1628.62970179    2.16416765E-03   5.52867960E+20   1.42017071E+06   3.11965898E+04   3.10141090E+06   0.27380927      
  82               4.10019301E+01   1.37059397E+02   1672.88139741    2.32285794E-03   5.93430011E+20   1.35034281E+06   1.01070718E+05   2.92164016E+06   0.27230846      
  83               4.85081376E+01   1.50632500E+02   1716.06243714    2.48983575E-03   6.35786699E+20   1.27266188E+06   1.78790572E+05   2.74314178E+06   0.27040009      
  84               5.73885036E+01   1.65076317E+02   1759.16664520    2.66171028E-03   6.79678650E+20   1.19850271E+06   2.52996908E+05   2.56571508E+06   0.26902485      
  85               6.78945948E+01   1.80447644E+02   1801.49637137    2.84114340E-03   7.25510436E+20   1.11889761E+06   3.32670043E+05   2.38895427E+06   0.26719268      
  86               8.03240320E+01   1.96685201E+02   1843.47331473    3.02632077E-03   7.72788530E+20   1.03304204E+06   4.18661653E+05   2.21384087E+06   0.26582644      
  87               9.50289215E+01   2.13634494E+02   1884.18627641    3.21621216E-03   8.21246211E+20   9.57290311E+05   4.94510379E+05   2.04204042E+06   0.26417562      
  88               1.12425830E+02   2.31832670E+02   1925.30607830    3.41607058E-03   8.72169097E+20   8.82270425E+05   5.69662106E+05   1.86842175E+06   0.2627193       
  89               1.33007583E+02   2.50631325E+02   1964.93006821    3.61971536E-03   9.23876864E+20   7.89107978E+05   6.63203243E+05   1.69936402E+06   0.26126782      
  90               1.57357229E+02   2.69668222E+02   2002.87277597    3.82270912E-03   9.75219211E+20   7.18902115E+05   7.33599647E+05   1.53752486E+06   0.25989027      
  91               1.86164557E+02   2.90396281E+02   2041.59018785    4.04152242E-03   1.03026351E+21   6.51493994E+05   8.01249005E+05   1.37075604E+06   0.25846987      
  92               2.20245630E+02   3.10872929E+02   2077.85240198    4.25130964E-03   1.08366251E+21   5.64341348E+05   8.89184559E+05   1.21453771E+06   0.25719972      
  93               2.60565913E+02   3.30200284E+02   2110.16696845    4.44634128E-03   1.13340849E+21   5.08442860E+05   9.45587434E+05   1.07396204E+06   0.255838        
  94               3.08267614E+02   3.51745901E+02   2144.56602711    4.66034539E-03   1.18799733E+21   4.83549884E+05   9.70426153E+05   9.24287133E+05   0.25476071      
  95               3.64702046E+02   3.75707411E+02   2180.72975900    4.89504123E-03   1.24788266E+21   4.32305367E+05   1.02212996E+06   7.65641728E+05   0.25343991      
  96               4.31467909E+02   3.97427271E+02   2211.96879650    5.10615924E-03   1.30138114E+21   3.59177550E+05   1.09615721E+06   6.28254195E+05   0.25217057      
  97               5.10456573E+02   4.16076680E+02   2237.58203336    5.28443609E-03   1.34685316E+21   3.16724443E+05   1.13896797E+06   5.14722051E+05   0.25096563      
  98               6.03905660E+02   4.37185249E+02   2265.53587773    5.48385303E-03   1.39772069E+21   3.01433699E+05   1.15416059E+06   3.90723429E+05   0.25002456      
  99               7.14462436E+02   4.60989658E+02   2295.67030167    5.70633670E-03   1.45447917E+21   2.85374748E+05   1.17006625E+06   2.56157173E+05   0.24899025      
  100              8.45258798E+02   4.87783900E+02   2328.16316465    5.95387487E-03   1.51753909E+21   2.48035773E+05   1.20586245E+06   1.10786022E+05   0.24786507      
  101              1.00000000E+03   5.08985964E+02   2352.72595183    6.15307414E-03   1.56696863E+21   2.18424520E+05   1.23360162E+06   0.00000000E+00   0.2466632       
