# ATMO pressure-temperature profile
# Effective temperature = 2900.0K
# log(g) = 5.0cm/s^2
# M/H = 0.0
# Optical depth grid in band 17 (1.20-1.33microns)
# All parameters in cgs units
#
# Model Level      Optical Depth    Pressure         Temperature      Density          Number Density   Rad Flux         Conv Flux        Radial Extension Adiabatic Gradient
#                                   [Ba]             [K]              [g/cm^3]         [/cm^3]          [ergs/s/cm^2/sr] [ergs/s/cm^2/sr] [cm]             [K/Ba]          
  1                1.00000000E-08   1.00000000E-05   1311.42889132    2.16728945E-10   5.52307693E+13   4.01021425E+09   0.00000000E+00   1.47295640E+07   0.28073861      
  2                1.28824955E-08   1.01949966E-05   1412.34310285    2.05037397E-10   5.22844703E+13   4.01021425E+09   0.00000000E+00   1.47203127E+07   0.27458696      
  3                1.65958691E-08   1.04449517E-05   1317.15389031    2.25385384E-10   5.74375300E+13   4.01021425E+09   0.00000000E+00   1.47086841E+07   0.27997398      
  4                2.13796209E-08   1.07655721E-05   1417.65942043    2.15692559E-10   5.50035910E+13   4.01021425E+09   0.00000000E+00   1.46941409E+07   0.2743569       
  5                2.75422870E-08   1.11762695E-05   1323.67211064    2.39975059E-10   6.11564529E+13   4.01021425E+09   0.00000000E+00   1.46760872E+07   0.2792558       
  6                3.54813389E-08   1.17024384E-05   1424.49029458    2.33328523E-10   5.95035268E+13   4.01021425E+09   0.00000000E+00   1.46538485E+07   0.27412385      
  7                4.57088190E-08   1.23752549E-05   1332.25444963    2.64002885E-10   6.72810584E+13   4.01021425E+09   0.00000000E+00   1.46267369E+07   0.27875015      
  8                5.88843655E-08   1.32357252E-05   1433.51323764    2.62224751E-10   6.68762441E+13   4.01021425E+09   0.00000000E+00   1.45940295E+07   0.27384511      
  9                7.58577575E-08   1.43334994E-05   1343.53754660    3.03203123E-10   7.72730876E+13   4.01021425E+09   0.00000000E+00   1.45550930E+07   0.27835174      
  10               9.77237221E-08   1.57345089E-05   1445.18370820    3.09192961E-10   7.88598550E+13   4.01021425E+09   0.00000000E+00   1.45093302E+07   0.27349923      
  11               1.25892541E-07   1.75172979E-05   1357.90638081    3.66619082E-10   9.34379123E+13   4.01021425E+09   0.00000000E+00   1.44563730E+07   0.27785396      
  12               1.62181010E-07   1.97870830E-05   1459.91198335    3.84875739E-10   9.81704863E+13   4.01021424E+09   0.00000000E+00   1.43959404E+07   0.27307225      
  13               2.08929613E-07   2.26671204E-05   1375.74973946    4.68227861E-10   1.19339098E+14   4.01021424E+09   0.00000000E+00   1.43280893E+07   0.27723724      
  14               2.69153480E-07   2.63237586E-05   1478.18016123    5.05641968E-10   1.28987127E+14   4.01021424E+09   0.00000000E+00   1.42529291E+07   0.27254917      
  15               3.46736850E-07   3.09481837E-05   1397.62158631    6.29248734E-10   1.60387828E+14   4.01021424E+09   0.00000000E+00   1.41709370E+07   0.27647754      
  16               4.46683592E-07   3.68000093E-05   1500.70056343    6.96174020E-10   1.77615034E+14   4.01021424E+09   0.00000000E+00   1.40825109E+07   0.27191115      
  17               5.75439937E-07   4.41706730E-05   1424.35560487    8.81167259E-10   2.24616382E+14   4.01021424E+09   0.00000000E+00   1.39883945E+07   0.27553163      
  18               7.41310241E-07   5.34557051E-05   1528.71161234    9.92528874E-10   2.53276174E+14   4.01021423E+09   0.00000000E+00   1.38890951E+07   0.27112923      
  19               9.54992586E-07   6.50792678E-05   1457.98909431    1.26816416E-09   3.23306341E+14   4.01021422E+09   0.00000000E+00   1.37854794E+07   0.27423849      
  20               1.23026877E-06   7.92487070E-05   1582.82092372    1.42003833E-09   3.62648798E+14   4.01021419E+09   0.00000000E+00   1.36798636E+07   0.27031616      
  21               1.58489319E-06   9.38697937E-05   1612.69103321    1.64987811E-09   4.21599932E+14   4.01021419E+09   0.00000000E+00   1.35843400E+07   0.27185306      
  22               2.04173794E-06   1.12191553E-04   1613.00885884    1.97199046E-09   5.03789655E+14   4.01021420E+09   0.00000000E+00   1.34827643E+07   0.20213921      
  23               2.63026799E-06   1.35149750E-04   1642.85337975    2.33089861E-09   5.95857321E+14   4.01021420E+09   0.00000000E+00   1.33756790E+07   0.19250727      
  24               3.38844156E-06   1.63870008E-04   1644.35995435    2.82437018E-09   7.21819188E+14   4.01021420E+09   0.00000000E+00   1.32637437E+07   0.19808457      
  25               4.36515832E-06   1.99778534E-04   1674.74411089    3.37851826E-09   8.64024787E+14   4.01021421E+09   0.00000000E+00   1.31474971E+07   0.18736614      
  26               5.62341325E-06   2.44615470E-04   1677.41309536    4.13130584E-09   1.05625731E+15   4.01021421E+09   0.00000000E+00   1.30274836E+07   0.19400647      
  27               7.24435960E-06   3.00603810E-04   1708.23847596    4.98170619E-09   1.27459386E+15   4.01021421E+09   0.00000000E+00   1.29040677E+07   0.18284121      
  28               9.33254301E-06   3.70438890E-04   1711.95900013    6.12741889E-09   1.56728889E+15   4.01021421E+09   0.00000000E+00   1.27776678E+07   0.18970419      
  29               1.20226443E-05   4.57536903E-04   1743.19278843    7.42686318E-09   1.90110694E+15   4.01021421E+09   0.00000000E+00   1.26485538E+07   0.17877947      
  30               1.54881662E-05   5.66028763E-04   1747.93429919    9.16565195E-09   2.34552051E+15   4.01021422E+09   0.00000000E+00   1.25170574E+07   0.18535406      
  31               1.99526231E-05   7.01127165E-04   1779.61173443    1.11422319E-08   2.85362810E+15   4.01021422E+09   0.00000000E+00   1.23833705E+07   0.17561034      
  32               2.57039578E-05   8.69118762E-04   1785.34980830    1.37715651E-08   3.52599461E+15   4.01021422E+09   0.00000000E+00   1.22477546E+07   0.18178909      
  33               3.31131121E-05   1.07790985E-03   1817.43720085    1.67641437E-08   4.29584760E+15   4.01021422E+09   0.00000000E+00   1.21103390E+07   0.17214034      
  34               4.26579519E-05   1.33700006E-03   1824.12677931    2.07234642E-08   5.30887191E+15   4.01021422E+09   0.00000000E+00   1.19713341E+07   0.17792145      
  35               5.49540874E-05   1.65829686E-03   1856.55062766    2.52321026E-08   6.46965795E+15   4.01021422E+09   0.00000000E+00   1.18308249E+07   0.16887452      
  36               7.07945784E-05   2.05604288E-03   1864.14153006    3.11658571E-08   7.98875543E+15   4.01021422E+09   0.00000000E+00   1.16889876E+07   0.17432303      
  37               9.12010839E-05   2.54803527E-03   1896.79500443    3.79233219E-08   9.72995604E+15   4.01021423E+09   0.00000000E+00   1.15458769E+07   0.16635953      
  38               1.17489755E-04   3.15544691E-03   1905.23784222    4.67692732E-08   1.19960293E+16   4.01021423E+09   0.00000000E+00   1.14016487E+07   0.17141013      
  39               1.51356125E-04   3.90463837E-03   1938.03925207    5.68393140E-08   1.45929834E+16   4.01021423E+09   0.00000000E+00   1.12563391E+07   0.16357699      
  40               1.94984460E-04   4.82674111E-03   1947.38878646    6.99449811E-08   1.79525928E+16   4.01021423E+09   0.00000000E+00   1.11100954E+07   0.16821185      
  41               2.51188643E-04   5.96037764E-03   1980.30524200    8.48528078E-08   2.18005515E+16   4.01021423E+09   0.00000000E+00   1.09629427E+07   0.16120409      
  42               3.23593657E-04   7.35080326E-03   1990.66635983    1.04130616E-07   2.67462046E+16   4.01021423E+09   0.00000000E+00   1.08150230E+07   0.16548893      
  43               4.16869383E-04   9.05385710E-03   2023.81486287    1.26025841E-07   3.24032592E+16   4.01021423E+09   0.00000000E+00   1.06663558E+07   0.15914248      
  44               5.37031796E-04   1.11344784E-02   2035.37905850    1.54143507E-07   3.96232791E+16   4.01021423E+09   0.00000000E+00   1.05170760E+07   0.16298566      
  45               6.91830971E-04   1.36728017E-02   2068.94712611    1.86012953E-07   4.78667524E+16   4.01021423E+09   0.00000000E+00   1.03671702E+07   0.15665534      
  46               8.91250938E-04   1.67612368E-02   2082.09509043    2.26630827E-07   5.83084291E+16   4.01021423E+09   0.00000000E+00   1.02167495E+07   0.15979865      
  47               1.14815362E-03   2.05126463E-02   2116.43041150    2.72541946E-07   7.02010386E+16   4.01021424E+09   0.00000000E+00   1.00658025E+07   0.1542201       
  48               1.47910839E-03   2.50558480E-02   2131.53415516    3.30576771E-07   8.51417650E+16   4.01021423E+09   0.00000000E+00   9.91444315E+06   0.15696394      
  49               1.90546072E-03   3.05468119E-02   2167.12855430    3.95901280E-07   1.02095607E+17   4.01021424E+09   0.00000000E+00   9.76265925E+06   0.15183851      
  50               2.45470892E-03   3.71612107E-02   2184.82540733    4.77701603E-07   1.23196666E+17   4.01021423E+09   0.00000000E+00   9.61056297E+06   0.15389022      
  51               3.16227766E-03   4.51102899E-02   2222.24555680    5.69294500E-07   1.47031169E+17   4.01021424E+09   0.00000000E+00   9.45813035E+06   0.14883822      
  52               4.07380278E-03   5.46281732E-02   2243.27572770    6.82764156E-07   1.76384273E+17   4.01021423E+09   0.00000000E+00   9.30546630E+06   0.1500833       
  53               5.24807460E-03   6.59934798E-02   2283.37839806    8.08912153E-07   2.09338439E+17   4.01021424E+09   0.00000000E+00   9.15253190E+06   0.144779        
  54               6.76082975E-03   7.95078976E-02   2308.83296695    9.63224071E-07   2.49427075E+17   4.01021423E+09   0.00000000E+00   8.99942873E+06   0.14486404      
  55               8.70963590E-03   9.54700198E-02   2352.47633073    1.13276099E-06   2.93946024E+17   4.01021425E+09   0.00000000E+00   8.84660759E+06   0.1393704       
  56               1.12201845E-02   1.14230883E-01   2384.65001213    1.33537447E-06   3.46964246E+17   4.01021422E+09   0.00000000E+00   8.69406669E+06   0.1384986       
  57               1.44543977E-02   1.36165760E-01   2442.04227263    1.54835767E-06   4.03869052E+17   4.00859912E+09   1.58718041E+06   8.54150951E+06   0.13223973      
  58               1.86208714E-02   1.61427935E-01   2496.25366636    1.78859190E-06   4.68398843E+17   4.00021735E+09   9.94094726E+06   8.38969589E+06   0.12714176      
  59               2.39883292E-02   1.90513294E-01   2548.61453228    2.05889356E-06   5.41435803E+17   3.98479163E+09   2.53527985E+07   8.23811954E+06   0.12293687      
  60               3.09029543E-02   2.24050177E-01   2598.96713460    2.36438711E-06   6.24410711E+17   3.96160626E+09   4.85265797E+07   8.08610904E+06   0.11939659      
  61               3.98107171E-02   2.62729295E-01   2648.39554565    2.70890652E-06   7.18540897E+17   3.92975040E+09   8.03728238E+07   7.93326574E+06   0.11638736      
  62               5.12861384E-02   3.07308505E-01   2696.42228810    3.09839043E-06   8.25491321E+17   3.88820540E+09   1.21911480E+08   7.77938249E+06   0.11398765      
  63               6.60693448E-02   3.58616320E-01   2744.11547802    3.53662837E-06   9.46571677E+17   3.83567042E+09   1.74443349E+08   7.62437796E+06   0.11193195      
  64               8.51138038E-02   4.17564524E-01   2790.68261936    4.03081338E-06   1.08377465E+18   3.77069984E+09   2.39414363E+08   7.46824260E+06   0.11025661      
  65               1.09647820E-01   4.85160126E-01   2837.22829548    4.58480743E-06   1.23855888E+18   3.69153932E+09   3.18579806E+08   7.31099532E+06   0.10882804      
  66               1.41253754E-01   5.62520487E-01   2882.80683746    5.20746543E-06   1.41334648E+18   3.59619712E+09   4.13930484E+08   7.15266484E+06   0.1077079       
  67               1.81970086E-01   6.50887243E-01   2928.61272390    5.90271167E-06   1.60979159E+18   3.48216861E+09   5.27969650E+08   6.99327163E+06   0.10672576      
  68               2.34422882E-01   7.51652779E-01   2973.53153867    6.68185301E-06   1.83092501E+18   3.34679603E+09   6.63354281E+08   6.83281565E+06   0.10594701      
  69               3.01995172E-01   8.66384864E-01   3018.86745088    7.54905396E-06   2.07870400E+18   3.18724590E+09   8.22915577E+08   6.67126505E+06   0.10528154      
  70               3.89045145E-01   9.96819510E-01   3063.39681401    8.51857328E-06   2.35688891E+18   3.00129862E+09   1.00887246E+09   6.50860535E+06   0.10482652      
  71               5.01187234E-01   1.14486943E+00   3108.53862023    9.59407861E-06   2.66762963E+18   2.78756803E+09   1.22261042E+09   6.34483309E+06   0.10447699      
  72               6.45654229E-01   1.31271879E+00   3152.95368615    1.07937520E-05   3.01564315E+18   2.54702202E+09   1.46315945E+09   6.17988497E+06   0.10429124      
  73               8.31763771E-01   1.50286356E+00   3198.18259133    1.21216742E-05   3.40362840E+18   2.28361288E+09   1.72656121E+09   6.01364588E+06   0.10421255      
  74               1.07151931E+00   1.71814940E+00   3242.81596106    1.36013579E-05   3.83764203E+18   2.00538016E+09   2.00477698E+09   5.84597494E+06   0.10429186      
  75               1.38038426E+00   1.96182728E+00   3288.49478513    1.52371976E-05   4.32105160E+18   1.72365501E+09   2.28647898E+09   5.67670177E+06   0.10440196      
  76               1.77827941E+00   2.23761457E+00   3333.66692705    1.70600384E-05   4.86170848E+18   1.45198512E+09   2.55812351E+09   5.50564278E+06   0.1045743       
  77               2.29086765E+00   2.54976751E+00   3380.05342377    1.90749728E-05   5.46390145E+18   1.20298575E+09   2.80709300E+09   5.33259712E+06   0.1047369       
  78               2.95120923E+00   2.90315471E+00   3425.99778872    2.13220202E-05   6.13774641E+18   9.85683172E+08   3.02437357E+09   5.15736308E+06   0.10498155      
  79               3.80189396E+00   3.30334796E+00   3473.35134674    2.38064769E-05   6.88860758E+18   8.03474773E+08   3.20657411E+09   4.97973035E+06   0.1052861       
  80               4.89778819E+00   3.75670117E+00   3520.39007222    2.65791410E-05   7.72932738E+18   6.54032820E+08   3.35602120E+09   4.79949821E+06   0.10570719      
  81               6.30957344E+00   4.27048941E+00   3569.06659929    2.96453695E-05   8.66660168E+18   5.32525381E+08   3.47753694E+09   4.61645643E+06   0.10618837      
  82               8.12830516E+00   4.85300821E+00   3617.55623032    3.30698025E-05   9.71676221E+18   4.32719497E+08   3.57734750E+09   4.43040655E+06   0.1067766       
  83               1.04712855E+01   5.51375605E+00   3667.90732382    3.68577059E-05   1.08881735E+19   3.50936250E+08   3.65913815E+09   4.24114121E+06   0.10741409      
  84               1.34896288E+01   6.26358959E+00   3718.19078014    4.10912859E-05   1.22016191E+19   2.83302644E+08   3.72678098E+09   4.04845978E+06   0.10811349      
  85               1.73780083E+01   7.11500193E+00   3770.52664094    4.57766924E-05   1.36678073E+19   2.28692483E+08   3.78139780E+09   3.85214246E+06   0.10883459      
  86               2.23872114E+01   8.08233589E+00   3822.89769216    5.10187704E-05   1.53133447E+19   1.84522635E+08   3.82556634E+09   3.65197030E+06   0.10964121      
  87               2.88403150E+01   9.18213638E+00   3877.55038938    5.68239654E-05   1.71518957E+19   1.49920112E+08   3.86017111E+09   3.44770276E+06   0.11051313      
  88               3.71535229E+01   1.04333990E+01   3932.39485808    6.33249234E-05   1.92173959E+19   1.22133199E+08   3.88796199E+09   3.23910475E+06   0.11142865      
  89               4.78630092E+01   1.18581337E+01   3989.72624486    7.05312074E-05   2.15277719E+19   1.00238452E+08   3.90985685E+09   3.02591200E+06   0.11235899      
  90               6.16595002E+01   1.34817400E+01   4047.37262825    7.86122085E-05   2.41267373E+19   8.21952899E+07   3.92788788E+09   2.80786011E+06   0.1132974       
  91               7.94328235E+01   1.53337770E+01   4107.69689938    8.75829876E-05   2.70381262E+19   6.77428689E+07   3.94233769E+09   2.58465145E+06   0.11427047      
  92               1.02329299E+02   1.74483996E+01   4168.49756945    9.76578565E-05   3.03180933E+19   5.57163299E+07   3.95436898E+09   2.35599473E+06   0.11533999      
  93               1.31825674E+02   1.98653096E+01   4232.27948209    1.08854986E-04   3.39974887E+19   4.60933103E+07   3.96400065E+09   2.12157243E+06   0.11658488      
  94               1.69824365E+02   2.26302616E+01   4296.86633255    1.21438834E-04   3.81472793E+19   3.80598556E+07   3.97203151E+09   1.88108108E+06   0.11800406      
  95               2.18776162E+02   2.57963768E+01   4364.84589389    1.35431318E-04   4.28070832E+19   3.15856876E+07   3.97850292E+09   1.63419015E+06   0.1195152       
  96               2.81838293E+02   2.94250666E+01   4433.89004809    1.51169580E-04   4.80682570E+19   2.61421935E+07   3.98394110E+09   1.38057593E+06   0.1210475       
  97               3.63078055E+02   3.35878271E+01   4506.59348521    1.68689854E-04   5.39832919E+19   2.17430692E+07   3.98832667E+09   1.11988718E+06   0.12257819      
  98               4.67735141E+02   3.83672399E+01   4580.52717699    1.88420143E-04   6.06695723E+19   1.80442325E+07   3.99201760E+09   8.51795966E+05   0.12408763      
  99               6.02559586E+02   4.38591049E+01   4658.34134245    2.10412301E-04   6.81952766E+19   1.50574589E+07   3.99501150E+09   5.75967688E+05   0.12569763      
  100              7.76247117E+02   5.01732315E+01   4737.66433153    2.35186908E-04   7.67067577E+19   1.25589756E+07   3.99752963E+09   2.92118265E+05   0.1275024       
  101              1.00000000E+03   5.74350608E+01   4821.33563496    2.62784443E-04   8.62850508E+19   1.15437546E+07   3.99854774E+09   0.00000000E+00   0.12948731      
