# ATMO pressure-temperature profile
# Effective temperature = 800.0K
# log(g) = 5.5cm/s^2
# M/H = 0.0
# Optical depth grid in band 17 (1.20-1.33microns)
# All parameters in cgs units
#
# Model Level      Optical Depth    Pressure         Temperature      Density          Number Density   Rad Flux         Conv Flux        Radial Extension Adiabatic Gradient
#                                   [Ba]             [K]              [g/cm^3]         [/cm^3]          [ergs/s/cm^2/sr] [ergs/s/cm^2/sr] [cm]             [K/Ba]          
  1                8.00000000E-07   1.00000000E-05   166.58932643     1.70198126E-09   4.34789119E+14   2.32236958E+07   0.00000000E+00   1.50867000E+06   0.32436667      
  2                9.86413681E-07   3.98033658E-05   197.07237242     5.72658878E-09   1.46291769E+15   2.32236958E+07   0.00000000E+00   1.47848161E+06   0.3173366       
  3                1.21626494E-06   7.54567514E-05   210.36427713     1.01701664E-08   2.59807660E+15   2.32236958E+07   0.00000000E+00   1.46370793E+06   0.31661292      
  4                1.49967547E-06   1.18819108E-04   217.96953356     1.54558337E-08   3.94835626E+15   2.32236958E+07   0.00000000E+00   1.45277082E+06   0.31425723      
  5                1.84912550E-06   1.71801287E-04   224.27531891     2.17193526E-08   5.54843842E+15   2.32236958E+07   0.00000000E+00   1.44362631E+06   0.31506325      
  6                2.28000336E-06   2.36633884E-04   229.51095174     2.92331398E-08   7.46791485E+15   2.32236958E+07   0.00000000E+00   1.43548991E+06   0.31195629      
  7                2.81128314E-06   3.16011795E-04   234.89885702     3.81438332E-08   9.74424577E+15   2.32236958E+07   0.00000000E+00   1.42797282E+06   0.31274212      
  8                3.46636019E-06   4.13235535E-04   239.53701586     4.89133008E-08   1.24954202E+16   2.32236958E+07   0.00000000E+00   1.42085501E+06   0.31025144      
  9                4.27408139E-06   5.32361586E-04   244.38924519     6.17627416E-08   1.57779458E+16   2.32236957E+07   0.00000000E+00   1.41400123E+06   0.31096003      
  10               5.27001545E-06   6.78363933E-04   248.55355697     7.73828485E-08   1.97682674E+16   2.32236958E+07   0.00000000E+00   1.40732280E+06   0.30890516      
  11               6.49801917E-06   8.57325042E-04   253.21682862     9.59963874E-08   2.45232928E+16   2.32236958E+07   0.00000000E+00   1.40075668E+06   0.30953743      
  12               8.01216876E-06   1.07669557E-03   257.27878331     1.18656327E-07   3.03120141E+16   2.32236958E+07   0.00000000E+00   1.39425680E+06   0.30776805      
  13               9.87914110E-06   1.34556683E-03   262.04850667     1.45587983E-07   3.71919907E+16   2.32236958E+07   0.00000000E+00   1.38778782E+06   0.30833222      
  14               1.21811499E-05   1.67506872E-03   266.19065725     1.78419273E-07   4.55790909E+16   2.32236958E+07   0.00000000E+00   1.38132273E+06   0.30679638      
  15               1.50195662E-05   2.07879300E-03   271.24964516     2.17292137E-07   5.55095755E+16   2.32236957E+07   0.00000000E+00   1.37483875E+06   0.30740572      
  16               1.85193820E-05   2.57335412E-03   275.55270478     2.64787098E-07   6.76426659E+16   2.32236959E+07   0.00000000E+00   1.36831872E+06   0.30684924      
  17               2.28347147E-05   3.17899072E-03   280.93710401     3.20835269E-07   8.19607642E+16   2.32236956E+07   0.00000000E+00   1.36174785E+06   0.30619021      
  18               2.81555937E-05   3.92049763E-03   285.50351311     3.89342384E-07   9.94616316E+16   2.32236958E+07   0.00000000E+00   1.35511335E+06   0.3056753       
  19               3.47163285E-05   4.82805908E-03   291.28744198     4.69951196E-07   1.20054005E+17   2.32236957E+07   0.00000000E+00   1.34840395E+06   0.30507868      
  20               4.28058268E-05   5.93838482E-03   296.22298721     5.68396669E-07   1.45202943E+17   2.32236959E+07   0.00000000E+00   1.34161037E+06   0.3046049       
  21               5.27803164E-05   7.29630024E-03   302.46206393     6.83964765E-07   1.74726036E+17   2.32236956E+07   0.00000000E+00   1.33472337E+06   0.30406767      
  22               6.50790328E-05   8.95646320E-03   307.79342638     8.25047873E-07   2.10767209E+17   2.32236959E+07   0.00000000E+00   1.32773471E+06   0.30363978      
  23               8.02435604E-05   1.09851398E-02   314.49133623     9.90373124E-07   2.53001293E+17   2.32236956E+07   0.00000000E+00   1.32063772E+06   0.30313495      
  24               9.89416822E-05   1.34627547E-02   320.24474546     1.19193855E-06   3.04493313E+17   2.32236961E+07   0.00000000E+00   1.31342652E+06   0.30281102      
  25               1.21996786E-04   1.64875371E-02   327.44077660     1.42766058E-06   3.64711002E+17   2.32236955E+07   0.00000000E+00   1.30609398E+06   0.30237561      
  26               1.50424124E-04   2.01785324E-02   333.64594993     1.71476918E-06   4.38055925E+17   2.32236966E+07   0.00000000E+00   1.29863416E+06   0.30201286      
  27               1.85475517E-04   2.46795263E-02   341.38980693     2.04969017E-06   5.23615037E+17   2.32236951E+07   0.00000000E+00   1.29104207E+06   0.30167133      
  28               2.28694484E-04   3.01652852E-02   348.07997200     2.45714251E-06   6.27703052E+17   2.32236966E+07   0.00000000E+00   1.28331211E+06   0.30139919      
  29               2.81984210E-04   3.68485973E-02   356.42402427     2.93127095E-06   7.48824131E+17   2.32236944E+07   0.00000000E+00   1.27543714E+06   0.30109683      
  30               3.47691354E-04   4.49867460E-02   363.69548794     3.50710393E-06   8.95926757E+17   2.32236971E+07   0.00000000E+00   1.26741070E+06   0.30083306      
  31               4.28709385E-04   5.48902051E-02   372.79618405     4.17470064E-06   1.06647145E+18   2.32236937E+07   0.00000000E+00   1.25922605E+06   0.3005986       
  32               5.28606003E-04   6.69352942E-02   380.83110256     4.98339156E-06   1.27305922E+18   2.32236989E+07   0.00000000E+00   1.25087512E+06   0.30038765      
  33               6.51780242E-04   8.15776474E-02   390.86610886     5.91759708E-06   1.51171179E+18   2.32236917E+07   0.00000000E+00   1.24234852E+06   0.300213        
  34               8.03656185E-04   9.93670727E-02   399.85829702     7.04593446E-06   1.79995739E+18   2.32237020E+07   0.00000000E+00   1.23363648E+06   0.30007808      
  35               9.90921819E-04   1.20965557E-01   411.08168726     8.34326015E-06   2.13137291E+18   2.32236887E+07   0.00000000E+00   1.22472836E+06   0.29997667      
  36               1.22182355E-03   1.47169855E-01   421.32249240     9.90389831E-06   2.53005555E+18   2.32237049E+07   0.00000000E+00   1.21561242E+06   0.29986377      
  37               1.50652933E-03   1.78950828E-01   434.05284239     1.16895135E-05   2.98618664E+18   2.32236798E+07   0.00000000E+00   1.20627198E+06   0.29973606      
  38               1.85757643E-03   2.17482453E-01   445.92431310     1.38282860E-05   3.53255483E+18   2.32237107E+07   0.00000000E+00   1.19668824E+06   0.29964481      
  39               2.29042351E-03   2.64176776E-01   460.72289596     1.62577394E-05   4.15317929E+18   2.32236773E+07   0.00000000E+00   1.18684020E+06   0.29958168      
  40               2.82413135E-03   3.20724307E-01   475.10673190     1.91405373E-05   4.88952343E+18   2.32237219E+07   0.00000000E+00   1.17670325E+06   0.29948144      
  41               3.48220225E-03   3.89221845E-01   492.74825907     2.23966860E-05   5.72134252E+18   2.32236681E+07   0.00000000E+00   1.16624145E+06   0.29933611      
  42               4.29361493E-03   4.72321561E-01   508.55529597     2.63350992E-05   6.72706198E+18   2.32237410E+07   0.00000000E+00   1.15542093E+06   0.29918793      
  43               5.29410063E-03   5.73349187E-01   528.86314970     3.07404591E-05   7.85238769E+18   2.32236438E+07   0.00000000E+00   1.14419254E+06   0.29907339      
  44               6.52771662E-03   6.96426695E-01   547.71209165     3.60542536E-05   9.20977288E+18   2.32237561E+07   0.00000000E+00   1.13250170E+06   0.29888186      
  45               8.04878622E-03   8.47124484E-01   571.51903542     4.20288977E-05   1.07359968E+19   2.32236310E+07   0.00000000E+00   1.12025962E+06   0.29860646      
  46               9.92429106E-03   1.03255496E+00   594.26927530     4.92673527E-05   1.25850730E+19   2.32237692E+07   0.00000000E+00   1.10737332E+06   0.29830106      
  47               1.22368206E-02   1.26240519E+00   622.38091244     5.75133104E-05   1.46915746E+19   2.32236217E+07   0.00000000E+00   1.09371861E+06   0.29799597      
  48               1.50882091E-02   1.54852567E+00   649.54020776     6.75981675E-05   1.72678476E+19   2.32237830E+07   0.00000000E+00   1.07920758E+06   0.29751354      
  49               1.86040198E-02   1.90591967E+00   681.89658319     7.92509203E-05   2.02447267E+19   2.32236117E+07   0.00000000E+00   1.06376646E+06   0.2969095       
  50               2.29390746E-02   2.35164462E+00   712.94064224     9.35261553E-05   2.38915408E+19   2.32237987E+07   0.00000000E+00   1.04739456E+06   0.29620628      
  51               2.82842712E-02   2.90418985E+00   748.83304383     1.09964112E-04   2.80909122E+19   2.32235873E+07   0.00000000E+00   1.03016490E+06   0.29548494      
  52               3.48749902E-02   3.58188913E+00   783.02197742     1.29701989E-04   3.31332492E+19   2.32238208E+07   0.00000000E+00   1.01222009E+06   0.29454574      
  53               4.30014593E-02   4.40638167E+00   821.77861735     1.52032193E-04   3.88376653E+19   2.32235481E+07   0.00000000E+00   9.93652872E+05   0.29354605      
  54               5.30215347E-02   5.40176455E+00   858.81582478     1.78338287E-04   4.55576644E+19   2.32238635E+07   0.00000000E+00   9.74536697E+05   0.29236643      
  55               6.53764590E-02   6.59049343E+00   900.77224097     2.07448274E-04   5.29942533E+19   2.32234588E+07   0.00000000E+00   9.54993032E+05   0.29125251      
  56               8.06102920E-02   7.99306742E+00   941.27237519     2.40770812E-04   6.15069232E+19   2.32239386E+07   0.00000000E+00   9.35147204E+05   0.29000975      
  57               9.93938685E-02   9.63773331E+00   986.96704038     2.76871219E-04   7.07290939E+19   2.32234014E+07   0.00000000E+00   9.15003591E+05   0.28888232      
  58               1.22554340E-01   1.15534402E+01   1031.21236625    3.17667288E-04   8.11500977E+19   2.32239957E+07   0.00000000E+00   8.94576587E+05   0.28760235      
  59               1.51111597E-01   1.37653351E+01   1080.01178171    3.61390219E-04   9.23175213E+19   2.32234009E+07   0.00000000E+00   8.73932713E+05   0.28645443      
  60               1.86323183E-01   1.63005929E+01   1126.17032507    4.10408100E-04   1.04839553E+20   2.32240381E+07   0.00000000E+00   8.53115316E+05   0.28512345      
  61               2.29739671E-01   1.92083291E+01   1175.56747899    4.63293830E-04   1.18349892E+20   2.32233421E+07   0.00000000E+00   8.32028084E+05   0.28394349      
  62               2.83272943E-01   2.25421884E+01   1221.32120035    5.23333176E-04   1.33687874E+20   2.32236497E+07   0.00000000E+00   8.10617391E+05   0.28256424      
  63               3.49280383E-01   2.63530912E+01   1269.59830259    5.88536876E-04   1.50345721E+20   2.32221791E+07   0.00000000E+00   7.88902720E+05   0.28132706      
  64               4.30668686E-01   3.06884474E+01   1313.54432639    6.62421717E-04   1.69221689E+20   2.32222057E+07   0.00000000E+00   7.66945775E+05   0.27983867      
  65               5.31021855E-01   3.56229284E+01   1359.96840257    7.42675955E-04   1.89725908E+20   2.32215222E+07   0.00000000E+00   7.44698529E+05   0.27847376      
  66               6.54759028E-01   4.12439538E+01   1402.10486165    8.34012430E-04   2.13061822E+20   2.32248198E+07   0.00000000E+00   7.22112964E+05   0.27678492      
  67               8.07329079E-01   4.76483622E+01   1447.60460361    9.33217343E-04   2.38409667E+20   2.32274072E+07   0.00000000E+00   6.99156591E+05   0.27513518      
  68               9.95450561E-01   5.49147400E+01   1489.67928923    1.04513776E-03   2.67006597E+20   2.32346421E+07   0.00000000E+00   6.75889545E+05   0.2730728       
  69               1.22740757E+00   6.30999065E+01   1536.40853213    1.16436652E-03   2.97473200E+20   2.32377112E+07   0.00000000E+00   6.52425756E+05   0.27109854      
  70               1.51341452E+00   7.23017345E+01   1580.73291907    1.29672934E-03   3.31295897E+20   2.32467463E+07   0.00000000E+00   6.28744408E+05   0.2691335       
  71               1.86606598E+00   8.26003696E+01   1631.01227862    1.43574054E-03   3.66817967E+20   2.32430478E+07   0.00000000E+00   6.04876165E+05   0.26729278      
  72               2.30089127E+00   9.39957061E+01   1679.77455236    1.58636137E-03   4.05305836E+20   2.32272224E+07   0.00000000E+00   5.80998496E+05   0.26545954      
  73               2.83703828E+00   1.06397588E+02   1735.63358775    1.73864591E-03   4.44016977E+20   2.30199777E+07   2.03386616E+05   5.57381431E+05   0.26374284      
  74               3.49811672E+00   1.19734076E+02   1790.49433986    1.89658229E-03   4.84362659E+20   2.15058604E+07   1.71759979E+06   5.34156516E+05   0.26203571      
  75               4.31323774E+00   1.33943667E+02   1843.56789963    2.06060601E-03   5.26246096E+20   1.94856983E+07   3.73786346E+06   5.11426357E+05   0.26045069      
  76               5.31829590E+00   1.48781310E+02   1894.70445688    2.22747343E-03   5.68764839E+20   1.71523361E+07   6.07135383E+06   4.89525013E+05   0.25888102      
  77               6.55754979E+00   1.63697692E+02   1941.83805585    2.39214785E-03   6.10598013E+20   1.51549456E+07   8.06883282E+06   4.69090018E+05   0.25743651      
  78               8.08557104E+00   1.80032995E+02   1990.02368111    2.57014264E-03   6.55269121E+20   1.33521395E+07   9.87170604E+06   4.48255027E+05   0.25597581      
  79               9.96964736E+00   1.96309161E+02   2034.27216005    2.74167572E-03   6.98968094E+20   1.13682954E+07   1.18557013E+07   4.28865294E+05   0.2546446       
  80               1.22927457E+01   2.11918519E+02   2074.39483518    2.90231976E-03   7.39951623E+20   1.00427108E+07   1.31813881E+07   4.11366618E+05   0.25329651      
  81               1.51571657E+01   2.29649681E+02   2116.72778704    3.08208474E-03   7.85826510E+20   8.75761545E+06   1.44665942E+07   3.92619128E+05   0.25207996      
  82               1.86890445E+01   2.45249465E+02   2152.20293149    3.23812024E-03   8.25373819E+20   7.03361406E+06   1.61907831E+07   3.77003079E+05   0.25085997      
  83               2.30439114E+01   2.57986246E+02   2179.42128397    3.36365149E-03   8.57395511E+20   6.06335624E+06   1.71611146E+07   3.64798915E+05   0.24977138      
  84               2.84135369E+01   2.72882482E+02   2210.36785979    3.50793702E-03   8.94204683E+20   5.74065033E+06   1.74838272E+07   3.51085501E+05   0.24866409      
  85               3.50343769E+01   2.90200997E+02   2244.13278631    3.67430010E-03   9.36647524E+20   5.40331863E+06   1.78211465E+07   3.35831003E+05   0.24782837      
  86               4.31979859E+01   3.10261739E+02   2281.82151678    3.86308398E-03   9.84855220E+20   4.70767792E+06   1.85165220E+07   3.18992900E+05   0.24704832      
  87               5.32638553E+01   3.26464790E+02   2310.37253383    4.01789657E-03   1.02348192E+21   3.76464723E+06   1.94587811E+07   3.05985842E+05   0.24631925      
  88               6.56752445E+01   3.39073323E+02   2332.28222667    4.13415346E-03   1.05302422E+21   3.27942247E+06   1.99434806E+07   2.96202512E+05   0.24538798      
  89               8.09786996E+01   3.54085360E+02   2356.87892731    4.27197750E-03   1.08816947E+21   3.12550687E+06   2.00974619E+07   2.84906319E+05   0.24440084      
  90               9.98481215E+01   3.71883686E+02   2385.53013945    4.43262238E-03   1.12914069E+21   2.96908258E+06   2.02539519E+07   2.71972266E+05   0.24326306      
  91               1.23114441E+02   3.92896636E+02   2417.27233763    4.62134336E-03   1.17727675E+21   2.78982242E+06   2.04332774E+07   2.57290680E+05   0.24203078      
  92               1.51802212E+02   4.17603627E+02   2453.42575822    4.83925354E-03   1.23286971E+21   2.60545356E+06   2.06177104E+07   2.40769270E+05   0.24063661      
  93               1.87174723E+02   4.46541849E+02   2492.87860771    5.09230855E-03   1.29743878E+21   2.40341148E+06   2.08198107E+07   2.22335000E+05   0.23911787      
  94               2.30789634E+02   4.80322057E+02   2536.90228110    5.38197196E-03   1.37136996E+21   2.19885110E+06   2.10244289E+07   2.01930070E+05   0.2374103       
  95               2.84567566E+02   5.19673135E+02   2584.27625475    5.71551962E-03   1.45652240E+21   1.98492657E+06   2.12384047E+07   1.79493364E+05   0.23558763      
  96               3.50876675E+02   5.65496017E+02   2636.36927635    6.09576895E-03   1.55363554E+21   1.78506877E+06   2.14382967E+07   1.54943923E+05   0.23359821      
  97               4.32636941E+02   6.18781368E+02   2691.82826906    6.53168612E-03   1.66500567E+21   1.60355201E+06   2.16198369E+07   1.28239544E+05   0.23152392      
  98               5.33448747E+02   6.80653827E+02   2751.96689074    7.02640918E-03   1.79146747E+21   1.44586216E+06   2.17775387E+07   9.93580288E+04   0.22930964      
  99               6.57751428E+02   7.52358291E+02   2815.22368843    7.59036137E-03   1.93569818E+21   1.30623064E+06   2.19171705E+07   6.83088202E+04   0.22704819      
  100              8.11018759E+02   8.35219873E+02   2882.84999218    8.22639045E-03   2.09847894E+21   1.18784030E+06   2.20355510E+07   3.51483910E+04   0.22472072      
  101              1.00000000E+03   9.30564515E+02   2952.97358188    8.94496747E-03   2.28251040E+21   1.12628281E+06   2.20970797E+07   0.00000000E+00   0.22233147      
