# ATMO pressure-temperature profile
# Effective temperature = 1400.0K
# log(g) = 4.5cm/s^2
# M/H = 0.0
# Optical depth grid in band 17 (1.20-1.33microns)
# All parameters in cgs units
#
# Model Level      Optical Depth    Pressure         Temperature      Density          Number Density   Rad Flux         Conv Flux        Radial Extension Adiabatic Gradient
#                                   [Ba]             [K]              [g/cm^3]         [/cm^3]          [ergs/s/cm^2/sr] [ergs/s/cm^2/sr] [cm]             [K/Ba]          
  1                5.00000000E-06   1.00000000E-05   504.50591193     5.61974309E-10   1.43568638E+14   2.17814788E+08   0.00000000E+00   2.20129379E+07   0.29749983      
  2                6.05313423E-06   3.92958793E-05   547.86196005     2.03355617E-09   5.19519321E+14   2.17814788E+08   0.00000000E+00   2.11463303E+07   0.29772431      
  3                7.32808679E-06   7.28400764E-05   580.28999634     3.55873755E-09   9.09182668E+14   2.17814788E+08   0.00000000E+00   2.07520079E+07   0.29784322      
  4                8.87157859E-06   1.12260102E-04   589.45052593     5.39946461E-09   1.37944349E+15   2.17814788E+08   0.00000000E+00   2.04676313E+07   0.29872156      
  5                1.07401712E-05   1.59210942E-04   610.82132424     7.38955595E-09   1.88792423E+15   2.17814788E+08   0.00000000E+00   2.02325774E+07   0.29859267      
  6                1.30023396E-05   2.15143907E-04   615.87614852     9.90376634E-09   2.53023877E+15   2.17814788E+08   0.00000000E+00   2.00258208E+07   0.29853494      
  7                1.57409813E-05   2.82163751E-04   633.81090441     1.26209712E-08   3.22453691E+15   2.17814788E+08   0.00000000E+00   1.98362528E+07   0.29841329      
  8                1.90564546E-05   3.62398527E-04   637.28108388     1.61218377E-08   4.11889988E+15   2.17814788E+08   0.00000000E+00   1.96583796E+07   0.29836281      
  9                2.30702555E-05   4.58790336E-04   653.59318392     1.98997677E-08   5.08431661E+15   2.17814788E+08   0.00000000E+00   1.94881967E+07   0.29823927      
  10               2.79294706E-05   5.74419835E-04   656.22868291     2.48156441E-08   6.34015767E+15   2.17814788E+08   0.00000000E+00   1.93236520E+07   0.29819111      
  11               3.38121669E-05   7.13374380E-04   671.58431498     3.01128684E-08   7.69383385E+15   2.17814788E+08   0.00000000E+00   1.91629059E+07   0.29806493      
  12               4.09339169E-05   8.80095143E-04   673.64542606     3.70378315E-08   9.46289669E+15   2.17814788E+08   0.00000000E+00   1.90050381E+07   0.2980178       
  13               4.95556987E-05   1.08027830E-03   688.45635654     4.44823930E-08   1.13654092E+16   2.17814788E+08   0.00000000E+00   1.88490770E+07   0.29788434      
  14               5.99934592E-05   1.32032002E-03   690.14973440     5.42348384E-08   1.38567609E+16   2.17814788E+08   0.00000000E+00   1.86945315E+07   0.29783637      
  15               7.26296922E-05   1.60822290E-03   704.74164007     6.46905097E-08   1.65288313E+16   2.17814788E+08   0.00000000E+00   1.85408253E+07   0.29769542      
  16               8.79274551E-05   1.95319968E-03   706.28176006     7.83984190E-08   2.00306247E+16   2.17814788E+08   0.00000000E+00   1.83876393E+07   0.29764698      
  17               1.06447338E-04   2.36657855E-03   720.89485513     9.30613944E-08   2.37779735E+16   2.17814787E+08   0.00000000E+00   1.82345959E+07   0.29749033      
  18               1.28868005E-04   2.86153575E-03   722.39209428     1.12295317E-07   2.86914192E+16   2.17814788E+08   0.00000000E+00   1.80814854E+07   0.29743591      
  19               1.56011066E-04   3.45414861E-03   737.20232731     1.32822508E-07   3.39375245E+16   2.17814787E+08   0.00000000E+00   1.79280382E+07   0.29726606      
  20               1.88871184E-04   4.16327214E-03   738.80961641     1.59747718E-07   4.08157800E+16   2.17814788E+08   0.00000000E+00   1.77740910E+07   0.29720311      
  21               2.28652526E-04   5.01178633E-03   753.94784994     1.88436662E-07   4.81478701E+16   2.17814787E+08   0.00000000E+00   1.76194362E+07   0.29701888      
  22               2.76812886E-04   6.02660175E-03   755.79312476     2.26046968E-07   5.77557724E+16   2.17814788E+08   0.00000000E+00   1.74639443E+07   0.29694462      
  23               3.35117111E-04   7.24103365E-03   771.49191221     2.66059933E-07   6.79821707E+16   2.17814787E+08   0.00000000E+00   1.73073454E+07   0.29673996      
  24               4.05701771E-04   8.69440139E-03   773.85174269     3.18497950E-07   8.13781403E+16   2.17814788E+08   0.00000000E+00   1.71494625E+07   0.29664983      
  25               4.91153455E-04   1.04354332E-02   790.29398843     3.74305916E-07   9.56417787E+16   2.17814786E+08   0.00000000E+00   1.69900051E+07   0.29642662      
  26               5.94603558E-04   1.25210635E-02   793.40549607     4.47367576E-07   1.14306743E+17   2.17814788E+08   0.00000000E+00   1.68288315E+07   0.29626338      
  27               7.19843029E-04   1.50239624E-02   810.93451271     5.25164791E-07   1.34191356E+17   2.17814784E+08   0.00000000E+00   1.66655381E+07   0.29601682      
  28               8.71461295E-04   1.80280714E-02   815.17862241     6.26910540E-07   1.60185178E+17   2.17814789E+08   0.00000000E+00   1.64999738E+07   0.29585506      
  29               1.05501444E-03   2.16432553E-02   834.03946079     7.35565596E-07   1.87958436E+17   2.17814783E+08   0.00000000E+00   1.63316199E+07   0.2955348       
  30               1.27722880E-03   2.59949520E-02   839.74585138     8.77479061E-07   2.24216202E+17   2.17814791E+08   0.00000000E+00   1.61603305E+07   0.29537638      
  31               1.54624747E-03   3.12543857E-02   860.35013356     1.02968853E-06   2.63124675E+17   2.17814780E+08   0.00000000E+00   1.59853557E+07   0.29506391      
  32               1.87192870E-03   3.76153261E-02   867.92719527     1.22845382E-06   3.13911607E+17   2.17814791E+08   0.00000000E+00   1.58065055E+07   0.29486834      
  33               2.26620714E-03   4.53474709E-02   890.53036578     1.44331082E-06   3.68833346E+17   2.17814777E+08   0.00000000E+00   1.56228727E+07   0.29442291      
  34               2.74353120E-03   5.47571509E-02   900.31501770     1.72387568E-06   4.40526652E+17   2.17814794E+08   0.00000000E+00   1.54342291E+07   0.2940727       
  35               3.32139252E-03   6.62792717E-02   925.34669850     2.02999531E-06   5.18798949E+17   2.17814772E+08   0.00000000E+00   1.52394502E+07   0.29351313      
  36               4.02096694E-03   8.04178108E-02   937.74542560     2.43046348E-06   6.21145197E+17   2.17814795E+08   0.00000000E+00   1.50381647E+07   0.29315154      
  37               4.86789053E-03   9.78862158E-02   965.54205397     2.87297564E-06   7.34304492E+17   2.17814774E+08   0.00000000E+00   1.48291134E+07   0.29253608      
  38               5.89319895E-03   1.19543668E-01   981.10638291     3.45293075E-06   8.82543898E+17   2.17814801E+08   0.00000000E+00   1.46116693E+07   0.29200731      
  39               7.13446485E-03   1.46568057E-01   1012.47602472    4.10195944E-06   1.04852894E+18   2.17814763E+08   0.00000000E+00   1.43845906E+07   0.2911683       
  40               8.63717467E-03   1.80396715E-01   1031.83767799    4.95388931E-06   1.26631888E+18   2.17814811E+08   0.00000000E+00   1.41472804E+07   0.29050185      
  41               1.04563955E-02   2.22868228E-01   1067.39471322    5.91581308E-06   1.51233830E+18   2.17814764E+08   0.00000000E+00   1.38991806E+07   0.28958425      
  42               1.26587931E-02   2.76309919E-01   1091.53604742    7.17198510E-06   1.83351401E+18   2.17814817E+08   0.00000000E+00   1.36397304E+07   0.28880466      
  43               1.53250748E-02   3.43420779E-01   1132.18419958    8.59326426E-06   2.19702662E+18   2.17814741E+08   0.00000000E+00   1.33693958E+07   0.287694        
  44               1.85529469E-02   4.27529608E-01   1161.64779804    1.04262867E-05   2.66573861E+18   2.17814852E+08   0.00000000E+00   1.30884007E+07   0.28668016      
  45               2.24606956E-02   5.32176415E-01   1207.82047858    1.24814864E-05   3.19138408E+18   2.17814686E+08   0.00000000E+00   1.27983102E+07   0.28531742      
  46               2.71915211E-02   6.61514129E-01   1242.62892395    1.50800104E-05   3.85587997E+18   2.17814838E+08   0.00000000E+00   1.25001895E+07   0.28400472      
  47               3.29187854E-02   8.18657878E-01   1293.20126478    1.79317929E-05   4.58524097E+18   2.17814595E+08   0.00000000E+00   1.21979941E+07   0.28230187      
  48               3.98523653E-02   1.00688259E+00   1331.37986859    2.14219134E-05   5.47775603E+18   2.17814860E+08   0.00000000E+00   1.18943000E+07   0.28074581      
  49               4.82463432E-02   1.22813879E+00   1384.30875317    2.51297162E-05   6.42599409E+18   2.17814487E+08   0.00000000E+00   1.15927393E+07   0.27901552      
  50               5.84083183E-02   1.48504197E+00   1424.31877274    2.95326696E-05   7.55191981E+18   2.17814909E+08   0.00000000E+00   1.12945274E+07   0.2775494       
  51               7.07106781E-02   1.77924170E+00   1478.92590988    3.40774751E-05   8.71393608E+18   2.17814445E+08   0.00000000E+00   1.10012623E+07   0.27569489      
  52               8.56042452E-02   2.11016629E+00   1520.76986192    3.93063341E-05   1.00503000E+19   2.17815448E+08   0.00000000E+00   1.07153263E+07   0.27394689      
  53               1.03634797E-01   2.46768747E+00   1576.48367006    4.43598810E-05   1.13377407E+19   2.17813044E+08   0.00000000E+00   1.04445551E+07   0.27197374      
  54               1.25463068E-01   2.84435768E+00   1619.25791529    4.97835672E-05   1.27231316E+19   2.17815262E+08   0.00000000E+00   1.01910851E+07   0.27019109      
  55               1.51888958E-01   3.22450168E+00   1674.50303859    5.45886731E-05   1.39476971E+19   2.17834222E+08   7.14565731E+04   9.96048266E+06   0.26820856      
  56               1.83880850E-01   3.56517479E+00   1720.38810458    5.87881117E-05   1.50099842E+19   2.13110207E+08   4.72955775E+06   9.77030084E+06   0.26632537      
  57               2.22611093E-01   3.84006338E+00   1754.26077858    6.21557469E-05   1.58551399E+19   2.07345656E+08   1.04804914E+07   9.62648970E+06   0.26422782      
  58               2.69498965E-01   4.13304523E+00   1788.90717024    6.56003144E-05   1.67343248E+19   2.01010742E+08   1.69039202E+07   9.48139639E+06   0.2622779       
  59               3.26262682E-01   4.38861500E+00   1816.78822857    6.86081271E-05   1.74964128E+19   1.94954767E+08   2.28257679E+07   9.36092390E+06   0.26045541      
  60               3.94982361E-01   4.59496808E+00   1838.96216784    7.09668119E-05   1.80982067E+19   1.89454077E+08   2.82726332E+07   9.26740580E+06   0.25897608      
  61               4.78176250E-01   4.83148409E+00   1862.59394754    7.36715483E-05   1.87883312E+19   1.83431160E+08   3.44829530E+07   9.16396707E+06   0.25759728      
  62               5.78893005E-01   5.10113864E+00   1889.14261122    7.66855545E-05   1.95581703E+19   1.76195786E+08   4.17871151E+07   9.05051791E+06   0.25672823      
  63               7.00823412E-01   5.30994588E+00   1908.30359773    7.90894382E-05   2.01543347E+19   1.69230260E+08   4.84599896E+07   8.96572146E+06   0.25582989      
  64               8.48435636E-01   5.46623560E+00   1922.85187850    8.08000172E-05   2.05905693E+19   1.63350338E+08   5.42586016E+07   8.90389626E+06   0.25519493      
  65               1.02713896E+00   5.64825974E+00   1938.62441654    8.28097685E-05   2.11031274E+19   1.57591258E+08   6.01119021E+07   8.83352707E+06   0.25435441      
  66               1.24348200E+00   5.85943579E+00   1957.13099715    8.50914610E-05   2.16851157E+19   1.51623643E+08   6.60870656E+07   8.75397325E+06   0.25367631      
  67               1.50539269E+00   6.10277547E+00   1977.06705224    8.77291205E-05   2.23579424E+19   1.45175667E+08   7.25395136E+07   8.66491006E+06   0.25274055      
  68               1.82246880E+00   6.38107972E+00   1999.77939754    9.06848272E-05   2.31120208E+19   1.38307919E+08   7.94095682E+07   8.56624101E+06   0.25193178      
  69               2.20632965E+00   6.69843151E+00   2024.00782941    9.40512234E-05   2.39710343E+19   1.31274119E+08   8.64496333E+07   8.45757550E+06   0.25086742      
  70               2.67104190E+00   7.06090882E+00   2051.22447084    9.78198017E-05   2.49329264E+19   1.24197192E+08   9.35350904E+07   8.33807063E+06   0.24990766      
  71               3.23363503E+00   7.47323550E+00   2080.14285450    1.02085942E-04   2.60220404E+19   1.16873970E+08   1.00865132E+08   8.20759014E+06   0.24857398      
  72               3.91472538E+00   7.94050205E+00   2111.97565117    1.06825051E-04   2.72323359E+19   1.09346274E+08   1.08399282E+08   8.06609359E+06   0.24725835      
  73               4.73927163E+00   8.46818232E+00   2145.44016963    1.12135796E-04   2.85890439E+19   1.01605065E+08   1.16146687E+08   7.91363111E+06   0.24554857      
  74               5.73748947E+00   9.06223821E+00   2181.63501150    1.17996637E-04   3.00870231E+19   9.37968683E+07   1.23960448E+08   7.75031786E+06   0.24387146      
  75               6.94595877E+00   9.72914472E+00   2219.31984528    1.24510598E-04   3.17526961E+19   8.59521610E+07   1.31810093E+08   7.57632627E+06   0.24176484      
  76               8.40896415E+00   1.04760313E+01   2259.46594156    1.31662788E-04   3.35827942E+19   7.82539981E+07   1.39512774E+08   7.39185805E+06   0.23959326      
  77               1.01801177E+01   1.13107149E+01   2300.88481731    1.39563602E-04   3.56058220E+19   7.06692047E+07   1.47101011E+08   7.19714004E+06   0.23693011      
  78               1.23243238E+01   1.22413830E+01   2344.40240346    1.48219492E-04   3.78202302E+19   6.34114278E+07   1.54360629E+08   6.99250913E+06   0.23423419      
  79               1.49201573E+01   1.32775938E+01   2388.94598277    1.57720118E-04   4.02567665E+19   5.66302538E+07   1.61143560E+08   6.77819316E+06   0.23110673      
  80               1.80627429E+01   1.44303960E+01   2435.26409934    1.68092427E-04   4.29198328E+19   5.05050693E+07   1.67269896E+08   6.55430030E+06   0.22795886      
  81               2.18672415E+01   1.57114913E+01   2482.39835735    1.79464879E-04   4.58428673E+19   4.48556552E+07   1.72919050E+08   6.32105060E+06   0.22444423      
  82               2.64730696E+01   1.71342866E+01   2530.97936528    1.91865933E-04   4.90346705E+19   3.97768665E+07   1.77996658E+08   6.07858077E+06   0.22093225      
  83               3.20490087E+01   1.87135165E+01   2580.18174707    2.05439116E-04   5.25328479E+19   3.51960578E+07   1.82575793E+08   5.82703952E+06   0.21712578      
  84               3.87993903E+01   2.04656476E+01   2630.53150716    2.20232761E-04   5.63518039E+19   3.11301057E+07   1.86639719E+08   5.56655080E+06   0.21331801      
  85               4.69715834E+01   2.24088908E+01   2681.31066775    2.36407718E-04   6.05339570E+19   2.74576726E+07   1.90310268E+08   5.29723575E+06   0.20936971      
  86               5.68650599E+01   2.45633730E+01   2733.00298097    2.54029996E-04   6.50989130E+19   2.41807341E+07   1.93585991E+08   5.01921620E+06   0.20540951      
  87               6.88423680E+01   2.69511505E+01   2784.92483114    2.73283712E-04   7.00954246E+19   2.12189377E+07   1.96547694E+08   4.73263312E+06   0.20138035      
  88               8.33424188E+01   2.95963513E+01   2837.54747204    2.94249358E-04   7.55476356E+19   1.86060856E+07   1.99161863E+08   4.43764773E+06   0.19750892      
  89               1.00896570E+02   3.25249411E+01   2890.27471208    3.17125685E-04   8.15085626E+19   1.62988451E+07   2.01472112E+08   4.13447382E+06   0.1937686       
  90               1.22148096E+02   3.57648541E+01   2943.57801285    3.41998972E-04   8.80048783E+19   1.42758913E+07   2.03500214E+08   3.82336496E+06   0.19012508      
  91               1.47875764E+02   3.93461909E+01   2996.82134554    3.69096476E-04   9.50971893E+19   1.24813124E+07   2.05303753E+08   3.50460036E+06   0.1866792       
  92               1.79022369E+02   4.33007977E+01   3050.55054892    3.98498085E-04   1.02811930E+20   1.08879890E+07   2.06910800E+08   3.17851761E+06   0.18332098      
  93               2.16729286E+02   4.76590719E+01   3104.00125774    4.30438677E-04   1.11211457E+20   9.45744768E+06   2.08358331E+08   2.84574056E+06   0.1801193       
  94               2.62378292E+02   5.24527998E+01   3157.75229598    4.64961282E-04   1.20314080E+20   8.19553566E+06   2.09639481E+08   2.50688303E+06   0.17713372      
  95               3.17642204E+02   5.77161451E+01   3211.08350748    5.02324267E-04   1.30188180E+20   7.08185570E+06   2.10774006E+08   2.16247834E+06   0.17442258      
  96               3.84546179E+02   6.34858219E+01   3264.67365894    5.42562486E-04   1.40851933E+20   6.12115901E+06   2.11756577E+08   1.81298222E+06   0.17184972      
  97               4.65541927E+02   6.98010230E+01   3317.72894061    5.85987140E-04   1.52386581E+20   5.29438421E+06   2.12605791E+08   1.45880071E+06   0.16953962      
  98               5.63597555E+02   7.67044339E+01   3371.06370542    6.32615003E-04   1.64808402E+20   4.58778545E+06   2.13334936E+08   1.10024414E+06   0.16745161      
  99               6.82306330E+02   8.42428792E+01   3423.87131207    6.82818597E-04   1.78213914E+20   3.97324898E+06   2.13972218E+08   7.37528016E+05   0.16557542      
  100              8.26018359E+02   9.24680838E+01   3477.02190035    7.36620414E-04   1.92623944E+20   3.44351465E+06   2.14497445E+08   3.70769863E+05   0.16384553      
  101              1.00000000E+03   1.01437416E+02   3529.67297326    7.94478819E-04   2.08156295E+20   3.18201614E+06   2.14745355E+08   0.00000000E+00   0.16233369      
