# ATMO pressure-temperature profile
# Effective temperature = 2300.0K
# log(g) = 3.5cm/s^2
# M/H = 0.0
# Optical depth grid in band 17 (1.20-1.33microns)
# All parameters in cgs units
#
# Model Level      Optical Depth    Pressure         Temperature      Density          Number Density   Rad Flux         Conv Flux        Radial Extension Adiabatic Gradient
#                                   [Ba]             [K]              [g/cm^3]         [/cm^3]          [ergs/s/cm^2/sr] [ergs/s/cm^2/sr] [cm]             [K/Ba]          
  1                3.00000000E-06   1.00000000E-05   767.43291378     3.69064413E-10   9.43811834E+13   1.58663128E+09   0.00000000E+00   3.19954550E+08   0.29594508      
  2                3.65048058E-06   1.56274403E-05   868.08509672     5.09880007E-10   1.30392133E+14   1.58663128E+09   0.00000000E+00   3.15852250E+08   0.29254192      
  3                4.44200282E-06   2.18075489E-05   903.86682860     6.83352550E-10   1.74754451E+14   1.58663128E+09   0.00000000E+00   3.12541398E+08   0.29179338      
  4                5.40514834E-06   2.89245455E-05   937.74459684     8.73623610E-10   2.23412677E+14   1.58663128E+09   0.00000000E+00   3.09628588E+08   0.29070995      
  5                6.57712968E-06   3.72254343E-05   957.80223587     1.10079462E-09   2.81507368E+14   1.58663128E+09   0.00000000E+00   3.06951829E+08   0.29051452      
  6                8.00322805E-06   4.69779875E-05   983.84033862     1.35242168E-09   3.45856246E+14   1.58663128E+09   0.00000000E+00   3.04424224E+08   0.29011219      
  7                9.73854285E-06   5.84719793E-05   999.81362916     1.65642227E-09   4.23598665E+14   1.58663127E+09   0.00000000E+00   3.01995773E+08   0.29008923      
  8                1.18501205E-05   7.20472080E-05   1023.01893801    1.99469159E-09   5.10104696E+14   1.58663127E+09   0.00000000E+00   2.99634078E+08   0.28900467      
  9                1.44195449E-05   8.80931252E-05   1037.32059353    2.40531110E-09   6.15112931E+14   1.58663127E+09   0.00000000E+00   2.97317532E+08   0.28879128      
  10               1.75460896E-05   1.07071520E-04   1059.26031438    2.86294798E-09   7.32145006E+14   1.58663126E+09   0.00000000E+00   2.95030527E+08   0.28855112      
  11               2.13505531E-05   1.29516314E-04   1072.85182062    3.41921859E-09   8.74400852E+14   1.58663126E+09   0.00000000E+00   2.92761992E+08   0.28839795      
  12               2.59799264E-05   1.56060069E-04   1094.24863956    4.03940970E-09   1.03300309E+15   1.58663126E+09   0.00000000E+00   2.90503388E+08   0.2873714       
  13               3.16130723E-05   1.87435357E-04   1107.60824113    4.79299930E-09   1.22571974E+15   1.58663125E+09   0.00000000E+00   2.88248499E+08   0.28721871      
  14               3.84676354E-05   2.24507791E-04   1128.85007335    5.63297183E-09   1.44052564E+15   1.58663125E+09   0.00000000E+00   2.85992293E+08   0.28614971      
  15               4.68084520E-05   2.68321491E-04   1142.16152651    6.65380764E-09   1.70158548E+15   1.58663124E+09   0.00000000E+00   2.83729181E+08   0.2859947       
  16               5.69577817E-05   3.20134294E-04   1163.42666419    7.79356335E-09   1.99305382E+15   1.58663124E+09   0.00000000E+00   2.81453906E+08   0.28489739      
  17               6.93077586E-05   3.81417239E-04   1176.90716140    9.17913710E-09   2.34738298E+15   1.58663124E+09   0.00000000E+00   2.79162664E+08   0.28473215      
  18               8.43355422E-05   4.53866004E-04   1198.45574771    1.07263725E-08   2.74303590E+15   1.58663123E+09   0.00000000E+00   2.76853770E+08   0.2835614       
  19               1.02621753E-04   5.39499523E-04   1212.29903442    1.26045619E-08   3.22334763E+15   1.58663123E+09   0.00000000E+00   2.74524855E+08   0.28338463      
  20               1.24872905E-04   6.40469640E-04   1234.32961196    1.46970748E-08   3.75831554E+15   1.58663122E+09   0.00000000E+00   2.72178921E+08   0.28216427      
  21               1.51948705E-04   7.59412146E-04   1248.72639835    1.72255253E-08   4.40490032E+15   1.58663121E+09   0.00000000E+00   2.69814987E+08   0.28196225      
  22               1.84895266E-04   8.98877428E-04   1271.45175976    2.00260945E-08   5.12066574E+15   1.58663120E+09   0.00000000E+00   2.67440414E+08   0.28061777      
  23               2.24985526E-04   1.06213718E-03   1286.60675872    2.33847673E-08   5.97944151E+15   1.58663117E+09   0.00000000E+00   2.65054714E+08   0.28039121      
  24               2.73768430E-04   1.24777987E-03   1310.13891040    2.69899994E-08   6.89836975E+15   1.58663114E+09   0.00000000E+00   2.62717822E+08   0.27895937      
  25               3.33128779E-04   1.45854141E-03   1326.12782812    3.11687977E-08   7.96634690E+15   1.58663108E+09   0.00000000E+00   2.60419927E+08   0.27867971      
  26               4.05360046E-04   1.70425173E-03   1350.74107070    3.57603136E-08   9.13876431E+15   1.58663101E+09   0.00000000E+00   2.58092532E+08   0.2770411       
  27               4.93252992E-04   1.98829364E-03   1367.74707660    4.12030060E-08   1.05293259E+16   1.58663092E+09   0.00000000E+00   2.55752521E+08   0.27671608      
  28               6.00203489E-04   2.31450856E-03   1393.41732475    4.70850212E-08   1.20310471E+16   1.58663085E+09   0.00000000E+00   2.53410444E+08   0.27490905      
  29               7.30343727E-04   2.67936224E-03   1411.66949880    5.38257155E-08   1.37475163E+16   1.58663077E+09   0.00000000E+00   2.51118517E+08   0.27448096      
  30               8.88701864E-04   3.07115732E-03   1438.22410171    6.05845714E-08   1.54668310E+16   1.58663072E+09   0.00000000E+00   2.48948848E+08   0.27241142      
  31               1.08139630E-03   3.48830105E-03   1457.54189577    6.79312993E-08   1.73347967E+16   1.58663058E+09   0.00000000E+00   2.46892593E+08   0.27188774      
  32               1.31587206E-03   3.91240708E-03   1485.17213489    7.48800335E-08   1.90806464E+16   1.58663022E+09   0.00000000E+00   2.45011893E+08   0.26936383      
  33               1.60118847E-03   4.34014906E-03   1503.98433690    8.20259276E-08   2.09019677E+16   1.58663018E+09   0.00000000E+00   2.43285961E+08   0.26871586      
  34               1.94836913E-03   4.83904051E-03   1527.64329549    9.00353691E-08   2.29436833E+16   1.58663001E+09   0.00000000E+00   2.41450166E+08   0.26623773      
  35               2.37082789E-03   5.41959966E-03   1548.20890215    9.94946886E-08   2.53549925E+16   1.58662973E+09   0.00000000E+00   2.39510441E+08   0.26548106      
  36               2.88488706E-03   6.09340766E-03   1574.05318293    1.10022562E-07   2.80392680E+16   1.58662935E+09   0.00000000E+00   2.37473887E+08   0.26243674      
  37               3.51040806E-03   6.87279025E-03   1597.08279079    1.22299592E-07   3.11696194E+16   1.58662881E+09   0.00000000E+00   2.35349186E+08   0.26128442      
  38               4.27155881E-03   7.77052383E-03   1625.67381662    1.35832156E-07   3.46212485E+16   1.58662815E+09   0.00000000E+00   2.33146591E+08   0.25749064      
  39               5.19774750E-03   8.79788563E-03   1651.96880909    1.51330437E-07   3.85746779E+16   1.58662720E+09   0.00000000E+00   2.30880592E+08   0.25591397      
  40               6.32475876E-03   9.96124232E-03   1684.32641733    1.68027733E-07   4.28364117E+16   1.58662618E+09   0.00000000E+00   2.28573521E+08   0.25088583      
  41               7.69613634E-03   1.12520000E-02   1715.23539240    1.86352565E-07   4.75151205E+16   1.58662467E+09   0.00000000E+00   2.26266836E+08   0.24835246      
  42               9.36486541E-03   1.26584633E-02   1750.69819454    2.05354862E-07   5.23715640E+16   1.58662629E+09   0.00000000E+00   2.23993252E+08   0.24197469      
  43               1.13954198E-02   1.42213011E-02   1779.62151786    2.26912716E-07   5.78811994E+16   1.58662573E+09   0.00000000E+00   2.21703788E+08   0.2389344       
  44               1.38662528E-02   1.60081514E-02   1812.17071595    2.50766361E-07   6.39834883E+16   1.58662515E+09   0.00000000E+00   2.19334995E+08   0.23256601      
  45               1.68728289E-02   1.80481545E-02   1843.02043624    2.77906899E-07   7.09297596E+16   1.58662443E+09   0.00000000E+00   2.16891288E+08   0.22893728      
  46               2.05313114E-02   2.03718439E-02   1878.79452171    3.07583298E-07   7.85374677E+16   1.58662366E+09   0.00000000E+00   2.14377946E+08   0.22154718      
  47               2.49830512E-02   2.30087280E-02   1914.81195294    3.40688849E-07   8.70346764E+16   1.58662259E+09   0.00000000E+00   2.11802005E+08   0.21658025      
  48               3.04000477E-02   2.59733149E-02   1964.43312356    3.74524217E-07   9.57670197E+16   1.58498930E+09   1.58051583E+06   2.09177433E+08   0.20633752      
  49               3.69915946E-02   2.92800105E-02   2012.48822016    4.11664236E-07   1.05381341E+17   1.57937524E+09   7.17298401E+06   2.06514274E+08   0.19615495      
  50               4.50123658E-02   3.29800527E-02   2058.74367286    4.52677664E-07   1.16031233E+17   1.56980968E+09   1.67251636E+07   2.03803735E+08   0.18588365      
  51               5.47722558E-02   3.71340039E-02   2103.51580675    4.98101144E-07   1.27865046E+17   1.55609450E+09   3.04238519E+07   2.01037278E+08   0.17636098      
  52               6.66483519E-02   4.18103302E-02   2146.89665729    5.48573058E-07   1.41058187E+17   1.53798973E+09   4.85121185E+07   1.98208198E+08   0.16793216      
  53               8.10995048E-02   4.70851863E-02   2189.31015435    6.04676822E-07   1.55776823E+17   1.51520264E+09   7.12936129E+07   1.95311865E+08   0.16014705      
  54               9.86840557E-02   5.30439670E-02   2230.56418979    6.67230798E-07   1.72245193E+17   1.48750638E+09   9.90056107E+07   1.92345159E+08   0.15305157      
  55               1.20081410E-01   5.97821719E-02   2271.08839750    7.36917745E-07   1.90661713E+17   1.45471735E+09   1.31840635E+08   1.89306277E+08   0.14667494      
  56               1.46118284E-01   6.74060330E-02   2310.67768564    8.14700792E-07   2.11293063E+17   1.41663260E+09   1.69982601E+08   1.86194679E+08   0.14057823      
  57               1.77800653E-01   7.60023398E-02   2349.38464988    9.01261723E-07   2.34314236E+17   1.37314600E+09   2.13527716E+08   1.83022075E+08   0.13526         
  58               2.16352610E-01   8.56988418E-02   2387.31499147    9.97429619E-07   2.60010608E+17   1.32452853E+09   2.62210257E+08   1.79787890E+08   0.13078678      
  59               2.63263667E-01   9.66723531E-02   2424.85257376    1.10460804E-06   2.88763828E+17   1.27112794E+09   3.15696700E+08   1.76481784E+08   0.12691282      
  60               3.20346302E-01   1.09079466E-01   2461.91988653    1.22399656E-06   3.20918627E+17   1.21300092E+09   3.73913510E+08   1.73107416E+08   0.12343116      
  61               3.89805984E-01   1.23077917E-01   2498.60803350    1.35662531E-06   3.56786034E+17   1.15020781E+09   4.36797414E+08   1.69672028E+08   0.12038114      
  62               4.74326391E-01   1.38847290E-01   2534.87166877    1.50377293E-06   3.96741171E+17   1.08295480E+09   5.04166127E+08   1.66180555E+08   0.11769482      
  63               5.77173093E-01   1.56601628E-01   2570.84799746    1.66685753E-06   4.41210371E+17   1.01172600E+09   5.75499967E+08   1.62634225E+08   0.11530609      
  64               7.02319722E-01   1.76574210E-01   2606.49255606    1.84753057E-06   4.90678041E+17   9.37072868E+08   6.50232303E+08   1.59035042E+08   0.11315252      
  65               8.54601502E-01   1.99018698E-01   2641.90313614    2.04740677E-06   5.45635766E+17   8.59680625E+08   7.27674860E+08   1.55385603E+08   0.11125483      
  66               1.03990206E+00   2.24210012E-01   2677.04615201    2.26832343E-06   6.06631536E+17   7.80396647E+08   8.06995517E+08   1.51688937E+08   0.10962492      
  67               1.26538076E+00   2.52445186E-01   2712.03157259    2.51203753E-06   6.74214661E+17   7.00187329E+08   8.87229930E+08   1.47948361E+08   0.10821923      
  68               1.53974930E+00   2.84044744E-01   2746.80058022    2.78061026E-06   7.49006293E+17   6.20176812E+08   9.67234743E+08   1.44167323E+08   0.10699332      
  69               1.87360830E+00   3.19355101E-01   2781.44378885    3.07600119E-06   8.31628587E+17   5.41742823E+08   1.04563788E+09   1.40349184E+08   0.10592113      
  70               2.27985690E+00   3.58751305E-01   2815.89267308    3.40054616E-06   9.22790749E+17   4.66546902E+08   1.12078450E+09   1.36497069E+08   0.10500339      
  71               2.77419111E+00   4.02640046E-01   2850.25073942    3.75642013E-06   1.02319813E+18   3.96439330E+08   1.19085015E+09   1.32613743E+08   0.10425132      
  72               3.37571026E+00   4.51463086E-01   2884.46561289    4.14624849E-06   1.13365973E+18   3.33203858E+08   1.25403827E+09   1.28701536E+08   0.10363648      
  73               4.10765492E+00   5.05701819E-01   2918.63531955    4.57251043E-06   1.25499074E+18   2.78166459E+08   1.30902055E+09   1.24762264E+08   0.10308392      
  74               4.99830483E+00   5.65883134E-01   2952.66775035    5.03836704E-06   1.38815515E+18   2.31919365E+08   1.35520629E+09   1.20797196E+08   0.10260632      
  75               6.08207157E+00   6.32585023E-01   2986.68287636    5.54667316E-06   1.53410694E+18   1.94148173E+08   1.39291495E+09   1.16807059E+08   0.10216069      
  76               7.40082804E+00   7.06444348E-01   3020.56840745    6.10126707E-06   1.69400668E+18   1.63826318E+08   1.42318786E+09   1.12792023E+08   0.10181233      
  77               9.00552635E+00   7.88140174E-01   3054.49130968    6.70519872E-06   1.86891871E+18   1.39460601E+08   1.44750080E+09   1.08752833E+08   0.10152505      
  78               1.09581663E+01   8.78410392E-01   3088.30969762    7.36286140E-06   2.06016716E+18   1.19653711E+08   1.46725759E+09   1.04690035E+08   0.10136608      
  79               1.33341911E+01   9.78073202E-01   3122.24895798    8.07758942E-06   2.26897479E+18   1.03250205E+08   1.48361724E+09   1.00603279E+08   0.10125896      
  80               1.62254019E+01   1.08803667E+00   3156.12534150    8.85490424E-06   2.49698039E+18   8.94345403E+07   1.49739612E+09   9.64915442E+07   0.10125621      
  81               1.97435049E+01   1.20930491E+00   3190.21345610    9.69858086E-06   2.74562937E+18   7.76679692E+07   1.50913665E+09   9.23533543E+07   0.10130422      
  82               2.40244270E+01   1.34299087E+00   3224.29528817    1.06154171E-05   3.01692206E+18   6.75539884E+07   1.51923058E+09   8.81868459E+07   0.10145997      
  83               2.92335681E+01   1.49032374E+00   3258.69416933    1.16096040E-05   3.31255316E+18   5.88106149E+07   1.52795773E+09   8.39899171E+07   0.1016254       
  84               3.55721908E+01   1.65266864E+00   3293.12413238    1.26897012E-05   3.63499255E+18   5.11950174E+07   1.53556012E+09   7.97601828E+07   0.1018348       
  85               4.32851972E+01   1.83154068E+00   3327.94244285    1.38605555E-05   3.98626900E+18   4.45780266E+07   1.54216621E+09   7.54950220E+07   0.1020146       
  86               5.26705906E+01   2.02862917E+00   3362.81003356    1.51329414E-05   4.36944394E+18   3.87966259E+07   1.54793975E+09   7.11915606E+07   0.10222055      
  87               6.40909893E+01   2.24580968E+00   3398.13233212    1.65124147E-05   4.78694570E+18   3.37683895E+07   1.55296287E+09   6.68468319E+07   0.10241452      
  88               7.79876373E+01   2.48516748E+00   3433.53711785    1.80122274E-05   5.24251589E+18   2.93668952E+07   1.55735856E+09   6.24578170E+07   0.1026768       
  89               9.48974517E+01   2.74901236E+00   3469.49373475    1.96384238E-05   5.73900264E+18   2.55392419E+07   1.56118034E+09   5.80215229E+07   0.10296276      
  90               1.15473768E+02   3.03990698E+00   3505.58982631    2.14071594E-05   6.28094563E+18   2.21821605E+07   1.56453167E+09   5.35349861E+07   0.10333033      
  91               1.40511583E+02   3.36068929E+00   3542.34438428    2.33250188E-05   6.87168781E+18   1.92677970E+07   1.56744050E+09   4.89952712E+07   0.10373805      
  92               1.70978268E+02   3.71450808E+00   3579.30620307    2.54115837E-05   7.51671862E+18   1.67153533E+07   1.56998904E+09   4.43994570E+07   0.10421981      
  93               2.08050949E+02   4.10485976E+00   3617.02953176    2.76742217E-05   8.22000553E+18   1.45057672E+07   1.57219528E+09   3.97445469E+07   0.10472786      
  94               2.53161982E+02   4.53562692E+00   3655.01944253    3.01367931E-05   8.98821542E+18   1.25656196E+07   1.57413129E+09   3.50275571E+07   0.10527396      
  95               3.08054300E+02   5.01112973E+00   3693.85097629    3.28078950E-05   9.82612118E+18   1.08841650E+07   1.57580771E+09   3.02453939E+07   0.10583762      
  96               3.74848746E+02   5.53617561E+00   3733.00458894    3.57163770E-05   1.07418028E+19   9.40778388E+06   1.57727810E+09   2.53949313E+07   0.10643376      
  97               4.56126023E+02   6.11612541E+00   3773.07991501    3.88723581E-05   1.17410305E+19   8.13081560E+06   1.57854818E+09   2.04728873E+07   0.10704548      
  98               5.55026396E+02   6.75695538E+00   3813.53515505    4.23107458E-05   1.28336188E+19   7.01320371E+06   1.57965907E+09   1.54759256E+07   0.10769718      
  99               6.75371026E+02   7.46534020E+00   3855.00299722    4.60433717E-05   1.40265454E+19   6.05329548E+06   1.58061054E+09   1.04005313E+07   0.10839673      
  100              8.21809604E+02   8.24872451E+00   3896.93778854    5.01119135E-05   1.53316595E+19   5.21835162E+06   1.58143561E+09   5.24314103E+06   0.10914658      
  101              1.00000000E+03   9.11543162E+00   3939.99000721    5.45305439E-05   1.67574509E+19   4.85147687E+06   1.58179344E+09   0.00000000E+00   0.10992297      
