# ATMO pressure-temperature profile
# Effective temperature = 500.0K
# log(g) = 4.5cm/s^2
# M/H = 0.0
# Optical depth grid in band 17 (1.20-1.33microns)
# All parameters in cgs units
#
# Model Level      Optical Depth    Pressure         Temperature      Density          Number Density   Rad Flux         Conv Flux        Radial Extension Adiabatic Gradient
#                                   [Ba]             [K]              [g/cm^3]         [/cm^3]          [ergs/s/cm^2/sr] [ergs/s/cm^2/sr] [cm]             [K/Ba]          
  1                5.00000000E-05   1.00000000E-05   93.37144044      3.02081960E-09   7.75732132E+14   3.54342035E+06   0.00000000E+00   1.09964420E+07   0.34434109      
  2                5.91534807E-05   3.53318551E-04   110.86943849     8.98862878E-08   2.30823718E+16   3.54342031E+06   0.00000000E+00   1.03375896E+07   0.31484426      
  3                6.99826855E-05   6.27833900E-04   138.40243481     1.27949881E-07   3.28569216E+16   3.54341828E+06   0.00000000E+00   1.02566427E+07   0.32579215      
  4                8.27943887E-05   8.99367266E-04   139.96467685     1.81241438E-07   4.65419388E+16   3.54341429E+06   0.00000000E+00   1.02002563E+07   0.3257902       
  5                9.79515255E-05   1.19513009E-03   144.02885025     2.34047795E-07   6.01023600E+16   3.54341257E+06   0.00000000E+00   1.01548452E+07   0.3257106       
  6                1.15883473E-04   1.54330177E-03   146.21113943     2.97720907E-07   7.64532992E+16   3.54341203E+06   0.00000000E+00   1.01131355E+07   0.32557225      
  7                1.37098216E-04   1.95296079E-03   151.39330236     3.63852877E-07   9.34356692E+16   3.54341236E+06   0.00000000E+00   1.00737755E+07   0.32524878      
  8                1.62196734E-04   2.43476137E-03   154.29423917     4.45088173E-07   1.14296394E+17   3.54341348E+06   0.00000000E+00   1.00359154E+07   0.32486039      
  9                1.91890027E-04   3.00112178E-03   160.07266850     5.28817641E-07   1.35797656E+17   3.54341492E+06   0.00000000E+00   9.99899924E+06   0.32430635      
  10               2.27019260E-04   3.66682397E-03   163.04200732     6.34354186E-07   1.62898238E+17   3.54341646E+06   0.00000000E+00   9.96265284E+06   0.32369213      
  11               2.68579588E-04   4.44926740E-03   168.77852317     7.43555535E-07   1.90940108E+17   3.54341752E+06   0.00000000E+00   9.92662563E+06   0.32300238      
  12               3.17748350E-04   5.36872909E-03   171.43910866     8.83301414E-07   2.26823177E+17   3.54341878E+06   0.00000000E+00   9.89074803E+06   0.3222504       
  13               3.75918418E-04   6.44886800E-03   176.76813593     1.02902621E-06   2.64244128E+17   3.54342004E+06   0.00000000E+00   9.85492086E+06   0.32152153      
  14               4.44737657E-04   7.71731768E-03   178.86550660     1.21707796E-06   3.12511225E+17   3.54341917E+06   0.00000000E+00   9.81907756E+06   0.32078882      
  15               5.26155608E-04   9.20536606E-03   184.07383475     1.41076631E-06   3.62222016E+17   3.54341046E+06   0.00000000E+00   9.78316578E+06   0.32003633      
  16               6.22478712E-04   1.09496362E-02   186.22799525     1.65874547E-06   4.25873447E+17   3.54340284E+06   0.00000000E+00   9.74710767E+06   0.31928139      
  17               7.36435649E-04   1.29897706E-02   191.81207927     1.91088761E-06   4.90513954E+17   3.54339448E+06   0.00000000E+00   9.71086950E+06   0.3184402       
  18               8.71254639E-04   1.53681579E-02   194.48154004     2.23016820E-06   5.72359990E+17   3.54338509E+06   0.00000000E+00   9.67443514E+06   0.31742138      
  19               1.03075489E-03   1.81378141E-02   200.64593678     2.55123396E-06   6.54757400E+17   3.54339273E+06   0.00000000E+00   9.63771563E+06   0.31646312      
  20               1.21945479E-03   2.13224072E-02   203.01084267     2.96859280E-06   7.60751539E+17   3.54340711E+06   0.00000000E+00   9.60110874E+06   0.31543338      
  21               1.44269991E-03   2.48672312E-02   210.48059326     3.34415183E-06   8.55738780E+17   3.54341712E+06   0.00000000E+00   9.56551813E+06   0.31449151      
  22               1.70681442E-03   2.88149801E-02   218.01349309     3.74745831E-06   9.57328063E+17   3.54343444E+06   0.00000000E+00   9.53024071E+06   0.31308095      
  23               2.01928028E-03   3.32676018E-02   228.03347703     4.13642111E-06   1.05669274E+18   3.54343818E+06   0.00000000E+00   9.49447762E+06   0.31159316      
  24               2.38894914E-03   3.84571812E-02   235.86383449     4.62293677E-06   1.18097834E+18   3.54344664E+06   0.00000000E+00   9.45694915E+06   0.30996387      
  25               2.82629313E-03   4.45089283E-02   244.71674673     5.15685960E-06   1.31737460E+18   3.54344682E+06   0.00000000E+00   9.41775429E+06   0.30888418      
  26               3.34370152E-03   5.15678479E-02   251.84285764     5.80565505E-06   1.48311630E+18   3.54345067E+06   0.00000000E+00   9.37695806E+06   0.30768982      
  27               3.95583167E-03   5.98016402E-02   260.46722521     6.50971346E-06   1.66297550E+18   3.54345137E+06   0.00000000E+00   9.33460417E+06   0.30685384      
  28               4.68002425E-03   6.94046675E-02   267.61972728     7.35313287E-06   1.87843596E+18   3.54345514E+06   0.00000000E+00   9.29071160E+06   0.30587692      
  29               5.53679448E-03   8.06029305E-02   276.48065841     8.26585793E-06   2.11160128E+18   3.54345531E+06   0.00000000E+00   9.24528916E+06   0.30519802      
  30               6.55041330E-03   9.36580244E-02   284.06762200     9.34813805E-06   2.38808124E+18   3.54345832E+06   0.00000000E+00   9.19832425E+06   0.30440656      
  31               7.74959494E-03   1.08874580E-01   293.53138451     1.05165625E-05   2.68656769E+18   3.54345859E+06   0.00000000E+00   9.14979351E+06   0.3038162       
  32               9.16831029E-03   1.26604880E-01   301.86486231     1.18915850E-05   3.03783179E+18   3.54346087E+06   0.00000000E+00   9.09965640E+06   0.30312552      
  33               1.08467493E-02   1.47261274E-01   312.17428299     1.33749846E-05   3.41678199E+18   3.54346180E+06   0.00000000E+00   9.04786138E+06   0.30263726      
  34               1.28324595E-02   1.71323877E-01   321.53183646     1.51076103E-05   3.85939965E+18   3.54346344E+06   0.00000000E+00   8.99433128E+06   0.30214202      
  35               1.51816929E-02   1.99350720E-01   333.08029122     1.69695660E-05   4.33505600E+18   3.54346508E+06   0.00000000E+00   8.93897831E+06   0.30180396      
  36               1.79609996E-02   2.31981071E-01   344.00035746     1.91203360E-05   4.88449303E+18   3.54346639E+06   0.00000000E+00   8.88169361E+06   0.3014056       
  37               2.12491128E-02   2.69950368E-01   357.38555028     2.14165154E-05   5.47107633E+18   3.54346801E+06   0.00000000E+00   8.82235869E+06   0.30105704      
  38               2.51391797E-02   3.14112097E-01   370.45067266     2.40411990E-05   6.14158001E+18   3.54346976E+06   0.00000000E+00   8.76081357E+06   0.30068945      
  39               2.97413996E-02   3.65442861E-01   386.48153004     2.68097767E-05   6.84883302E+18   3.54346988E+06   0.00000000E+00   8.69687640E+06   0.30044423      
  40               3.51861462E-02   4.25024765E-01   403.94223721     2.98330754E-05   7.62115526E+18   3.53660381E+06   5.84811209E+03   8.63025418E+06   0.30024253      
  41               4.16276604E-02   4.94100412E-01   423.11587015     3.31100308E-05   8.45827383E+18   3.51833356E+06   2.44433984E+04   8.56075231E+06   0.30007483      
  42               4.92484201E-02   5.74140187E-01   442.08964157     3.68223311E-05   9.40661667E+18   3.49156519E+06   5.03190954E+04   8.48826359E+06   0.2998913       
  43               5.82643093E-02   6.66862168E-01   462.92612184     4.08441971E-05   1.04339856E+19   3.45936071E+06   8.24535968E+04   8.41265654E+06   0.29973814      
  44               6.89307339E-02   7.74268570E-01   483.54708255     4.54014509E-05   1.15978824E+19   3.42887692E+06   1.13046751E+05   8.33378251E+06   0.29961775      
  45               8.15498567E-02   8.98726472E-01   506.22076175     5.03402334E-05   1.28591843E+19   3.40335696E+06   1.38631182E+05   8.25145709E+06   0.29951963      
  46               9.64791575E-02   1.04314039E+00   528.70363304     5.59456496E-05   1.42907923E+19   3.38898234E+06   1.53203377E+05   8.16540290E+06   0.29937957      
  47               1.14141560E-01   1.21119716E+00   553.52354824     6.20460010E-05   1.58490991E+19   3.38734442E+06   1.54960791E+05   8.07520086E+06   0.29921118      
  48               1.35037411E-01   1.40759723E+00   578.29662037     6.90178467E-05   1.76300518E+19   3.39970691E+06   1.42822895E+05   7.98029245E+06   0.2990096       
  49               1.59758657E-01   1.63843357E+00   605.85768189     7.66813517E-05   1.95877277E+19   3.42243755E+06   1.20228519E+05   7.87995120E+06   0.29882058      
  50               1.89005613E-01   1.91171876E+00   633.69131511     8.55410775E-05   2.18510387E+19   3.45097542E+06   9.18967909E+04   7.77324611E+06   0.29858356      
  51               2.23606798E-01   2.23807727E+00   664.98646284     9.54304361E-05   2.43774409E+19   3.47595461E+06   6.70284585E+04   7.65901995E+06   0.29827751      
  52               2.64542408E-01   2.63046756E+00   696.98239573     1.07011700E-04   2.73361269E+19   3.48773990E+06   5.53630612E+04   7.53623057E+06   0.29781662      
  53               3.12972084E-01   3.10280444E+00   732.93746782     1.20033656E-04   3.06629066E+19   3.47517834E+06   6.79191506E+04   7.40443944E+06   0.29730793      
  54               3.70267763E-01   3.66858811E+00   769.43652339     1.35188005E-04   3.45344065E+19   3.44069220E+06   1.02416606E+05   7.26398630E+06   0.29667858      
  55               4.38052539E-01   4.34182748E+00   809.76281804     1.52028399E-04   3.88365436E+19   3.39148743E+06   1.51558282E+05   7.11548179E+06   0.29595659      
  56               5.18246648E-01   5.13603689E+00   850.00371374     1.71323039E-04   4.37656266E+19   3.34973766E+06   1.93318305E+05   6.95986152E+06   0.29500663      
  57               6.13121862E-01   6.06106369E+00   893.50591288     1.92334946E-04   4.91334496E+19   3.32917993E+06   2.13815691E+05   6.79871601E+06   0.29395853      
  58               7.25365844E-01   7.12277821E+00   935.77042684     2.15816766E-04   5.51322790E+19   3.34767981E+06   1.95362435E+05   6.63392382E+06   0.29271089      
  59               8.58158289E-01   8.32822816E+00   980.60191365     2.40804877E-04   6.15156642E+19   3.40685188E+06   1.36193385E+05   6.46670907E+06   0.29145457      
  60               1.01526100E+00   9.68919922E+00   1023.57324466    2.68397428E-04   6.85637875E+19   3.50186112E+06   4.13481503E+04   6.29742037E+06   0.29001687      
  61               1.20112443E+00   1.12159333E+01   1069.02277218    2.97482568E-04   7.59931243E+19   3.54341434E+06   0.00000000E+00   6.12655884E+06   0.2886855       
  62               1.42101382E+00   1.29205059E+01   1108.73564725    3.30420181E-04   8.44067826E+19   3.54341637E+06   0.00000000E+00   5.95462862E+06   0.2872805       
  63               1.68115827E+00   1.48180507E+01   1149.13153980    3.65624032E-04   9.34000632E+19   3.54338793E+06   0.00000000E+00   5.78198843E+06   0.28600613      
  64               1.98892727E+00   1.69342248E+01   1184.64814670    4.05309993E-04   1.03538479E+20   3.54341699E+06   0.00000000E+00   5.60815192E+06   0.28464272      
  65               2.35303941E+00   1.93002306E+01   1221.86324035    4.47866903E-04   1.14410462E+20   3.54336184E+06   0.00000000E+00   5.43254229E+06   0.28343664      
  66               2.78380943E+00   2.19455473E+01   1255.22221169    4.95714828E-04   1.26634384E+20   3.54346190E+06   0.00000000E+00   5.25500564E+06   0.28213036      
  67               3.29344035E+00   2.48978019E+01   1291.35162175    5.46662389E-04   1.39650448E+20   3.54330837E+06   0.00000000E+00   5.07566486E+06   0.28096261      
  68               3.89636920E+00   2.81822208E+01   1324.57005300    6.03251691E-04   1.54108332E+20   3.54354246E+06   0.00000000E+00   4.89480145E+06   0.27965507      
  69               4.60967600E+00   3.18255176E+01   1361.40222708    6.62799486E-04   1.69322573E+20   3.54324699E+06   0.00000000E+00   4.71259855E+06   0.27847594      
  70               5.45356761E+00   3.58728267E+01   1396.02665668    7.28548450E-04   1.86122007E+20   3.54360073E+06   0.00000000E+00   4.52841643E+06   0.2771262       
  71               6.45195012E+00   4.03777725E+01   1434.76109023    7.97887778E-04   2.03839623E+20   3.54323876E+06   0.00000000E+00   4.34156737E+06   0.27586934      
  72               7.63310614E+00   4.53877047E+01   1471.77742327    8.74311489E-04   2.23368498E+20   3.54357866E+06   0.00000000E+00   4.15188376E+06   0.27440485      
  73               9.03049593E+00   5.09391196E+01   1513.18256685    9.54377370E-04   2.43829330E+20   3.54330148E+06   0.00000000E+00   3.95970183E+06   0.27307038      
  74               1.06837053E+01   5.70537007E+01   1553.15237418    1.04140793E-03   2.66069807E+20   3.54348656E+06   0.00000000E+00   3.76574757E+06   0.27154354      
  75               1.26395671E+01   6.37414513E+01   1597.64385006    1.13105292E-03   2.88980019E+20   3.54340712E+06   0.00000000E+00   3.57088368E+06   0.27014679      
  76               1.49534878E+01   7.10304202E+01   1640.77089608    1.22724099E-03   3.13561172E+20   3.54344805E+06   0.00000000E+00   3.37524079E+06   0.26856208      
  77               1.76910170E+01   7.89092881E+01   1688.54654112    1.32496187E-03   3.38486170E+20   3.50289674E+06   4.04067054E+04   3.17984651E+06   0.2671105       
  78               2.09297047E+01   8.73464988E+01   1733.94281080    1.42841443E-03   3.64868668E+20   3.31154272E+06   2.31517746E+05   2.98589875E+06   0.26544601      
  79               2.47612977E+01   9.63158287E+01   1780.29750959    1.53428988E-03   3.91859988E+20   3.09430670E+06   4.48465051E+05   2.79429978E+06   0.26405118      
  80               2.92943389E+01   1.05760278E+02   1823.77553411    1.64461539E-03   4.20026837E+20   2.84143902E+06   7.00879733E+05   2.60628389E+06   0.26246824      
  81               3.46572422E+01   1.15544622E+02   1867.41678774    1.75499025E-03   4.48161265E+20   2.56151403E+06   9.80090801E+05   2.42415959E+06   0.2611879       
  82               4.10019301E+01   1.25428198E+02   1906.85763297    1.86621311E-03   4.76434007E+20   2.28963571E+06   1.25127058E+06   2.25145472E+06   0.25975647      
  83               4.85081376E+01   1.35578257E+02   1946.60953881    1.97708051E-03   5.04471968E+20   2.04876355E+06   1.49160346E+06   2.08434993E+06   0.2585714       
  84               5.73885036E+01   1.45755129E+02   1982.36926211    2.08811033E-03   5.32555814E+20   1.79649311E+06   1.74317426E+06   1.92595623E+06   0.25724877      
  85               6.78945948E+01   1.55615698E+02   2016.87341064    2.19188732E-03   5.58856883E+20   1.58429658E+06   1.95494781E+06   1.78020075E+06   0.25633788      
  86               8.03240320E+01   1.65459502E+02   2047.86136318    2.29527996E-03   5.85217091E+20   1.43088342E+06   2.10863921E+06   1.64141698E+06   0.25510316      
  87               9.50289215E+01   1.75774024E+02   2080.52981159    2.39999241E-03   6.11936830E+20   1.30320020E+06   2.23704840E+06   1.50244514E+06   0.25408447      
  88               1.12425830E+02   1.86118222E+02   2110.00540854    2.50591476E-03   6.38897468E+20   1.13639897E+06   2.40487372E+06   1.36905748E+06   0.2529911       
  89               1.33007583E+02   1.95275186E+02   2136.65163005    2.59661482E-03   6.61971331E+20   9.78853454E+05   2.56437479E+06   1.25553774E+06   0.25241207      
  90               1.57357229E+02   2.03881554E+02   2159.11777150    2.68306616E-03   6.83954864E+20   8.74823555E+05   2.67135922E+06   1.15242621E+06   0.25147634      
  91               1.86164557E+02   2.12700534E+02   2183.07629600    2.76833102E-03   7.05708757E+20   8.21271373E+05   2.72817892E+06   1.05009834E+06   0.25076681      
  92               2.20245630E+02   2.22665336E+02   2207.36606815    2.86604963E-03   7.30641084E+20   7.79891534E+05   2.77276333E+06   9.38227201E+05   0.24967748      
  93               2.60565913E+02   2.33903408E+02   2235.48936669    2.97269729E-03   7.57861389E+20   7.21863880E+05   2.83222723E+06   8.16475536E+05   0.2488136       
  94               3.08267614E+02   2.44906229E+02   2260.27938847    3.07912248E-03   7.84808225E+20   6.27139334E+05   2.92359121E+06   7.01466882E+05   0.24790143      
  95               3.64702046E+02   2.54194186E+02   2282.07054191    3.16613688E-03   8.06793495E+20   5.40042437E+05   3.00444098E+06   6.07395589E+05   0.24753393      
  96               4.31467909E+02   2.62709560E+02   2299.88429897    3.24767185E-03   8.27362301E+20   4.78832293E+05   3.06186200E+06   5.23417112E+05   0.24317376      
  97               5.10456573E+02   2.71418671E+02   2318.74626982    3.32805773E-03   8.47836933E+20   4.53831903E+05   3.08718957E+06   4.39645422E+05   0.24306672      
  98               6.03905660E+02   2.81407656E+02   2338.64324629    3.42118849E-03   8.71560968E+20   4.22534967E+05   3.11721434E+06   3.46031077E+05   0.23492091      
  99               7.14462436E+02   2.92842926E+02   2360.50245561    3.52723735E-03   8.98578701E+20   4.04019021E+05   3.13592532E+06   2.41932318E+05   0.23382557      
  100              8.45258798E+02   3.05900983E+02   2384.72873563    3.64694231E-03   9.29111269E+20   3.85089406E+05   3.15504062E+06   1.26800058E+05   0.23260535      
  101              1.00000000E+03   3.20793707E+02   2411.09081577    3.78251093E-03   9.63691683E+20   3.74118500E+05   3.16605490E+06   0.00000000E+00   0.23127084      
