# ATMO pressure-temperature profile
# Effective temperature = 700.0K
# log(g) = 5.0cm/s^2
# M/H = 0.0
# Optical depth grid in band 17 (1.20-1.33microns)
# All parameters in cgs units
#
# Model Level      Optical Depth    Pressure         Temperature      Density          Number Density   Rad Flux         Conv Flux        Radial Extension Adiabatic Gradient
#                                   [Ba]             [K]              [g/cm^3]         [/cm^3]          [ergs/s/cm^2/sr] [ergs/s/cm^2/sr] [cm]             [K/Ba]          
  1                5.00000000E-07   1.00000000E-05   141.96268222     1.98685390E-09   5.10213145E+14   1.36132666E+07   0.00000000E+00   4.19739011E+06   0.32798322      
  2                6.19412983E-07   1.73880142E-05   147.38423163     3.32767636E-09   8.54525060E+14   1.36132666E+07   0.00000000E+00   4.16865752E+06   0.32532564      
  3                7.67344888E-07   2.64879892E-05   152.85503649     4.88792193E-09   1.25514840E+15   1.36132666E+07   0.00000000E+00   4.14609387E+06   0.32713181      
  4                9.50606773E-07   3.77081539E-05   154.66196692     6.87727531E-09   1.76594666E+15   1.36132666E+07   0.00000000E+00   4.12674166E+06   0.32309874      
  5                1.17763635E-06   5.15445199E-05   160.55830394     9.05573371E-09   2.32528166E+15   1.36132666E+07   0.00000000E+00   4.10920878E+06   0.32608463      
  6                1.45888650E-06   6.86139163E-05   161.59167242     1.19777121E-08   3.07552366E+15   1.36132667E+07   0.00000000E+00   4.09281910E+06   0.3213166       
  7                1.80730647E-06   8.96876741E-05   166.34048564     1.52097877E-08   3.90535606E+15   1.36132667E+07   0.00000000E+00   4.07720580E+06   0.32424951      
  8                2.23893819E-06   1.15713192E-04   167.00077227     1.95447509E-08   5.01868842E+15   1.36132668E+07   0.00000000E+00   4.06211116E+06   0.32114183      
  9                2.77365477E-06   1.47822790E-04   169.39944620     2.46233370E-08   6.32055548E+15   1.36132669E+07   0.00000000E+00   4.04747259E+06   0.32320512      
  10               3.43607555E-06   1.87158457E-04   166.20231904     3.17832136E-08   8.15639440E+15   1.36132666E+07   0.00000000E+00   4.03340996E+06   0.31842243      
  11               4.25669961E-06   2.34806716E-04   176.38756946     3.76106940E-08   9.64202777E+15   1.36132664E+07   0.00000000E+00   4.01962558E+06   0.32119032      
  12               5.27331001E-06   2.91436962E-04   182.14877474     4.52512014E-08   1.15889534E+16   1.36132664E+07   0.00000000E+00   4.00589552E+06   0.31611398      
  13               6.53271338E-06   3.58598611E-04   194.81190222     5.21158542E-08   1.33327261E+16   1.36132664E+07   0.00000000E+00   3.99206253E+06   0.31960336      
  14               8.09289496E-06   4.38616533E-04   195.67875760     6.35051534E-08   1.62355556E+16   1.36132664E+07   0.00000000E+00   3.97815212E+06   0.31435146      
  15               1.00256884E-05   5.34922802E-04   205.73206257     7.37209771E-08   1.88328033E+16   1.36132666E+07   0.00000000E+00   3.96407555E+06   0.31791325      
  16               1.24200832E-05   6.51831533E-04   205.72003258     8.98381363E-08   2.29501021E+16   1.36132669E+07   0.00000000E+00   3.94971005E+06   0.31298919      
  17               1.53863215E-05   7.95694116E-04   215.67045442     1.04606205E-07   2.67227613E+16   1.36132667E+07   0.00000000E+00   3.93486988E+06   0.31591653      
  18               1.90609746E-05   9.72766785E-04   215.05098419     1.28253507E-07   3.27637149E+16   1.36132668E+07   0.00000000E+00   3.91958232E+06   0.31124241      
  19               2.36132303E-05   1.19073634E-03   224.96086824     1.50075769E-07   3.83384426E+16   1.36132666E+07   0.00000000E+00   3.90387124E+06   0.31420758      
  20               2.92526829E-05   1.45898171E-03   224.31705485     1.84412139E-07   4.71100312E+16   1.36132669E+07   0.00000000E+00   3.88774689E+06   0.30973955      
  21               3.62389832E-05   1.78904730E-03   234.58040312     2.16238015E-07   5.52402879E+16   1.36132667E+07   0.00000000E+00   3.87121816E+06   0.3125697       
  22               4.48937934E-05   2.19505411E-03   234.09464995     2.65861649E-07   6.79171701E+16   1.36132670E+07   0.00000000E+00   3.85428495E+06   0.30829779      
  23               5.56155970E-05   2.69435353E-03   244.78896879     3.12079103E-07   7.97239076E+16   1.36132667E+07   0.00000000E+00   3.83695087E+06   0.31093298      
  24               6.88980457E-05   3.30808695E-03   244.64897785     3.83385305E-07   9.79398308E+16   1.36132671E+07   0.00000000E+00   3.81920776E+06   0.30689707      
  25               8.53526881E-05   4.06224564E-03   256.04878457     4.49826891E-07   1.14913037E+17   1.36132665E+07   0.00000000E+00   3.80104749E+06   0.30927945      
  26               1.05737126E-04   4.98843227E-03   256.32794330     5.51785240E-07   1.40959375E+17   1.36132672E+07   0.00000000E+00   3.78245700E+06   0.30556287      
  27               1.30989898E-04   6.12535138E-03   268.32476292     6.47250217E-07   1.65346913E+17   1.36132663E+07   0.00000000E+00   3.76343271E+06   0.30769748      
  28               1.62273687E-04   7.52026642E-03   268.98519758     7.92696239E-07   2.02502638E+17   1.36132673E+07   0.00000000E+00   3.74395857E+06   0.30437129      
  29               2.01028857E-04   9.23126701E-03   281.45004196     9.29955029E-07   2.37566848E+17   1.36132661E+07   0.00000000E+00   3.72403048E+06   0.30625049      
  30               2.49039768E-04   1.13285825E-02   282.42334471     1.13730495E-06   2.90536579E+17   1.36132673E+07   0.00000000E+00   3.70363686E+06   0.30331126      
  31               3.08516931E-04   1.38983541E-02   295.35820116     1.33418573E-06   3.40831855E+17   1.36132660E+07   0.00000000E+00   3.68277524E+06   0.30502219      
  32               3.82198786E-04   1.70455651E-02   296.67995590     1.62901525E-06   4.16149173E+17   1.36132672E+07   0.00000000E+00   3.66142734E+06   0.30252262      
  33               4.73477780E-04   2.08984150E-02   310.19620325     1.91019992E-06   4.87980773E+17   1.36132658E+07   0.00000000E+00   3.63958596E+06   0.30386751      
  34               5.86556569E-04   2.56114883E-02   311.95247377     2.32781432E-06   5.94664787E+17   1.36132673E+07   0.00000000E+00   3.61723529E+06   0.30180024      
  35               7.26641509E-04   3.13740198E-02   326.26237153     2.72649766E-06   6.96512664E+17   1.36132654E+07   0.00000000E+00   3.59436158E+06   0.30289723      
  36               9.00182369E-04   3.84148579E-02   328.67790120     3.31383349E-06   8.46553805E+17   1.36132674E+07   0.00000000E+00   3.57093783E+06   0.30124714      
  37               1.11516929E-03   4.70125024E-02   343.92898993     3.87566777E-06   9.90080311E+17   1.36132650E+07   0.00000000E+00   3.54694724E+06   0.30208604      
  38               1.38150068E-03   5.75015764E-02   347.28943315     4.69450902E-06   1.19926186E+18   1.36132673E+07   0.00000000E+00   3.52235666E+06   0.30074362      
  39               1.71143891E-03   7.02934351E-02   363.62443825     5.48104966E-06   1.40019184E+18   1.36132649E+07   0.00000000E+00   3.49713889E+06   0.3014026       
  40               2.12017497E-03   8.58844843E-02   368.10231775     6.61527997E-06   1.68994278E+18   1.36132670E+07   0.00000000E+00   3.47124666E+06   0.30033759      
  41               2.62652780E-03   1.04880297E-01   385.82328289     7.70739373E-06   1.96893472E+18   1.36132648E+07   0.00000000E+00   3.44464370E+06   0.30078171      
  42               3.25381085E-03   1.28004173E-01   391.92003654     9.26038810E-06   2.36566096E+18   1.36132667E+07   0.00000000E+00   3.41727259E+06   0.30008846      
  43               4.03090537E-03   1.56136268E-01   411.60010798     1.07555157E-05   2.74760409E+18   1.36132646E+07   0.00000000E+00   3.38908408E+06   0.30040884      
  44               4.99359024E-03   1.90327203E-01   419.92968428     1.28507235E-05   3.28284312E+18   1.36132665E+07   0.00000000E+00   3.36000158E+06   0.29982873      
  45               6.18618926E-03   2.31870335E-01   442.21370802     1.48668171E-05   3.79785892E+18   1.36132643E+07   0.00000000E+00   3.32994587E+06   0.30002603      
  46               7.66361189E-03   2.82317916E-01   453.83159957     1.76382502E-05   4.50577548E+18   1.36132661E+07   0.00000000E+00   3.29879243E+06   0.29965632      
  47               9.49388141E-03   3.43644328E-01   479.17407616     2.03345095E-05   5.19447554E+18   1.36132639E+07   0.00000000E+00   3.26641031E+06   0.29977889      
  48               1.17612668E-02   4.18285818E-01   494.34370407     2.39920747E-05   6.12872270E+18   1.36132657E+07   0.00000000E+00   3.23261689E+06   0.29940388      
  49               1.45701627E-02   5.09528183E-01   523.50632308     2.75978375E-05   7.04972407E+18   1.36132633E+07   0.00000000E+00   3.19715777E+06   0.2994858       
  50               1.80498959E-02   6.21715232E-01   542.99506817     3.24659096E-05   8.29318707E+18   1.36132653E+07   0.00000000E+00   3.15967823E+06   0.29912988      
  51               2.23606798E-02   7.60965805E-01   576.56396041     3.74236774E-05   9.55968295E+18   1.36132627E+07   0.00000000E+00   3.11972871E+06   0.29921862      
  52               2.77009907E-02   9.35155199E-01   601.01134024     4.41190581E-05   1.12700765E+19   1.36132650E+07   0.00000000E+00   3.07686034E+06   0.29862943      
  53               3.43167066E-02   1.15474332E+00   639.46992164     5.12018814E-05   1.30795010E+19   1.36132620E+07   0.00000000E+00   3.03065898E+06   0.29866424      
  54               4.25124273E-02   1.43248437E+00   668.50285593     6.07579042E-05   1.55207415E+19   1.36132651E+07   0.00000000E+00   2.98086265E+06   0.29794238      
  55               5.26654988E-02   1.78351645E+00   711.14579149     7.11098929E-05   1.81653728E+19   1.36132614E+07   0.00000000E+00   2.92745762E+06   0.29796299      
  56               6.52433875E-02   2.22369751E+00   743.82639849     8.47642025E-05   2.16535927E+19   1.36132655E+07   0.00000000E+00   2.87076045E+06   0.29669714      
  57               8.08252026E-02   2.76967862E+00   790.41815757     9.93523778E-05   2.53803911E+19   1.36132599E+07   0.00000000E+00   2.81126503E+06   0.29666821      
  58               1.00128360E-01   3.43847146E+00   827.21294962     1.17856171E-04   3.01074476E+19   1.36132666E+07   0.00000000E+00   2.74945952E+06   0.29503656      
  59               1.24041612E-01   4.24739458E+00   878.66124786     1.37057974E-04   3.50128106E+19   1.36132578E+07   0.00000000E+00   2.68581223E+06   0.29488516      
  60               1.53665970E-01   5.21361102E+00   920.55398794     1.60580636E-04   4.10218462E+19   1.36132681E+07   0.00000000E+00   2.62068292E+06   0.29260125      
  61               1.90365394E-01   6.35202222E+00   976.59674265     1.84417654E-04   4.71110275E+19   1.36132568E+07   0.00000000E+00   2.55452950E+06   0.2922643       
  62               2.35829593E-01   7.67885479E+00   1022.13386644    2.13008095E-04   5.44144842E+19   1.36132682E+07   0.00000000E+00   2.48758456E+06   0.28955052      
  63               2.92151824E-01   9.21839098E+00   1079.93852419    2.42027436E-04   6.18275347E+19   1.36132551E+07   0.00000000E+00   2.41977970E+06   0.28893507      
  64               3.61925265E-01   1.09980011E+01   1125.34482767    2.77100314E-04   7.07870771E+19   1.36132690E+07   0.00000000E+00   2.35106092E+06   0.28614564      
  65               4.48362417E-01   1.30500015E+01   1181.36015928    3.13209490E-04   8.00118071E+19   1.36132531E+07   0.00000000E+00   2.28140736E+06   0.28550919      
  66               5.55443005E-01   1.54135533E+01   1223.74050720    3.57120896E-04   9.12303358E+19   1.36132698E+07   0.00000000E+00   2.21073625E+06   0.28264956      
  67               6.88097217E-01   1.81459789E+01   1276.81738205    4.02945672E-04   1.02938410E+20   1.36132461E+07   0.00000000E+00   2.13870516E+06   0.28211942      
  68               8.52432700E-01   2.13102445E+01   1315.98188146    4.59119503E-04   1.17290912E+20   1.36132838E+07   0.00000000E+00   2.06513713E+06   0.2793256       
  69               1.05601576E+00   2.49672207E+01   1367.08997946    5.17785807E-04   1.32281448E+20   1.36132179E+07   0.00000000E+00   1.99013266E+06   0.27892425      
  70               1.30821975E+00   2.91735952E+01   1404.97012741    5.88693798E-04   1.50400300E+20   1.36133288E+07   0.00000000E+00   1.91394393E+06   0.27619277      
  71               1.62065660E+00   3.40121333E+01   1456.57578712    6.61994316E-04   1.69132328E+20   1.36131418E+07   0.00000000E+00   1.83643610E+06   0.27580301      
  72               2.00771148E+00   3.95889797E+01   1496.08419211    7.50169246E-04   1.91665574E+20   1.36134312E+07   0.00000000E+00   1.75729814E+06   0.27296387      
  73               2.48720511E+00   4.59865528E+01   1550.99796301    8.40516384E-04   2.14756080E+20   1.36130380E+07   0.00000000E+00   1.67672935E+06   0.27249307      
  74               3.08121427E+00   5.32353147E+01   1595.06035703    9.46186555E-04   2.41740015E+20   1.36134537E+07   0.00000000E+00   1.59544352E+06   0.26960999      
  75               3.81708825E+00   6.13091823E+01   1655.38004466    1.05004322E-03   2.68258596E+20   1.36131599E+07   0.00000000E+00   1.51444008E+06   0.26896086      
  76               4.72870805E+00   7.01537872E+01   1705.86190226    1.16605084E-03   2.97874338E+20   1.36132712E+07   0.00000000E+00   1.43450644E+06   0.2659384       
  77               5.85804632E+00   7.97241236E+01   1773.20084750    1.27496158E-03   3.25654935E+20   1.27665101E+07   8.46754399E+05   1.35601251E+06   0.26501017      
  78               7.25709989E+00   8.98961892E+01   1821.72529819    1.39964265E-03   3.57424429E+20   1.14721968E+07   2.14106820E+06   1.27986274E+06   0.26209965      
  79               8.99028379E+00   1.00402536E+02   1883.68618441    1.51231208E-03   3.86066370E+20   1.00292543E+07   3.58401097E+06   1.20764619E+06   0.26146466      
  80               1.11373970E+01   1.10839070E+02   1924.25921011    1.63486897E-03   4.17210411E+20   8.61015404E+06   5.00311161E+06   1.14127086E+06   0.25869665      
  81               1.37972966E+01   1.21508743E+02   1978.99617008    1.74324060E-03   4.44721797E+20   7.48379561E+06   6.12947015E+06   1.07806705E+06   0.25827851      
  82               1.70924493E+01   1.31931865E+02   2012.81642142    1.86157837E-03   4.74756998E+20   6.23819786E+06   7.37526527E+06   1.02020536E+06   0.25564516      
  83               2.11745701E+01   1.41526795E+02   2057.67452178    1.95388664E-03   4.98181771E+20   5.35078280E+06   8.26248307E+06   9.69894427E+05   0.25561994      
  84               2.62316072E+01   1.50997467E+02   2083.47669632    2.05885906E-03   5.24936601E+20   4.62566291E+06   8.98760306E+06   9.22674867E+05   0.25318609      
  85               3.24963962E+01   1.60830270E+02   2125.37676006    2.14972694E-03   5.48097351E+20   4.26571798E+06   9.34754796E+06   8.75936169E+05   0.25338403      
  86               4.02573794E+01   1.71232171E+02   2150.93575377    2.26160120E-03   5.76612115E+20   3.70723547E+06   9.90602985E+06   8.28760612E+05   0.25083187      
  87               4.98718870E+01   1.81490565E+02   2190.79225804    2.35381009E-03   6.00037916E+20   3.23835619E+06   1.03749087E+07   7.84297683E+05   0.25113316      
  88               6.17825886E+01   1.90780489E+02   2210.13002878    2.45300387E-03   6.25233114E+20   2.74711256E+06   1.08661563E+07   7.45635219E+05   0.24831544      
  89               7.65378750E+01   1.99789893E+02   2243.67948854    2.53078578E-03   6.44968548E+20   2.49722740E+06   1.11160366E+07   7.09474957E+05   0.24898384      
  90               9.48171070E+01   2.08902541E+02   2260.63398034    2.62675318E-03   6.69328491E+20   2.17534125E+06   1.14387719E+07   6.74130657E+05   0.24610346      
  91               1.17461894E+02   2.18382679E+02   2293.35578757    2.70721773E-03   6.89719641E+20   2.07295355E+06   1.15403100E+07   6.38579111E+05   0.24708911      
  92               1.45514845E+02   2.28806806E+02   2312.04632344    2.81345495E-03   7.16800414E+20   1.82693192E+06   1.17863313E+07   6.00807865E+05   0.24184486      
  93               1.80267568E+02   2.41119765E+02   2348.95302807    2.91817197E-03   7.43505728E+20   1.82613507E+06   1.17883066E+07   5.57835392E+05   0.24521701      
  94               2.23320145E+02   2.55608499E+02   2375.70800122    3.05856874E-03   7.79306087E+20   1.62363605E+06   1.19896271E+07   5.09337908E+05   0.23936744      
  95               2.76654794E+02   2.72595874E+02   2418.96404608    3.20332715E-03   8.16235924E+20   1.58318769E+06   1.20314278E+07   4.55066624E+05   0.24287928      
  96               3.42727143E+02   2.92428128E+02   2454.64051910    3.38614492E-03   8.62893275E+20   1.40349721E+06   1.22097658E+07   3.94849581E+05   0.23614058      
  97               4.24579284E+02   3.15508496E+02   2503.93146528    3.58109242E-03   9.12671439E+20   1.33807057E+06   1.22752132E+07   3.28569467E+05   0.23999163      
  98               5.25979842E+02   3.42276641E+02   2549.13781034    3.81553725E-03   9.72545181E+20   1.17515126E+06   1.24394626E+07   2.56153578E+05   0.23226008      
  99               6.51597486E+02   3.73267619E+02   2603.63208008    4.07328511E-03   1.03840445E+21   1.09787525E+06   1.25153877E+07   1.77541995E+05   0.23628146      
  100              8.07215886E+02   4.09387019E+02   2659.29089451    4.37327912E-03   1.11504928E+21   9.56674974E+05   1.26565884E+07   9.19643825E+04   0.22780835      
  101              1.00000000E+03   4.51139961E+02   2718.48052413    4.71337236E-03   1.20201784E+21   9.01226776E+05   1.27128219E+07   0.00000000E+00   0.22667114      
