# ATMO pressure-temperature profile
# Effective temperature = 2100.0K
# log(g) = 3.0cm/s^2
# M/H = 0.0
# Optical depth grid in band 17 (1.20-1.33microns)
# All parameters in cgs units
#
# Model Level      Optical Depth    Pressure         Temperature      Density          Number Density   Rad Flux         Conv Flux        Radial Extension Adiabatic Gradient
#                                   [Ba]             [K]              [g/cm^3]         [/cm^3]          [ergs/s/cm^2/sr] [ergs/s/cm^2/sr] [cm]             [K/Ba]          
  1                1.00000000E-05   1.00000000E-05   681.29301961     4.15712189E-10   1.06314353E+14   1.10264713E+09   0.00000000E+00   8.95094157E+08   0.29761675      
  2                1.20226443E-05   1.62973082E-05   776.65304800     5.94335177E-10   1.51989878E+14   1.10264713E+09   0.00000000E+00   8.82424859E+08   0.29598381      
  3                1.44543977E-05   2.31101453E-05   822.88218925     7.95440172E-10   2.03418690E+14   1.10264713E+09   0.00000000E+00   8.72516335E+08   0.29456003      
  4                1.73780083E-05   3.08822532E-05   849.73451845     1.02936215E-09   2.63239804E+14   1.10264713E+09   0.00000000E+00   8.63927168E+08   0.29389093      
  5                2.08929613E-05   3.98578533E-05   878.02837132     1.28572416E-09   3.28799535E+14   1.10264714E+09   0.00000000E+00   8.56125175E+08   0.29287394      
  6                2.51188643E-05   5.02723339E-05   896.52262454     1.58821844E-09   4.06156711E+14   1.10264714E+09   0.00000000E+00   8.48837171E+08   0.29244683      
  7                3.01995172E-05   6.23926379E-05   919.52789325     1.92181184E-09   4.91466906E+14   1.10264714E+09   0.00000000E+00   8.41899671E+08   0.29165944      
  8                3.63078055E-05   7.65227809E-05   934.82537331     2.31847634E-09   5.92906337E+14   1.10264714E+09   0.00000000E+00   8.35205608E+08   0.29136541      
  9                4.36515832E-05   9.30423044E-05   955.43468629     2.75817523E-09   7.05351012E+14   1.10264714E+09   0.00000000E+00   8.28673020E+08   0.29078459      
  10               5.24807460E-05   1.12385328E-04   969.26082970     3.28406199E-09   8.39836596E+14   1.10264714E+09   0.00000000E+00   8.22246028E+08   0.29214464      
  11               6.30957344E-05   1.35058780E-04   988.85660779     3.86840444E-09   9.89271146E+14   1.10264714E+09   0.00000000E+00   8.15884725E+08   0.29146587      
  12               7.58577575E-05   1.61645566E-04   1002.10347158    4.56870994E-09   1.16836105E+15   1.10264714E+09   0.00000000E+00   8.09560561E+08   0.29120275      
  13               9.12010839E-05   1.92826744E-04   1021.37040030    5.34719878E-09   1.36744491E+15   1.10264714E+09   0.00000000E+00   8.03251968E+08   0.29050061      
  14               1.09647820E-04   2.29386815E-04   1034.50369473    6.28027576E-09   1.60606177E+15   1.10264714E+09   0.00000000E+00   7.96943055E+08   0.29022937      
  15               1.31825674E-04   2.72240449E-04   1053.81057617    7.31698849E-09   1.87118161E+15   1.10264714E+09   0.00000000E+00   7.90621380E+08   0.28949703      
  16               1.58489319E-04   3.22439911E-04   1067.09140076    8.55833751E-09   2.18863335E+15   1.10264714E+09   0.00000000E+00   7.84277745E+08   0.28920989      
  17               1.90546072E-04   3.81207106E-04   1086.68951230    9.93568268E-09   2.54086360E+15   1.10264713E+09   0.00000000E+00   7.77904782E+08   0.28843778      
  18               2.29086765E-04   4.49943117E-04   1100.32848855    1.15818356E-08   2.96183660E+15   1.10264713E+09   0.00000000E+00   7.71497162E+08   0.28812953      
  19               2.75422870E-04   5.30270372E-04   1120.37914985    1.34052390E-08   3.42813711E+15   1.10264712E+09   0.00000000E+00   7.65050468E+08   0.28731647      
  20               3.31131121E-04   6.24076549E-04   1134.47228923    1.55806691E-08   3.98446311E+15   1.10264711E+09   0.00000000E+00   7.58559625E+08   0.28698057      
  21               3.98107171E-04   7.33655683E-04   1155.04017155    1.79902593E-08   4.60066951E+15   1.10264709E+09   0.00000000E+00   7.52014527E+08   0.28611619      
  22               4.78630092E-04   8.61655167E-04   1169.74374017    2.08634091E-08   5.33541993E+15   1.10264707E+09   0.00000000E+00   7.45407639E+08   0.28575318      
  23               5.75439937E-04   1.01111995E-03   1191.06650564    2.40441856E-08   6.14883032E+15   1.10264705E+09   0.00000000E+00   7.38734328E+08   0.2848409       
  24               6.91830971E-04   1.18555702E-03   1206.60589532    2.78291681E-08   7.11676858E+15   1.10264701E+09   0.00000000E+00   7.31990854E+08   0.28443852      
  25               8.31763771E-04   1.38884947E-03   1228.87195936    3.20109029E-08   8.18604980E+15   1.10264697E+09   0.00000000E+00   7.25179663E+08   0.28345834      
  26               1.00000000E-03   1.62546790E-03   1245.40698478    3.69672151E-08   9.45350679E+15   1.10264692E+09   0.00000000E+00   7.18301201E+08   0.28301595      
  27               1.20226443E-03   1.89987814E-03   1268.78955178    4.24134357E-08   1.08458100E+16   1.10264686E+09   0.00000000E+00   7.11371054E+08   0.28196055      
  28               1.44543977E-03   2.21725121E-03   1286.50386931    4.88179767E-08   1.24833068E+16   1.10264675E+09   0.00000000E+00   7.04396286E+08   0.28144953      
  29               1.73780083E-03   2.58077086E-03   1311.14017185    5.57613735E-08   1.42569348E+16   1.10264673E+09   0.00000000E+00   6.97428761E+08   0.28030238      
  30               2.08929613E-03   2.99691272E-03   1330.20677509    6.38237981E-08   1.63185204E+16   1.10264682E+09   0.00000000E+00   6.90453130E+08   0.27973068      
  31               2.51188643E-03   3.46243777E-03   1356.39813437    7.23448863E-08   1.84893070E+16   1.10264654E+09   0.00000000E+00   6.83601886E+08   0.27842956      
  32               3.01995172E-03   3.97945824E-03   1376.85509834    8.19139894E-08   2.09344499E+16   1.10264624E+09   0.00000000E+00   6.76885660E+08   0.27774595      
  33               3.63078055E-03   4.56688792E-03   1404.74830663    9.21462936E-08   2.35476556E+16   1.10264594E+09   0.00000000E+00   6.70124201E+08   0.27630303      
  34               4.36515832E-03   5.21319167E-03   1427.11506054    1.03581648E-07   2.64588244E+16   1.10264564E+09   0.00000000E+00   6.63508461E+08   0.27547186      
  35               5.24807460E-03   5.88870685E-03   1456.22024071    1.14714693E-07   2.92899554E+16   1.10264538E+09   0.00000000E+00   6.57311265E+08   0.27372056      
  36               6.30957344E-03   6.58757978E-03   1480.02319774    1.26335590E-07   3.22391219E+16   1.10264501E+09   0.00000000E+00   6.51505793E+08   0.27274084      
  37               7.58577575E-03   7.27163097E-03   1510.03849758    1.36880977E-07   3.48794518E+16   1.10264407E+09   0.00000000E+00   6.46303122E+08   0.27064324      
  38               9.12010839E-03   7.93359129E-03   1532.46366448    1.47152499E-07   3.74977731E+16   1.10264395E+09   0.00000000E+00   6.41638925E+08   0.26924939      
  39               1.09647820E-02   8.69135139E-03   1558.94032318    1.58463482E-07   4.03816126E+16   1.10264365E+09   0.00000000E+00   6.36676616E+08   0.26687696      
  40               1.31825674E-02   9.55618482E-03   1583.97661504    1.71470054E-07   4.36980055E+16   1.10264321E+09   0.00000000E+00   6.31430061E+08   0.26473042      
  41               1.58489319E-02   1.05395556E-02   1613.62458255    1.85628270E-07   4.73092036E+16   1.10264270E+09   0.00000000E+00   6.25918153E+08   0.26187669      
  42               1.90546072E-02   1.16517263E-02   1642.41453355    2.01603645E-07   5.13846420E+16   1.10264216E+09   0.00000000E+00   6.20169036E+08   0.26035874      
  43               2.29086765E-02   1.28987908E-02   1676.58744809    2.18606344E-07   5.57248142E+16   1.10264193E+09   0.00000000E+00   6.14228713E+08   0.25711814      
  44               2.75422870E-02   1.42734329E-02   1711.18244940    2.36977475E-07   6.04168334E+16   1.10264258E+09   0.00000000E+00   6.08189132E+08   0.25452738      
  45               3.31131121E-02   1.57403407E-02   1753.93104818    2.54899346E-07   6.50021097E+16   1.10232952E+09   1.06654393E+06   6.02220578E+08   0.24929406      
  46               3.98107171E-02   1.73049155E-02   1795.37830743    2.73679591E-07   6.98134898E+16   1.10086316E+09   1.70215180E+06   5.96296844E+08   0.24346011      
  47               4.78630092E-02   1.90465409E-02   1837.30780658    2.94227688E-07   7.50861840E+16   1.09771855E+09   4.82017303E+06   5.90159256E+08   0.2370374       
  48               5.75439937E-02   2.09866032E-02   1879.45630048    3.16760264E-07   8.08789974E+16   1.09247558E+09   1.00456252E+07   5.83804254E+08   0.22998083      
  49               6.91830971E-02   2.31491990E-02   1921.73781195    3.41488648E-07   8.72504495E+16   1.08472634E+09   1.77864605E+07   5.77228730E+08   0.22224597      
  50               8.31763771E-02   2.55616761E-02   1963.83329325    3.68696184E-07   9.42780408E+16   1.07406382E+09   2.84518824E+07   5.70429644E+08   0.21376142      
  51               1.00000000E-01   2.82553070E-02   2005.60290134    3.98674071E-07   1.02042460E+17   1.06011730E+09   4.24159660E+07   5.63403681E+08   0.20487816      
  52               1.20226443E-01   3.12657835E-02   2046.83381181    4.31772113E-07   1.10640103E+17   1.04254853E+09   6.00127825E+07   5.56147451E+08   0.19577415      
  53               1.44543977E-01   3.46350878E-02   2087.45627853    4.68376053E-07   1.20177937E+17   1.02108972E+09   8.15022623E+07   5.48654918E+08   0.186295        
  54               1.73780083E-01   3.84120018E-02   2127.19052044    5.08992171E-07   1.30793569E+17   9.95657672E+08   1.06968231E+08   5.40919249E+08   0.17730491      
  55               2.08929613E-01   4.26513900E-02   2166.32639958    5.54033562E-07   1.42605126E+17   9.66230719E+08   1.36442786E+08   5.32935738E+08   0.16904384      
  56               2.51188643E-01   4.74145757E-02   2204.67375958    6.04085387E-07   1.55773427E+17   9.32819272E+08   1.69923778E+08   5.24702040E+08   0.16115325      
  57               3.01995172E-01   5.27704625E-02   2242.36864097    6.59699995E-07   1.70454994E+17   8.95580491E+08   2.07262016E+08   5.16217587E+08   0.15388733      
  58               3.63078055E-01   5.87958628E-02   2279.33631089    7.21552193E-07   1.86837565E+17   8.54721565E+08   2.48255214E+08   5.07483979E+08   0.14715718      
  59               4.36515832E-01   6.55762136E-02   2315.68191287    7.90314684E-07   2.05113041E+17   8.10441883E+08   2.92662781E+08   4.98504872E+08   0.14073223      
  60               5.24807460E-01   7.31780881E-02   2351.09183066    8.66658295E-07   2.25443286E+17   7.63104443E+08   3.40116185E+08   4.89318945E+08   0.1350121       
  61               6.30957344E-01   8.17033945E-02   2385.92956214    9.51106333E-07   2.48032346E+17   7.13504682E+08   3.89822168E+08   4.79928512E+08   0.13020656      
  62               7.58577575E-01   9.12961310E-02   2420.26627357    1.04496412E-06   2.73221621E+17   6.62318288E+08   4.41126811E+08   4.70305942E+08   0.12600833      
  63               9.12010839E-01   1.02080863E-01   2454.28801606    1.14907595E-06   3.01262202E+17   6.09853986E+08   4.93683570E+08   4.60463612E+08   0.12227917      
  64               1.09647820E+00   1.14187117E-01   2487.84889947    1.26446459E-06   3.32444344E+17   5.56494943E+08   5.47109884E+08   4.50419876E+08   0.11900466      
  65               1.31825674E+00   1.27749506E-01   2521.12706891    1.39194693E-06   3.67020510E+17   5.02715363E+08   6.00957378E+08   4.40196732E+08   0.11614196      
  66               1.58489319E+00   1.42936190E-01   2554.01581764    1.53283438E-06   4.05363329E+17   4.49369767E+08   6.54365055E+08   4.29799530E+08   0.11360689      
  67               1.90546072E+00   1.59930308E-01   2586.71520487    1.68827746E-06   4.47824653E+17   3.97263826E+08   7.06498237E+08   4.19235215E+08   0.11133948      
  68               2.29086765E+00   1.78930795E-01   2619.08238773    1.85979235E-06   4.94836551E+17   3.47206327E+08   7.56554133E+08   4.08512066E+08   0.10935127      
  69               2.75422870E+00   2.00152956E-01   2651.33217466    2.04863477E-06   5.46793956E+17   3.00004889E+08   8.03730471E+08   3.97639385E+08   0.10763111      
  70               3.31131121E+00   2.23829330E-01   2683.31552708    2.25650848E-06   6.04186602E+17   2.56448946E+08   8.47266957E+08   3.86627149E+08   0.10616523      
  71               3.98107171E+00   2.50210552E-01   2715.24957749    2.48477117E-06   6.67454563E+17   2.17212591E+08   8.86475897E+08   3.75485637E+08   0.1048906       
  72               4.78630092E+00   2.79566697E-01   2746.94926256    2.73537296E-06   7.37158092E+17   1.82797263E+08   9.20845234E+08   3.64225128E+08   0.10379461      
  73               5.75439937E+00   3.12188892E-01   2778.63638946    3.00978613E-06   8.13788535E+17   1.53442537E+08   9.50138981E+08   3.52855470E+08   0.10283843      
  74               6.91830971E+00   3.48391433E-01   2810.10567790    3.31024993E-06   8.97988251E+17   1.29058100E+08   9.74451491E+08   3.41385806E+08   0.10205746      
  75               8.31763771E+00   3.88513388E-01   2841.61433918    3.63831587E-06   9.90299803E+17   1.09190007E+08   9.94255766E+08   3.29824384E+08   0.1014224       
  76               1.00000000E+01   4.32921238E-01   2872.94243164    3.99655239E-06   1.09145996E+18   9.31080620E+07   1.01027783E+09   3.18178401E+08   0.10090392      
  77               1.20226443E+01   4.82012813E-01   2904.34364807    4.38668930E-06   1.20208844E+18   8.00217125E+07   1.02330375E+09   3.06453612E+08   0.10043372      
  78               1.44543977E+01   5.36221136E-01   2935.55965509    4.81181007E-06   1.32305792E+18   6.91918481E+07   1.03407398E+09   2.94654423E+08   0.10001636      
  79               1.73780083E+01   5.96018731E-01   2966.86146184    5.27386774E-06   1.45508539E+18   6.01015759E+07   1.04310713E+09   2.82783796E+08   0.099633921     
  80               2.08929613E+01   6.61922450E-01   2997.98210836    5.77653672E-06   1.59920417E+18   5.23586429E+07   1.05080509E+09   2.70843368E+08   0.099330589     
  81               2.51188643E+01   7.34494729E-01   3029.23231442    6.32194132E-06   1.75623223E+18   4.57291407E+07   1.05739912E+09   2.58834002E+08   0.099106269     
  82               3.01995172E+01   8.14328744E-01   3060.33590622    6.91421818E-06   1.92733188E+18   3.99810886E+07   1.06310902E+09   2.46758668E+08   0.098983039     
  83               3.63078055E+01   9.02072009E-01   3091.62294038    7.55552912E-06   2.11339427E+18   3.50175799E+07   1.06803482E+09   2.34618694E+08   0.098937254     
  84               4.36515832E+01   9.98437530E-01   3122.80582517    8.25081944E-06   2.31580377E+18   3.06940784E+07   1.07232260E+09   2.22413399E+08   0.098975131     
  85               5.24807460E+01   1.10420860E+00   3154.23403731    9.00256135E-06   2.53561347E+18   2.69510445E+07   1.07603220E+09   2.10140618E+08   0.09909593      
  86               6.30957344E+01   1.22024431E+00   3185.61937683    9.81659051E-06   2.77446177E+18   2.36696229E+07   1.07929006E+09   1.97797194E+08   0.099284674     
  87               7.58577575E+01   1.34748883E+00   3217.31333399    1.06957703E-05   3.03359537E+18   2.08042587E+07   1.08213731E+09   1.85378949E+08   0.099497461     
  88               9.12010839E+01   1.48698177E+00   3248.99795171    1.16471932E-05   3.31498865E+18   1.82724712E+07   1.08465318E+09   1.72880884E+08   0.099724192     
  89               1.09647820E+02   1.63987033E+00   3281.02924338    1.26742690E-05   3.62013900E+18   1.60527668E+07   1.08685857E+09   1.60297130E+08   0.099939185     
  90               1.31825674E+02   1.80742209E+00   3313.06997484    1.37856270E-05   3.95143478E+18   1.40888439E+07   1.08880951E+09   1.47621156E+08   0.10014256      
  91               1.58489319E+02   1.99104113E+00   3345.48663659    1.49853790E-05   4.31068979E+18   1.23710910E+07   1.09051517E+09   1.34845661E+08   0.10034314      
  92               1.90546072E+02   2.19227661E+00   3377.94300066    1.62838465E-05   4.70076861E+18   1.08550277E+07   1.09202915E+09   1.21963191E+08   0.10058654      
  93               2.29086765E+02   2.41283458E+00   3410.84242403    1.76855907E-05   5.12379484E+18   9.53063363E+06   1.09334829E+09   1.08966239E+08   0.1008826       
  94               2.75422870E+02   2.65458968E+00   3443.84753198    1.92027158E-05   5.58315038E+18   8.35987823E+06   1.09451023E+09   9.58475215E+07   0.10124183      
  95               3.31131121E+02   2.91960356E+00   3477.37540814    2.08403533E-05   6.08132406E+18   7.33474728E+06   1.09552396E+09   8.25997812E+07   0.10165182      
  96               3.98107171E+02   3.21014245E+00   3511.07305011    2.26128017E-05   6.62232178E+18   6.42729338E+06   1.09641814E+09   6.92159203E+07   0.10212663      
  97               4.78630092E+02   3.52869958E+00   3545.37450700    2.45257915E-05   7.20905614E+18   5.63418681E+06   1.09719642E+09   5.56887877E+07   0.10265676      
  98               5.75439937E+02   3.87802018E+00   3579.91355035    2.65961809E-05   7.84627211E+18   4.93299883E+06   1.09789097E+09   4.20111833E+07   0.10322227      
  99               6.91830971E+02   4.26113331E+00   3615.11992569    2.88307766E-05   8.53745155E+18   4.31924642E+06   1.09849856E+09   2.81756306E+07   0.10379877      
  100              8.31763771E+02   4.68138130E+00   3650.60437778    3.12497711E-05   9.28827542E+18   3.77516601E+06   1.09903572E+09   1.41745609E+07   0.1043826       
  101              1.00000000E+03   5.14246220E+00   3686.80370304    3.38612633E-05   1.01029204E+19   3.53204230E+06   1.09927007E+09   0.00000000E+00   0.10498205      
