# ATMO pressure-temperature profile
# Effective temperature = 1400.0K
# log(g) = 4.0cm/s^2
# M/H = 0.0
# Optical depth grid in band 17 (1.20-1.33microns)
# All parameters in cgs units
#
# Model Level      Optical Depth    Pressure         Temperature      Density          Number Density   Rad Flux         Conv Flux        Radial Extension Adiabatic Gradient
#                                   [Ba]             [K]              [g/cm^3]         [/cm^3]          [ergs/s/cm^2/sr] [ergs/s/cm^2/sr] [cm]             [K/Ba]          
  1                1.00000000E-06   1.00000000E-05   484.17142885     5.85577223E-10   1.49598308E+14   2.17811940E+08   0.00000000E+00   6.74972496E+07   0.29748483      
  2                1.23026877E-06   1.21070745E-05   524.49638507     6.54448802E-10   1.67194719E+14   2.17811939E+08   0.00000000E+00   6.71568729E+07   0.29767798      
  3                1.51356125E-06   1.45982106E-05   540.04269924     7.66377696E-10   1.95793093E+14   2.17811939E+08   0.00000000E+00   6.68051149E+07   0.297754        
  4                1.86208714E-06   1.76480263E-05   555.44515051     9.00760911E-10   2.30134009E+14   2.17811939E+08   0.00000000E+00   6.64380363E+07   0.29782688      
  5                2.29086765E-06   2.14165587E-05   564.72179953     1.07512346E-09   2.74688814E+14   2.17811939E+08   0.00000000E+00   6.60550869E+07   0.29786066      
  6                2.81838293E-06   2.61207739E-05   576.71133118     1.28394857E-09   3.28060087E+14   2.17811939E+08   0.00000000E+00   6.56546875E+07   0.29790024      
  7                3.46736850E-06   3.19985818E-05   584.53041423     1.55179114E-09   3.96505720E+14   2.17811939E+08   0.00000000E+00   6.52382725E+07   0.29791484      
  8                4.26579519E-06   3.93800942E-05   595.69467969     1.87386633E-09   4.78827262E+14   2.17811939E+08   0.00000000E+00   6.48053928E+07   0.29792984      
  9                5.24807460E-06   4.86467232E-05   603.34398066     2.28541656E-09   5.84002151E+14   2.17811939E+08   0.00000000E+00   6.43576066E+07   0.29792758      
  10               6.45654229E-06   6.03050313E-05   614.25760756     2.78261740E-09   7.11096994E+14   2.17811939E+08   0.00000000E+00   6.38952982E+07   0.29791541      
  11               7.94328235E-06   7.49293273E-05   621.67569471     3.41611277E-09   8.72999078E+14   2.17811939E+08   0.00000000E+00   6.34209662E+07   0.29789411      
  12               9.77237221E-06   9.32368275E-05   632.12457658     4.18031829E-09   1.06834286E+15   2.17811939E+08   0.00000000E+00   6.29365014E+07   0.29785296      
  13               1.20226443E-05   1.16059614E-04   639.18192639     5.14611294E-09   1.31517176E+15   2.17811939E+08   0.00000000E+00   6.24444342E+07   0.29816794      
  14               1.47910839E-05   1.44432209E-04   649.33625382     6.30374594E-09   1.61109163E+15   2.17811939E+08   0.00000000E+00   6.19462817E+07   0.2980635       
  15               1.81970086E-05   1.79597524E-04   656.23913169     7.75609863E-09   1.98227572E+15   2.17811939E+08   0.00000000E+00   6.14433680E+07   0.29799732      
  16               2.23872114E-05   2.23079115E-04   666.27552804     9.48843443E-09   2.42510692E+15   2.17811939E+08   0.00000000E+00   6.09365079E+07   0.29788367      
  17               2.75422870E-05   2.76713542E-04   673.09239254     1.16505899E-08   2.97770432E+15   2.17811939E+08   0.00000000E+00   6.04263878E+07   0.29781167      
  18               3.38844156E-05   3.42720099E-04   683.06177050     1.42186543E-08   3.63417164E+15   2.17811939E+08   0.00000000E+00   5.99135441E+07   0.29768903      
  19               4.16869383E-05   4.23796143E-04   689.84018678     1.74097054E-08   4.44973706E+15   2.17811939E+08   0.00000000E+00   5.93982351E+07   0.29761194      
  20               5.12861384E-05   5.23198238E-04   699.83368043     2.11856956E-08   5.41498518E+15   2.17811939E+08   0.00000000E+00   5.88806529E+07   0.29747841      
  21               6.30957344E-05   6.44905043E-04   706.65464185     2.58621518E-08   6.61019691E+15   2.17811939E+08   0.00000000E+00   5.83607032E+07   0.29739351      
  22               7.76247117E-05   7.93706809E-04   716.76166762     3.13798590E-08   8.02067972E+15   2.17811939E+08   0.00000000E+00   5.78383660E+07   0.29724662      
  23               9.54992586E-05   9.75474094E-04   723.70629548     3.81965579E-08   9.76290873E+15   2.17811939E+08   0.00000000E+00   5.73133430E+07   0.29715368      
  24               1.17489755E-04   1.19724626E-03   733.99835739     4.62220999E-08   1.18144699E+16   2.17811939E+08   0.00000000E+00   5.67855415E+07   0.29699336      
  25               1.44543977E-04   1.46763260E-03   741.11331325     5.61176404E-08   1.43436135E+16   2.17811939E+08   0.00000000E+00   5.62546443E+07   0.29689053      
  26               1.77827941E-04   1.79703248E-03   751.69641865     6.77440360E-08   1.73156694E+16   2.17811939E+08   0.00000000E+00   5.57204014E+07   0.29671206      
  27               2.18776162E-04   2.19824044E-03   759.10020021     8.20613962E-08   2.09749980E+16   2.17811938E+08   0.00000000E+00   5.51822993E+07   0.29659651      
  28               2.69153480E-04   2.68684189E-03   770.07651150     9.88695043E-08   2.52716777E+16   2.17811938E+08   0.00000000E+00   5.46398556E+07   0.29639892      
  29               3.31131121E-04   3.28225767E-03   777.92768979     1.19561708E-07   3.05604174E+16   2.17811938E+08   0.00000000E+00   5.40922180E+07   0.29626743      
  30               4.07380278E-04   4.00838787E-03   789.55303804     1.43859405E-07   3.67717476E+16   2.17811938E+08   0.00000000E+00   5.35385493E+07   0.2960429       
  31               5.01187234E-04   4.89499285E-03   798.08425284     1.73802681E-07   4.44251763E+16   2.17811938E+08   0.00000000E+00   5.29778463E+07   0.29588801      
  32               6.16595002E-04   5.97863047E-03   810.54285955     2.09011488E-07   5.34258655E+16   2.17811938E+08   0.00000000E+00   5.24092925E+07   0.29563039      
  33               7.58577575E-04   7.30567731E-03   820.06409297     2.52440189E-07   6.45265623E+16   2.17811937E+08   0.00000000E+00   5.18315665E+07   0.29544445      
  34               9.33254301E-04   8.93369292E-03   833.68418590     3.03645817E-07   7.76167219E+16   2.17811936E+08   0.00000000E+00   5.12435401E+07   0.29514307      
  35               1.14815362E-03   1.09351916E-02   844.44639921     3.66936768E-07   9.37950997E+16   2.17811935E+08   0.00000000E+00   5.06439202E+07   0.29483628      
  36               1.41253754E-03   1.34009919E-02   859.52597605     4.41785928E-07   1.12928557E+17   2.17811934E+08   0.00000000E+00   5.00314877E+07   0.29454863      
  37               1.73780083E-03   1.64480237E-02   871.99200142     5.34480441E-07   1.36624020E+17   2.17811932E+08   0.00000000E+00   4.94044333E+07   0.29427224      
  38               2.13796209E-03   2.02226068E-02   888.91406664     6.44603905E-07   1.64779507E+17   2.17811930E+08   0.00000000E+00   4.87613636E+07   0.29386995      
  39               2.63026799E-03   2.49107631E-02   903.37096298     7.81323172E-07   1.99731583E+17   2.17811928E+08   0.00000000E+00   4.81007607E+07   0.29356624      
  40               3.23593657E-03   3.07484890E-02   922.60373622     9.44282554E-07   2.41398413E+17   2.17811925E+08   0.00000000E+00   4.74211204E+07   0.29309095      
  41               3.98107171E-03   3.80413750E-02   939.60412892     1.14708741E-06   2.93249398E+17   2.17811920E+08   0.00000000E+00   4.67203905E+07   0.29258949      
  42               4.89778819E-03   4.71766674E-02   961.55255988     1.39002492E-06   3.55369433E+17   2.17811920E+08   0.00000000E+00   4.59969299E+07   0.29186357      
  43               6.02559586E-03   5.86588814E-02   981.68780651     1.69285116E-06   4.32798972E+17   2.17811912E+08   0.00000000E+00   4.52484059E+07   0.29128624      
  44               7.41310241E-03   7.31268204E-02   1007.29969435    2.05664538E-06   5.25828144E+17   2.17811911E+08   0.00000000E+00   4.44730165E+07   0.29054339      
  45               9.12010839E-03   9.13868468E-02   1031.32717607    2.51025512E-06   6.41819741E+17   2.17811905E+08   0.00000000E+00   4.36693724E+07   0.28979138      
  46               1.12201845E-02   1.14398708E-01   1061.12526220    3.05400429E-06   7.80872818E+17   2.17811911E+08   0.00000000E+00   4.28382592E+07   0.28876972      
  47               1.38038426E-02   1.43348342E-01   1089.84740357    3.72590417E-06   9.52692663E+17   2.17811905E+08   0.00000000E+00   4.19800491E+07   0.28787139      
  48               1.69824365E-02   1.79531558E-01   1124.53322870    4.52231029E-06   1.15636342E+18   2.17811925E+08   0.00000000E+00   4.10985678E+07   0.28679005      
  49               2.08929613E-02   2.24433719E-01   1158.51371888    5.48744153E-06   1.40317799E+18   2.17811920E+08   0.00000000E+00   4.01971975E+07   0.28570938      
  50               2.57039578E-02   2.79678118E-01   1198.86752837    6.60785696E-06   1.68971372E+18   2.17811947E+08   0.00000000E+00   3.92797640E+07   0.28425984      
  51               3.16227766E-02   3.46932467E-01   1238.25585583    7.93599758E-06   2.02936606E+18   2.17811935E+08   0.00000000E+00   3.83510325E+07   0.28280643      
  52               3.89045145E-02   4.27602802E-01   1283.37836036    9.43727895E-06   2.41330199E+18   2.17811999E+08   0.00000000E+00   3.74188719E+07   0.28101723      
  53               4.78630092E-02   5.23048087E-01   1326.80326225    1.11658685E-05   2.85536036E+18   2.17811980E+08   0.00000000E+00   3.64890806E+07   0.27936486      
  54               5.88843655E-02   6.34364724E-01   1375.41650007    1.30635452E-05   3.34064736E+18   2.17812059E+08   0.00000000E+00   3.55673919E+07   0.27775258      
  55               7.24435960E-02   7.62655884E-01   1421.88834099    1.51922464E-05   3.88498165E+18   2.17812029E+08   0.00000000E+00   3.46567317E+07   0.27618752      
  56               8.91250938E-02   9.08719800E-01   1473.55958267    1.74679837E-05   4.46671383E+18   2.17812178E+08   0.00000000E+00   3.37600966E+07   0.27420701      
  57               1.09647820E-01   1.06808198E+00   1523.04702174    1.98733143E-05   5.07945499E+18   2.17812103E+08   0.00000000E+00   3.29047045E+07   0.27229922      
  58               1.34896288E-01   1.23808860E+00   1578.08179935    2.22346267E-05   5.68261264E+18   2.17812156E+08   0.00000000E+00   3.20959425E+07   0.27007458      
  59               1.65958691E-01   1.41175352E+00   1634.70974857    2.44809442E-05   6.25524130E+18   2.14905101E+08   2.95243558E+06   3.13515654E+07   0.26787324      
  60               2.04173794E-01   1.57597394E+00   1683.46076464    2.65570265E-05   6.78065850E+18   2.08589513E+08   9.28182517E+06   3.07074688E+07   0.26594658      
  61               2.51188643E-01   1.71833621E+00   1722.42667340    2.83260379E-05   7.22592152E+18   2.01279938E+08   1.65763381E+07   3.01883911E+07   0.26429173      
  62               3.09029543E-01   1.84354114E+00   1754.70526376    2.98385313E-05   7.60982191E+18   1.94526248E+08   2.33209050E+07   2.97577093E+07   0.2628039       
  63               3.80189396E-01   1.95320641E+00   1781.41455895    3.11389460E-05   7.94161782E+18   1.88689191E+08   2.91582680E+07   2.93979362E+07   0.26136843      
  64               4.67735141E-01   2.07980456E+00   1810.89757361    3.26153504E-05   8.31868117E+18   1.82037762E+08   3.57909381E+07   2.90006856E+07   0.2600586       
  65               5.75439937E-01   2.17964086E+00   1832.96959232    3.37997377E-05   8.61302126E+18   1.75953519E+08   4.18167473E+07   2.86999541E+07   0.25909671      
  66               7.07945784E-01   2.25357980E+00   1848.94928599    3.46436931E-05   8.82823291E+18   1.71015777E+08   4.67181842E+07   2.84838791E+07   0.2583471       
  67               8.70963590E-01   2.34065411E+00   1867.03765894    3.56329019E-05   9.08050500E+18   1.65912482E+08   5.18283328E+07   2.82360499E+07   0.25744557      
  68               1.07151931E+00   2.44258228E+00   1887.69185743    3.67767572E-05   9.37225161E+18   1.60321968E+08   5.74265191E+07   2.79544826E+07   0.25639751      
  69               1.31825674E+00   2.56111064E+00   1910.63535261    3.80970477E-05   9.70904178E+18   1.54035844E+08   6.37212794E+07   2.76378249E+07   0.25519662      
  70               1.62181010E+00   2.69790909E+00   1936.20857260    3.96002243E-05   1.00925524E+19   1.46914971E+08   7.08489397E+07   2.72856267E+07   0.25384636      
  71               1.99526231E+00   2.85428225E+00   1963.94074464    4.13017650E-05   1.05267516E+19   1.39085325E+08   7.86803392E+07   2.68989664E+07   0.25228291      
  72               2.45470892E+00   3.03267580E+00   1994.20778498    4.32141842E-05   1.10149218E+19   1.31078835E+08   8.66894430E+07   2.64767042E+07   0.25049434      
  73               3.01995172E+00   3.23706104E+00   2026.85070255    4.53798637E-05   1.15679118E+19   1.22976602E+08   9.47980880E+07   2.60151682E+07   0.24844965      
  74               3.71535229E+00   3.47026045E+00   2062.13343056    4.78115761E-05   1.21890862E+19   1.14549934E+08   1.03230867E+08   2.55145227E+07   0.24618973      
  75               4.57088190E+00   3.73538786E+00   2099.58901337    5.05395829E-05   1.28862707E+19   1.05813132E+08   1.11973142E+08   2.49751692E+07   0.24364016      
  76               5.62341325E+00   4.03589250E+00   2139.42711825    5.35797280E-05   1.36636879E+19   9.68773527E+07   1.20913722E+08   2.43976895E+07   0.24085109      
  77               6.91830971E+00   4.37560165E+00   2181.14623302    5.69669783E-05   1.45304423E+19   8.78806617E+07   1.29914127E+08   2.37827996E+07   0.23781429      
  78               8.51138038E+00   4.75878021E+00   2224.93914115    6.07210149E-05   1.54918524E+19   7.89926054E+07   1.38804522E+08   2.31312874E+07   0.23447533      
  79               1.04712855E+01   5.19019316E+00   2270.25028548    6.48843403E-05   1.65590578E+19   7.03558511E+07   1.47444519E+08   2.24439711E+07   0.23072918      
  80               1.28824955E+01   5.67518233E+00   2317.22844988    6.94834240E-05   1.77393134E+19   6.20903848E+07   1.55711822E+08   2.17216589E+07   0.22673229      
  81               1.58489319E+01   6.21931071E+00   2365.31542161    7.45725005E-05   1.90449146E+19   5.43266433E+07   1.63472220E+08   2.09657177E+07   0.2225316       
  82               1.94984460E+01   6.82923028E+00   2414.69356585    8.01700470E-05   2.04849813E+19   4.73463601E+07   1.70448792E+08   2.01768906E+07   0.21817898      
  83               2.39883292E+01   7.51274944E+00   2464.87783538    8.63468429E-05   2.20764554E+19   4.11502593E+07   1.76642929E+08   1.93553545E+07   0.21372499      
  84               2.95120923E+01   8.27832889E+00   2516.09116149    9.31446233E-05   2.38309933E+19   3.56609420E+07   1.82129754E+08   1.85016766E+07   0.20921954      
  85               3.63078055E+01   9.13544192E+00   2567.83752617    1.00637491E-04   2.57684241E+19   3.08534719E+07   1.86934258E+08   1.76163863E+07   0.20468509      
  86               4.46683592E+01   1.00945148E+01   2620.36220722    1.08875536E-04   2.79029396E+19   2.66854459E+07   1.91098761E+08   1.67001370E+07   0.20012758      
  87               5.49540874E+01   1.11670516E+01   2673.14855553    1.17946261E-04   3.02580731E+19   2.30542772E+07   1.94726336E+08   1.57536547E+07   0.19570097      
  88               6.76082975E+01   1.23656392E+01   2726.53530700    1.27904179E-04   3.28496907E+19   1.98823992E+07   1.97895479E+08   1.47777813E+07   0.19120183      
  89               8.31763771E+01   1.37040359E+01   2779.87402013    1.38856929E-04   3.57066587E+19   1.71163080E+07   2.00660327E+08   1.37734728E+07   0.18693162      
  90               1.02329299E+02   1.51971601E+01   2833.68895538    1.50857010E-04   3.88450873E+19   1.47469700E+07   2.03030504E+08   1.27418087E+07   0.18294337      
  91               1.25892541E+02   1.68611873E+01   2887.34849263    1.64025157E-04   4.22975086E+19   1.27027120E+07   2.05078147E+08   1.16839406E+07   0.17919234      
  92               1.54881662E+02   1.87135063E+01   2941.38337793    1.78417659E-04   4.60817936E+19   1.09452370E+07   2.06841800E+08   1.06011334E+07   0.17562513      
  93               1.90546072E+02   2.07727799E+01   2995.11567040    1.94172444E-04   5.02350524E+19   9.41979688E+06   2.08377636E+08   9.49473683E+06   0.17237286      
  94               2.34422882E+02   2.30587865E+01   3049.18734437    2.11338743E-04   5.47744694E+19   8.09301267E+06   2.09720097E+08   8.36623072E+06   0.16924971      
  95               2.88403150E+02   2.55908940E+01   3102.75457523    2.30065926E-04   5.97398149E+19   6.92624616E+06   2.10906166E+08   7.21787604E+06   0.16636609      
  96               3.54813389E+02   2.83896310E+01   3156.54565027    2.50381412E-04   6.51438636E+19   5.91948216E+06   2.11934293E+08   6.05175213E+06   0.16373623      
  97               4.36515832E+02   3.14773363E+01   3209.74463437    2.72456312E-04   7.10318836E+19   5.05122835E+06   2.12824962E+08   4.86953871E+06   0.16139428      
  98               5.37031796E+02   3.48783027E+01   3263.18000002    2.96315704E-04   7.74176798E+19   4.31391534E+06   2.13585832E+08   3.67256054E+06   0.15919493      
  99               6.60693448E+02   3.86194631E+01   3315.95960837    3.22174863E-04   8.43573328E+19   3.67945189E+06   2.14244595E+08   2.46170469E+06   0.15724835      
  100              8.12830516E+02   4.27307043E+01   3369.06021670    3.50056777E-04   9.18664888E+19   3.14002035E+06   2.14808330E+08   1.23746261E+06   0.15551226      
  101              1.00000000E+03   4.72452392E+01   3421.56961993    3.80225620E-04   1.00013473E+20   2.87565506E+06   2.15091892E+08   0.00000000E+00   0.15397901      
