# ATMO pressure-temperature profile
# Effective temperature = 2900.0K
# log(g) = 2.5cm/s^2
# M/H = 0.0
# Optical depth grid in band 17 (1.20-1.33microns)
# All parameters in cgs units
#
# Model Level      Optical Depth    Pressure         Temperature      Density          Number Density   Rad Flux         Conv Flux        Radial Extension Adiabatic Gradient
#                                   [Ba]             [K]              [g/cm^3]         [/cm^3]          [ergs/s/cm^2/sr] [ergs/s/cm^2/sr] [cm]             [K/Ba]          
  1                1.00000000E-04   1.00000000E-05   1191.46292549    2.37757069E-10   6.07918425E+13   4.00983667E+09   0.00000000E+00   5.74577904E+09   0.28120976      
  2                1.17489755E-04   1.41443607E-05   1836.92659351    2.06836979E-10   5.57721467E+13   4.00983629E+09   0.00000000E+00   5.68513086E+09   0.27364324      
  3                1.38038426E-04   1.62386224E-05   1687.61584971    2.69550675E-10   6.96949685E+13   4.00983585E+09   0.00000000E+00   5.65690281E+09   0.27012462      
  4                1.62181010E-04   1.85651950E-05   1913.07692240    2.52812836E-10   7.02898995E+13   4.00983540E+09   0.00000000E+00   5.62829857E+09   0.27790597      
  5                1.90546072E-04   2.11632416E-05   1761.03218644    3.33198666E-10   8.70443799E+13   4.00983490E+09   0.00000000E+00   5.59972496E+09   0.27060229      
  6                2.23872114E-04   2.41095229E-05   1964.35080272    3.12792647E-10   8.88986995E+13   4.00983433E+09   0.00000000E+00   5.57042296E+09   0.28121444      
  7                2.63026799E-04   2.74485230E-05   1816.02658949    4.14977618E-10   1.09476932E+14   4.00983369E+09   0.00000000E+00   5.54079805E+09   0.2714627       
  8                3.09029543E-04   3.12636214E-05   2006.87304617    3.90046929E-10   1.12835361E+14   4.00983297E+09   0.00000000E+00   5.51034710E+09   0.28396415      
  9                3.63078055E-04   3.56128732E-05   1863.52431775    5.19633773E-10   1.38419663E+14   4.00983216E+09   0.00000000E+00   5.47944562E+09   0.27248702      
  10               4.26579519E-04   4.06006265E-05   2045.45969150    4.89472678E-10   1.43769794E+14   4.00983125E+09   0.00000000E+00   5.44768971E+09   0.2863717       
  11               5.01187234E-04   4.63026619E-05   1907.62691893    6.53524260E-10   1.75807888E+14   4.00983024E+09   0.00000000E+00   5.41543462E+09   0.2736389       
  12               5.88843655E-04   5.28550035E-05   2082.29321899    6.17382805E-10   1.83852721E+14   4.00982913E+09   0.00000000E+00   5.38232063E+09   0.28858422      
  13               6.91830971E-04   6.03559244E-05   1950.36374076    8.24680369E-10   2.24145555E+14   4.00982789E+09   0.00000000E+00   5.34869177E+09   0.27493203      
  14               8.12830516E-04   6.89857595E-05   2118.63853458    7.81725474E-10   2.35845950E+14   4.00982654E+09   0.00000000E+00   5.31420193E+09   0.29072118      
  15               9.54992586E-04   7.88743357E-05   1992.98259477    1.04310739E-09   2.86654028E+14   4.00982505E+09   0.00000000E+00   5.27918211E+09   0.27640571      
  16               1.12201845E-03   9.02639112E-05   2155.39143012    9.92509757E-10   3.03328932E+14   4.00982342E+09   0.00000000E+00   5.24327888E+09   0.29289424      
  17               1.31825674E-03   1.03323355E-04   2036.45036695    1.32118545E-09   3.67494218E+14   4.00982164E+09   0.00000000E+00   5.20682668E+09   0.27812478      
  18               1.54881662E-03   1.18377961E-04   2193.32632859    1.26212877E-09   3.90925000E+14   4.00981970E+09   0.00000000E+00   5.16945248E+09   0.056724138     
  19               1.81970086E-03   1.35645518E-04   2081.61440764    1.67384439E-09   4.71988051E+14   4.00981758E+09   0.00000000E+00   5.13150488E+09   0.062248868     
  20               2.13796209E-03   1.55567815E-04   2233.19012762    1.60561277E-09   5.04568221E+14   4.00981528E+09   0.00000000E+00   5.09256741E+09   0.057093708     
  21               2.51188643E-03   1.78422904E-04   2129.33101061    2.11862799E-09   6.06922535E+14   4.00981275E+09   0.00000000E+00   5.05301622E+09   0.061244932     
  22               2.95120923E-03   2.04821463E-04   2275.82375791    2.04077618E-09   6.51872525E+14   4.00981005E+09   0.00000000E+00   5.01235918E+09   0.057435932     
  23               3.46736850E-03   2.35113578E-04   2180.65992701    2.67521409E-09   7.80936293E+14   4.00980708E+09   0.00000000E+00   4.97101778E+09   0.060616132     
  24               4.07380278E-03   2.70168932E-04   2322.39174368    2.58774695E-09   8.42608367E+14   4.00980401E+09   0.00000000E+00   4.92837049E+09   0.05790858      
  25               4.78630092E-03   3.10420715E-04   2237.25703013    3.36327243E-09   1.00498748E+15   4.00980068E+09   0.00000000E+00   4.88490803E+09   0.060111202     
  26               5.62341325E-03   3.57181037E-04   2375.07609060    3.26588784E-09   1.08927292E+15   4.00979747E+09   0.00000000E+00   4.83975945E+09   0.058628068     
  27               6.60693448E-03   4.10983273E-04   2303.29934767    4.19032400E-09   1.29240789E+15   4.00979422E+09   0.00000000E+00   4.79349750E+09   0.059790566     
  28               7.76247117E-03   4.73825236E-04   2442.31902728    4.06179425E-09   1.40521130E+15   4.00979224E+09   0.00000000E+00   4.74471303E+09   0.059498171     
  29               9.12010839E-03   5.50138405E-04   2478.43165052    4.55911714E-09   1.60775866E+15   3.99173881E+09   1.80254865E+07   4.68861388E+09   0.060461472     
  30               1.07151931E-02   6.38490641E-04   2487.39843749    5.31162391E-09   1.85923813E+15   3.97502880E+09   3.47097758E+07   4.63183495E+09   0.060576096     
  31               1.25892541E-02   7.40961709E-04   2524.45310325    5.95922472E-09   2.12595613E+15   3.95785914E+09   5.18492844E+07   4.57421815E+09   0.061762896     
  32               1.47910839E-02   8.59682217E-04   2534.59656344    6.93251904E-09   2.45671593E+15   3.93978689E+09   6.98951715E+07   4.51580579E+09   0.061814807     
  33               1.73780083E-02   9.97457938E-04   2572.48998006    7.77870679E-09   2.80845027E+15   3.92029339E+09   8.93647781E+07   4.45645495E+09   0.062926837     
  34               2.04173794E-02   1.15709821E-03   2583.73748174    9.03886761E-09   3.24375224E+15   3.89933472E+09   1.10300471E+08   4.39624781E+09   0.062944393     
  35               2.39883292E-02   1.34226663E-03   2622.41204953    1.01452184E-08   3.70735096E+15   3.87652764E+09   1.33080061E+08   4.33507933E+09   0.064343078     
  36               2.81838293E-02   1.55662881E-03   2634.95931475    1.17712832E-08   4.27894781E+15   3.85189377E+09   1.57690317E+08   4.27304699E+09   0.064306362     
  37               3.31131121E-02   1.80482373E-03   2674.31524829    1.32146961E-08   4.88818947E+15   3.82512229E+09   1.84425863E+08   4.21009725E+09   0.066011168     
  38               3.89045145E-02   2.09149346E-03   2688.35590135    1.53000272E-08   5.63502164E+15   3.79620704E+09   2.13332093E+08   4.14634200E+09   0.065918849     
  39               4.57088190E-02   2.42227403E-03   2728.24201993    1.71726663E-08   6.43081801E+15   3.76485396E+09   2.44693196E+08   4.08179028E+09   0.06749079      
  40               5.37031796E-02   2.80265380E-03   2743.54819157    1.98296341E-08   7.39916480E+15   3.73115322E+09   2.78405857E+08   4.01660531E+09   0.067380812     
  41               6.30957344E-02   3.23910593E-03   2783.75272984    2.22345653E-08   8.42791864E+15   3.69484395E+09   3.14721537E+08   3.95085654E+09   0.06927255      
  42               7.41310241E-02   3.73791883E-03   2800.38292693    2.55763136E-08   9.66803657E+15   3.65589872E+09   3.53669425E+08   3.88470984E+09   0.069156323     
  43               8.70963590E-02   4.30616363E-03   2840.66097756    2.86228344E-08   1.09798640E+16   3.61404936E+09   3.95502202E+08   3.81827868E+09   0.071332574     
  44               1.02329299E-01   4.95074253E-03   2858.61993958    3.27608932E-08   1.25441073E+16   3.56901545E+09   4.40559877E+08   3.75171402E+09   0.071170636     
  45               1.20226443E-01   5.67910947E-03   2898.68404780    3.65606798E-08   1.41907451E+16   3.52041965E+09   4.89210558E+08   3.68514609E+09   0.073159383     
  46               1.41253754E-01   6.49848506E-03   2917.58408693    4.16136014E-08   1.61329795E+16   3.46798541E+09   5.41680480E+08   3.61871689E+09   0.073006377     
  47               1.65958691E-01   7.41678784E-03   2957.20631618    4.62762700E-08   1.81660318E+16   3.41126910E+09   5.98427405E+08   3.55252921E+09   0.075340321     
  48               1.94984460E-01   8.44203765E-03   2977.12507758    5.23444076E-08   2.05388462E+16   3.34958256E+09   6.60096687E+08   3.48665498E+09   0.075252703     
  49               2.29086765E-01   9.58309744E-03   3016.21312110    5.79839399E-08   2.30128136E+16   3.28239499E+09   7.27273148E+08   3.42114661E+09   0.077789888     
  50               2.69153480E-01   1.08490346E-02   3037.20597490    6.51729458E-08   2.58727558E+16   3.20847867E+09   8.01487859E+08   3.35602506E+09   0.077178829     
  51               3.16227766E-01   1.22495235E-02   3075.29344894    7.19410717E-08   2.88508405E+16   3.12776927E+09   8.81980115E+08   3.29133730E+09   0.078660756     
  52               3.71535229E-01   1.37949262E-02   3096.51379770    8.04273872E-08   3.22680115E+16   3.04051714E+09   9.69046566E+08   3.22709050E+09   0.078690871     
  53               4.36515832E-01   1.54979258E-02   3134.09645983    8.84506776E-08   3.58168229E+16   2.94719179E+09   1.06227557E+09   3.16323201E+09   0.082104106     
  54               5.12861384E-01   1.73727301E-02   3157.05589322    9.82993966E-08   3.98576455E+16   2.84650025E+09   1.16302131E+09   3.09965043E+09   0.0829458       
  55               6.02559586E-01   1.94358223E-02   3194.86219471    1.07731666E-07   4.40632604E+16   2.73892466E+09   1.27079033E+09   3.03624526E+09   0.086350446     
  56               7.07945784E-01   2.17052904E-02   3219.70510927    1.19134602E-07   4.88287204E+16   2.62315915E+09   1.38674865E+09   2.97289669E+09   0.086625719     
  57               8.31763771E-01   2.42017355E-02   3257.49333396    1.30259660E-07   5.38131995E+16   2.50085830E+09   1.50934328E+09   2.90951766E+09   0.088733891     
  58               9.77237221E-01   2.69476238E-02   3283.46849833    1.43558721E-07   5.94447440E+16   2.37271862E+09   1.63766897E+09   2.84601855E+09   0.088588209     
  59               1.14815362E+00   2.99685454E-02   3321.09713774    1.56728376E-07   6.53596813E+16   2.24218846E+09   1.76846176E+09   2.78232553E+09   0.090644555     
  60               1.34896288E+00   3.32928984E-02   3348.34157691    1.72267219E-07   7.20191000E+16   2.11051414E+09   1.90030318E+09   2.71834651E+09   0.090864046     
  61               1.58489319E+00   3.69525444E-02   3386.22944855    1.87852988E-07   7.90412508E+16   1.98242660E+09   2.02868383E+09   2.65400886E+09   0.093896434     
  62               1.86208714E+00   4.09837618E-02   3415.63300599    2.05956126E-07   8.69093411E+16   1.85725767E+09   2.15406664E+09   2.58919798E+09   0.094814605     
  63               2.18776162E+00   4.54262002E-02   3454.46276435    2.24370604E-07   9.52470940E+16   1.74010287E+09   2.27155374E+09   2.52384200E+09   0.098669892     
  64               2.57039578E+00   5.03256779E-02   3486.84377940    2.45426885E-07   1.04540117E+17   1.62770980E+09   2.38413547E+09   2.45781559E+09   0.10047691      
  65               3.01995172E+00   5.57312736E-02   3527.45351112    2.67131888E-07   1.14436221E+17   1.52425136E+09   2.48779124E+09   2.39104984E+09   0.10497181      
  66               3.54813389E+00   6.16997091E-02   3563.52263653    2.91609258E-07   1.25409211E+17   1.42302414E+09   2.58910547E+09   2.32342381E+09   0.10725201      
  67               4.16869383E+00   6.82898095E-02   3606.45840592    3.17177933E-07   1.37151579E+17   1.32655922E+09   2.68576825E+09   2.25489485E+09   0.11096693      
  68               4.89778819E+00   7.55672248E-02   3645.87044569    3.45779926E-07   1.50126749E+17   1.22825522E+09   2.78416351E+09   2.18540109E+09   0.11242584      
  69               5.75439937E+00   8.35971045E-02   3690.64697104    3.76004541E-07   1.64064481E+17   1.13352205E+09   2.87904998E+09   2.11497329E+09   0.11523263      
  70               6.76082975E+00   9.24505649E-02   3732.80671080    4.09518214E-07   1.79390692E+17   1.03898685E+09   2.97375973E+09   2.04362219E+09   0.11719192      
  71               7.94328235E+00   1.02197038E-01   3779.76728907    4.45032225E-07   1.95838957E+17   9.52839705E+08   3.06035578E+09   1.97142095E+09   0.12193979      
  72               9.33254301E+00   1.12911685E-01   3826.11297668    4.83797127E-07   2.13750402E+17   8.68918248E+08   3.14474408E+09   1.89839544E+09   0.12655899      
  73               1.09647820E+01   1.24663649E-01   3877.20735355    5.24775526E-07   2.32887752E+17   7.92924588E+08   3.22107365E+09   1.82463496E+09   0.13359093      
  74               1.28824955E+01   1.37519615E-01   3929.40884665    5.68833499E-07   2.53491423E+17   7.17674938E+08   3.29634552E+09   1.75022086E+09   0.14009876      
  75               1.51356125E+01   1.51531029E-01   3985.87265457    6.15239082E-07   2.75361990E+17   6.47577392E+08   3.36619335E+09   1.67531728E+09   0.14779805      
  76               1.77827941E+01   1.66736007E-01   4044.08402540    6.64515597E-07   2.98631123E+17   5.78671760E+08   3.43512493E+09   1.60011255E+09   0.15474271      
  77               2.08929613E+01   1.83153417E-01   4105.68229389    7.16122009E-07   3.23113814E+17   5.15514451E+08   3.49831849E+09   1.52484731E+09   0.1623567       
  78               2.45470892E+01   2.00787213E-01   4169.12334793    7.70253692E-07   3.48832666E+17   4.57612047E+08   3.55623192E+09   1.44975946E+09   0.17003552      
  79               2.88403150E+01   2.19627125E-01   4235.59047918    8.26372228E-07   3.75576018E+17   4.09722097E+08   3.60426678E+09   1.37507871E+09   0.17998526      
  80               3.38844156E+01   2.39647082E-01   4305.15016180    8.84170359E-07   4.03189934E+17   3.71706184E+08   3.64247787E+09   1.30100881E+09   0.19287544      
  81               3.98107171E+01   2.60799929E-01   4379.43365034    9.42846392E-07   4.31335653E+17   3.40566525E+08   3.67354875E+09   1.22774041E+09   0.2077817       
  82               4.67735141E+01   2.83024976E-01   4457.69388640    1.00221506E-06   4.59875591E+17   3.10946228E+08   3.70274569E+09   1.15543380E+09   0.22188559      
  83               5.49540874E+01   3.06269666E-01   4539.53639994    1.06205932E-06   4.88672975E+17   2.83304242E+08   3.73006502E+09   1.08418065E+09   0.23549578      
  84               6.45654229E+01   3.30496833E-01   4624.58107104    1.12223714E-06   5.17631557E+17   2.58444403E+08   3.75472434E+09   1.01399967E+09   0.24923251      
  85               7.58577575E+01   3.55683839E-01   4713.04047908    1.18250147E-06   5.46624134E+17   2.36322960E+08   3.77674779E+09   9.44853918E+08   0.26307123      
  86               8.91250938E+01   3.81821265E-01   4804.64034198    1.24279736E-06   5.75605676E+17   2.17534656E+08   3.79542602E+09   8.76668347E+08   0.27820116      
  87               1.04712855E+02   4.08896990E-01   4900.47986740    1.30266224E-06   6.04367558E+17   2.01132997E+08   3.81162152E+09   8.09371556E+08   0.29385092      
  88               1.23026877E+02   4.36889585E-01   4999.69836647    1.36218465E-06   6.32927153E+17   1.85254425E+08   3.82723689E+09   7.42914893E+08   0.30780251      
  89               1.44543977E+02   4.65765860E-01   5101.90066391    1.42129614E-06   6.61243618E+17   1.70041480E+08   3.84217655E+09   6.77283944E+08   0.32019826      
  90               1.69824365E+02   4.95456805E-01   5206.18906891    1.47999112E-06   6.89305433E+17   1.55448782E+08   3.85655113E+09   6.12543200E+08   0.33129383      
  91               1.99526231E+02   5.25837780E-01   5312.07608373    1.53800660E-06   7.16990397E+17   1.41207762E+08   3.87062355E+09   5.48861344E+08   0.34072716      
  92               2.34422882E+02   5.56733326E-01   5418.12403568    1.59526644E-06   7.44259035E+17   1.27247626E+08   3.88438778E+09   4.86485112E+08   0.34843745      
  93               2.75422870E+02   5.87942911E-01   5523.66433931    1.65144176E-06   7.70963324E+17   1.13924291E+08   3.89757607E+09   4.25677910E+08   0.35498744      
  94               3.23593657E+02   6.19277813E-01   5627.65966052    1.70640208E-06   7.97046273E+17   1.01458110E+08   3.90994919E+09   3.66648588E+08   0.36068882      
  95               3.80189396E+02   6.50593795E-01   5729.92265214    1.75991363E-06   8.22407377E+17   8.99882018E+07   3.92130822E+09   3.09502220E+08   0.36542134      
  96               4.46683592E+02   6.81811863E-01   5829.76041068    1.81210075E-06   8.47109762E+17   7.96132177E+07   3.93159672E+09   2.54221224E+08   0.36930619      
  97               5.24807460E+02   7.12914806E-01   5927.51065763    1.86293031E-06   8.71146369E+17   7.03969760E+07   3.94074421E+09   2.00688780E+08   0.37245511      
  98               6.16595002E+02   7.43934760E-01   6022.87620874    1.91269268E-06   8.94657390E+17   6.22327257E+07   3.94884194E+09   1.48722207E+08   0.37471103      
  99               7.24435960E+02   7.74939469E-01   6116.36197158    1.96149546E-06   9.17699386E+17   5.50780801E+07   3.95594631E+09   9.81031073E+07   0.37623263      
  100              8.51138038E+02   8.06018258E-01   6207.87150158    2.00967570E-06   9.40433304E+17   4.88393664E+07   3.96215362E+09   4.86025811E+07   0.37730644      
  101              1.00000000E+03   8.37269741E-01   6298.09706279    2.05731359E-06   9.62901551E+17   4.59920190E+07   3.96498543E+09   0.00000000E+00   0.37817766      
