# ATMO pressure-temperature profile
# Effective temperature = 2100.0K
# log(g) = 2.5cm/s^2
# M/H = 0.0
# Optical depth grid in band 17 (1.20-1.33microns)
# All parameters in cgs units
#
# Model Level      Optical Depth    Pressure         Temperature      Density          Number Density   Rad Flux         Conv Flux        Radial Extension Adiabatic Gradient
#                                   [Ba]             [K]              [g/cm^3]         [/cm^3]          [ergs/s/cm^2/sr] [ergs/s/cm^2/sr] [cm]             [K/Ba]          
  1                1.00000000E-04   1.00000000E-05   795.54973025     3.56020643E-10   9.10455045E+13   1.10268080E+09   0.00000000E+00   2.91159069E+09   0.29489366      
  2                1.17489755E-04   2.41838270E-05   931.82419930     7.35078014E-10   1.87982267E+14   1.10268080E+09   0.00000000E+00   2.82391271E+09   0.29100219      
  3                1.38038426E-04   3.83983774E-05   995.71133940     1.09224918E-09   2.79322075E+14   1.10268081E+09   0.00000000E+00   2.77374714E+09   0.29008608      
  4                1.62181010E-04   5.39531623E-05   1024.44842847    1.49165727E-09   3.81463197E+14   1.10268081E+09   0.00000000E+00   2.73521096E+09   0.28921563      
  5                1.90546072E-04   7.13124707E-05   1062.08636650    1.90172544E-09   4.86330479E+14   1.10268081E+09   0.00000000E+00   2.70261797E+09   0.28756083      
  6                2.23872114E-04   9.08159357E-05   1080.06902841    2.38151109E-09   6.09026779E+14   1.10268081E+09   0.00000000E+00   2.67363709E+09   0.28701057      
  7                2.63026799E-04   1.12828063E-04   1110.92901720    2.87655722E-09   7.35625309E+14   1.10268081E+09   0.00000000E+00   2.64704213E+09   0.28683953      
  8                3.09029543E-04   1.37713677E-04   1125.27655555    3.46624956E-09   8.86428360E+14   1.10268081E+09   0.00000000E+00   2.62212019E+09   0.28646378      
  9                3.63078055E-04   1.65926011E-04   1153.29187444    4.07491644E-09   1.04208005E+15   1.10268081E+09   0.00000000E+00   2.59838186E+09   0.28529603      
  10               4.26579519E-04   1.97973499E-04   1166.04572710    4.80877466E-09   1.22975137E+15   1.10268081E+09   0.00000000E+00   2.57548808E+09   0.28496843      
  11               5.01187234E-04   2.34402910E-04   1192.85447754    5.56579749E-09   1.42331614E+15   1.10268081E+09   0.00000000E+00   2.55322051E+09   0.28376181      
  12               5.88843655E-04   2.75827666E-04   1205.07503629    6.48298039E-09   1.65786657E+15   1.10268081E+09   0.00000000E+00   2.53141286E+09   0.28343939      
  13               6.91830971E-04   3.22791278E-04   1231.50939650    7.42433256E-09   1.89849694E+15   1.10268081E+09   0.00000000E+00   2.51000622E+09   0.28220623      
  14               8.12830516E-04   3.75994752E-04   1243.73881561    8.56314467E-09   2.18966882E+15   1.10268081E+09   0.00000000E+00   2.48890556E+09   0.28186713      
  15               9.54992586E-04   4.35858825E-04   1270.27589013    9.72036948E-09   2.48527029E+15   1.10268081E+09   0.00000000E+00   2.46815571E+09   0.28048854      
  16               1.12201845E-03   5.03154167E-04   1282.84185424    1.11110791E-08   2.84088591E+15   1.10268081E+09   0.00000000E+00   2.44767874E+09   0.2801223       
  17               1.31825674E-03   5.77238104E-04   1309.74376217    1.24911452E-08   3.19223234E+15   1.10268081E+09   0.00000000E+00   2.42779170E+09   0.27865478      
  18               1.54881662E-03   6.58415568E-04   1322.84522265    1.41068531E-08   3.60509653E+15   1.10268081E+09   0.00000000E+00   2.40845334E+09   0.27821376      
  19               1.81970086E-03   7.49281165E-04   1350.41400413    1.57272178E-08   4.01886782E+15   1.10268082E+09   0.00000000E+00   2.38916205E+09   0.2764667       
  20               2.13796209E-03   8.49300713E-04   1364.41468563    1.76498982E-08   4.50859207E+15   1.10268084E+09   0.00000000E+00   2.37017731E+09   0.27595882      
  21               2.51188643E-03   9.55636459E-04   1392.55377140    1.94659398E-08   4.97057437E+15   1.10268087E+09   0.00000000E+00   2.35203548E+09   0.27401093      
  22               2.95120923E-03   1.06744653E-03   1407.36692489    2.15199355E-08   5.49369605E+15   1.10268088E+09   0.00000000E+00   2.33476015E+09   0.27338397      
  23               3.46736850E-03   1.17687906E-03   1436.41364455    2.32890526E-08   5.93441828E+15   1.10268086E+09   0.00000000E+00   2.31929948E+09   0.27093219      
  24               4.07380278E-03   1.28225289E-03   1451.11741136    2.51167439E-08   6.40025052E+15   1.10268081E+09   0.00000000E+00   2.30552183E+09   0.27016796      
  25               4.78630092E-03   1.40172535E-03   1476.49767622    2.69839476E-08   6.87631874E+15   1.10268076E+09   0.00000000E+00   2.29100961E+09   0.26772881      
  26               5.62341325E-03   1.53702340E-03   1492.43829094    2.92717124E-08   7.45950373E+15   1.10268070E+09   0.00000000E+00   2.27578609E+09   0.26669157      
  27               6.60693448E-03   1.69004063E-03   1519.46919521    3.16113871E-08   8.05621570E+15   1.10268065E+09   0.00000000E+00   2.25987883E+09   0.26353066      
  28               7.76247117E-03   1.86274414E-03   1537.30077666    3.44361329E-08   8.77647658E+15   1.10268060E+09   0.00000000E+00   2.24332599E+09   0.26220337      
  29               9.12010839E-03   2.05721313E-03   1566.48230986    3.73193127E-08   9.51217063E+15   1.10268054E+09   0.00000000E+00   2.22617151E+09   0.25833329      
  30               1.07151931E-02   2.27533689E-03   1586.82579107    4.07441684E-08   1.03858560E+16   1.10268049E+09   0.00000000E+00   2.20848248E+09   0.25634441      
  31               1.25892541E-02   2.51855635E-03   1618.85220351    4.42006257E-08   1.12686090E+16   1.10268047E+09   0.00000000E+00   2.19035850E+09   0.25111629      
  32               1.47910839E-02   2.78647964E-03   1642.78939281    4.81839518E-08   1.22856976E+16   1.10268052E+09   0.00000000E+00   2.17199962E+09   0.2482369       
  33               1.73780083E-02   3.07248476E-03   1679.20521466    5.19637975E-08   1.32529269E+16   1.10268072E+09   0.00000000E+00   2.15392470E+09   0.24114419      
  34               2.04173794E-02   3.37228002E-03   1706.26698395    5.61165283E-08   1.43153669E+16   1.10268067E+09   0.00000000E+00   2.13636847E+09   0.23675287      
  35               2.39883292E-02   3.70449233E-03   1744.06916090    6.02829388E-08   1.53847639E+16   1.10230901E+09   3.55248591E+05   2.11830591E+09   0.22858069      
  36               2.81838293E-02   4.07022947E-03   1781.27775801    6.48166732E-08   1.65505751E+16   1.10036471E+09   2.29060185E+06   2.09980319E+09   0.21997497      
  37               3.31131121E-02   4.47377643E-03   1818.11633673    6.97539639E-08   1.78229032E+16   1.09680312E+09   5.84365832E+06   2.08082414E+09   0.21070017      
  38               3.89045145E-02   4.91993073E-03   1854.10409170    7.51629240E-08   1.92198819E+16   1.09146762E+09   1.11723056E+07   2.06133880E+09   0.20131455      
  39               4.57088190E-02   5.41405071E-03   1889.61899261    8.10823598E-08   2.07526668E+16   1.08417324E+09   1.84627031E+07   2.04132280E+09   0.19218343      
  40               5.37031796E-02   5.96210975E-03   1924.25843769    8.75897998E-08   2.24420438E+16   1.07472468E+09   2.79105474E+07   2.02075688E+09   0.18314325      
  41               6.30957344E-02   6.57082373E-03   1958.33495962    9.47372173E-08   2.43029325E+16   1.06294498E+09   3.96938307E+07   1.99962502E+09   0.17425416      
  42               7.41310241E-02   7.24775866E-03   1991.44010203    1.02620742E-07   2.63610263E+16   1.04870837E+09   5.39396951E+07   1.97791397E+09   0.16621913      
  43               8.70963590E-02   8.00133130E-03   2024.16453010    1.11289253E-07   2.86313801E+16   1.03187028E+09   7.07959764E+07   1.95561456E+09   0.15874242      
  44               1.02329299E-01   8.84104087E-03   2055.97645872    1.20865648E-07   3.11466326E+16   1.01232302E+09   9.03686006E+07   1.93271834E+09   0.15165785      
  45               1.20226443E-01   9.77788090E-03   2087.43741568    1.31419161E-07   3.39279109E+16   9.90026872E+08   1.12694434E+08   1.90921132E+09   0.14511141      
  46               1.41253754E-01   1.08241690E-02   2118.07115407    1.43100101E-07   3.70151793E+16   9.64995439E+08   1.37779998E+08   1.88508368E+09   0.13896771      
  47               1.65958691E-01   1.19936935E-02   2148.39797523    1.55997098E-07   4.04356150E+16   9.37339615E+08   1.65463639E+08   1.86032974E+09   0.13396572      
  48               1.94984460E-01   1.33016098E-02   2178.25867208    1.70258736E-07   4.42303721E+16   9.07099037E+08   1.95759754E+08   1.83495041E+09   0.12935372      
  49               2.29086765E-01   1.47647710E-02   2207.86224900    1.86013336E-07   4.84373730E+16   8.74378448E+08   2.28543929E+08   1.80895008E+09   0.12513373      
  50               2.69153480E-01   1.64018637E-02   2237.05138797    2.03437912E-07   5.31059373E+16   8.39331578E+08   2.63664950E+08   1.78233680E+09   0.1213157       
  51               3.16227766E-01   1.82335428E-02   2266.05198735    2.22681422E-07   5.82810048E+16   8.02138609E+08   3.00952196E+08   1.75512202E+09   0.11786818      
  52               3.71535229E-01   2.02825759E-02   2294.69366737    2.43953396E-07   6.40212624E+16   7.62995914E+08   3.40194090E+08   1.72732063E+09   0.11467633      
  53               4.36515832E-01   2.25740473E-02   2323.15933890    2.67432704E-07   7.03811362E+16   7.22109250E+08   3.81171026E+08   1.69895014E+09   0.11175959      
  54               5.12861384E-01   2.51235995E-02   2351.16406608    2.93275338E-07   7.73971136E+16   6.79725013E+08   4.23633158E+08   1.67016004E+09   0.10916647      
  55               6.02559586E-01   2.79599290E-02   2378.95752465    3.21614757E-07   8.51285459E+16   6.36415387E+08   4.67005402E+08   1.64095463E+09   0.10693625      
  56               7.07945784E-01   3.11280231E-02   2406.53643488    3.52878550E-07   9.36882094E+16   5.92674953E+08   5.10820493E+08   1.61121541E+09   0.10497641      
  57               8.31763771E-01   3.46634175E-02   2434.08123402    3.87294028E-07   1.03148318E+17   5.48695961E+08   5.54857002E+08   1.58097297E+09   0.10323045      
  58               9.77237221E-01   3.86046444E-02   2461.42363866    4.25179798E-07   1.13600182E+17   5.04712328E+08   5.98873238E+08   1.55025897E+09   0.10165458      
  59               1.14815362E+00   4.29887711E-02   2488.70580774    4.66747890E-07   1.25114403E+17   4.60920263E+08   6.42672273E+08   1.51913699E+09   0.10024147      
  60               1.34896288E+00   4.78571820E-02   2515.74849162    5.12328456E-07   1.37786206E+17   4.17694678E+08   6.85898287E+08   1.48765350E+09   0.098983993     
  61               1.58489319E+00   5.32606841E-02   2542.75210660    5.62225000E-07   1.51715013E+17   3.75588524E+08   7.28017625E+08   1.45581467E+09   0.097896674     
  62               1.86208714E+00   5.92542764E-02   2569.57694235    6.16869628E-07   1.67025935E+17   3.35074111E+08   7.68530550E+08   1.42363022E+09   0.096961624     
  63               2.18776162E+00   6.58973072E-02   2596.41534236    6.76595489E-07   1.83831250E+17   2.96555921E+08   8.07036497E+08   1.39111284E+09   0.096139575     
  64               2.57039578E+00   7.32536854E-02   2623.10083238    7.41897173E-07   2.02274126E+17   2.60395641E+08   8.43177999E+08   1.35827778E+09   0.095394959     
  65               3.01995172E+00   8.13921744E-02   2649.80910870    8.13144313E-07   2.22481499E+17   2.26937583E+08   8.76611449E+08   1.32514192E+09   0.094706906     
  66               3.54813389E+00   9.03866671E-02   2676.35825043    8.90902543E-07   2.44616623E+17   1.96498688E+08   9.07033411E+08   1.29172338E+09   0.094088029     
  67               4.16869383E+00   1.00316466E-01   2702.93531226    9.75568806E-07   2.68820516E+17   1.69342209E+08   9.34179582E+08   1.25804075E+09   0.093553542     
  68               4.89778819E+00   1.11266555E-01   2729.36407059    1.06777557E-06   2.95276586E+17   1.45602568E+08   9.57897261E+08   1.22411278E+09   0.093103087     
  69               5.75439937E+00   1.23327943E-01   2755.83722740    1.16794615E-06   3.24140848E+17   1.25250618E+08   9.78216912E+08   1.18995772E+09   0.092718743     
  70               6.76082975E+00   1.36598080E-01   2782.16724824    1.27679873E-06   3.55620838E+17   1.08078240E+08   9.95348636E+08   1.15559310E+09   0.09240973      
  71               7.94328235E+00   1.51181356E-01   2808.55888337    1.39477970E-06   3.89888606E+17   9.37383748E+07   1.00964191E+09   1.12103501E+09   0.092159889     
  72               9.33254301E+00   1.67189675E-01   2834.81489549    1.52270790E-06   4.27179681E+17   8.17892931E+07   1.02155291E+09   1.08629796E+09   0.091984125     
  73               1.09647820E+01   1.84743072E-01   2861.15591553    1.66105041E-06   4.67683960E+17   7.17984116E+07   1.03151143E+09   1.05139440E+09   0.09188764      
  74               1.28824955E+01   2.03970260E-01   2887.38692245    1.81072944E-06   5.11667348E+17   6.33444672E+07   1.03993002E+09   1.01633491E+09   0.09186141      
  75               1.51356125E+01   2.25009636E-01   2913.73101752    1.97224538E-06   5.59342089E+17   5.61107255E+07   1.04712813E+09   9.81127546E+08   0.091864621     
  76               1.77827941E+01   2.48010324E-01   2939.96984114    2.14668166E-06   6.11016198E+17   4.98291063E+07   1.05337540E+09   9.45777973E+08   0.091886621     
  77               2.08929613E+01   2.73133451E-01   2966.32849067    2.33459558E-06   6.66931897E+17   4.43398370E+07   1.05883222E+09   9.10289142E+08   0.091893925     
  78               2.45470892E+01   3.00553633E-01   2992.56947671    2.53727937E-06   7.27450722E+17   3.94969793E+07   1.06364994E+09   8.74661452E+08   0.091895714     
  79               2.88403150E+01   3.30460258E-01   3018.93121596    2.75535707E-06   7.92851512E+17   3.52241060E+07   1.06791328E+09   8.38892879E+08   0.091883741     
  80               3.38844156E+01   3.63052662E-01   3045.16552524    2.99031028E-06   8.63544178E+17   3.14212502E+07   1.07169804E+09   8.02986114E+08   0.091899702     
  81               3.98107171E+01   3.98545063E-01   3071.53669343    3.24273882E-06   9.39826237E+17   2.80564134E+07   1.07503828E+09   7.66942510E+08   0.091943547     
  82               4.67735141E+01   4.37171192E-01   3097.79614711    3.51436697E-06   1.02217332E+18   2.50639373E+07   1.07800171E+09   7.30759201E+08   0.092044853     
  83               5.49540874E+01   4.79185752E-01   3124.23515247    3.80584040E-06   1.11092828E+18   2.24230804E+07   1.08061042E+09   6.94429850E+08   0.092197537     
  84               6.45654229E+01   5.24865704E-01   3150.60087458    4.11917934E-06   1.20664814E+18   2.00713398E+07   1.08292834E+09   6.57945939E+08   0.092425054     
  85               7.58577575E+01   5.74511923E-01   3177.20537696    4.45505863E-06   1.30972343E+18   1.79905100E+07   1.08498168E+09   6.21297069E+08   0.092713447     
  86               8.91250938E+01   6.28451025E-01   3203.78487994    4.81583498E-06   1.42080321E+18   1.61308954E+07   1.08682240E+09   5.84471672E+08   0.09308461      
  87               1.04712855E+02   6.87037283E-01   3230.67019731    5.20219357E-06   1.54032910E+18   1.44764387E+07   1.08846049E+09   5.47457069E+08   0.093490652     
  88               1.23026877E+02   7.50655790E-01   3257.56627021    5.61694500E-06   1.66906565E+18   1.29844653E+07   1.08993815E+09   5.10239644E+08   0.093918577     
  89               1.44543977E+02   8.19726198E-01   3284.80332797    6.06087733E-06   1.80752904E+18   1.16494853E+07   1.09126028E+09   4.72804410E+08   0.094332415     
  90               1.69824365E+02   8.94706817E-01   3312.06214851    6.53736372E-06   1.95662730E+18   1.04412546E+07   1.09245679E+09   4.35135236E+08   0.094724339     
  91               1.99526231E+02   9.76099290E-01   3339.67581161    7.04735333E-06   2.11697401E+18   9.35805672E+06   1.09352897E+09   3.97214548E+08   0.09506751      
  92               2.34422882E+02   1.06445278E+00   3367.30570197    7.59490752E-06   2.28965313E+18   8.37477118E+06   1.09451349E+09   3.59024034E+08   0.095365354     
  93               2.75422870E+02   1.16036958E+00   3395.29378569    8.18117425E-06   2.47539675E+18   7.49343881E+06   1.09539738E+09   3.20544318E+08   0.095630431     
  94               3.23593657E+02   1.26450897E+00   3423.30389017    8.81092426E-06   2.67548364E+18   6.69725626E+06   1.09618870E+09   2.81755868E+08   0.095914483     
  95               3.80189396E+02   1.37759117E+00   3451.71410569    9.48534282E-06   2.89075558E+18   5.98747531E+06   1.09688718E+09   2.42639085E+08   0.096231126     
  96               4.46683592E+02   1.50040120E+00   3480.18997019    1.02099324E-05   3.12270020E+18   5.34775160E+06   1.09751000E+09   2.03175023E+08   0.096606673     
  97               5.24807460E+02   1.63379468E+00   3509.13057407    1.09859156E-05   3.37228126E+18   4.77810805E+06   1.09805843E+09   1.63344944E+08   0.097031539     
  98               6.16595002E+02   1.77870385E+00   3538.18936845    1.18196813E-05   3.64123252E+18   4.26563517E+06   1.09854709E+09   1.23130618E+08   0.097526429     
  99               7.24435960E+02   1.93614549E+00   3567.78410808    1.27124811E-05   3.93065802E+18   3.81106288E+06   1.09898400E+09   8.25136281E+07   0.098091811     
  100              8.51138038E+02   2.10722582E+00   3597.56226949    1.36716502E-05   4.24256593E+18   3.40164053E+06   1.09938187E+09   4.14761628E+07   0.098717244     
  101              1.00000000E+03   2.29315197E+00   3627.94200464    1.46985878E-05   4.57823773E+18   3.21990183E+06   1.09955305E+09   0.00000000E+00   0.09936677      
