# ATMO pressure-temperature profile
# Effective temperature = 2800.0K
# log(g) = 3.5cm/s^2
# M/H = 0.0
# Optical depth grid in band 17 (1.20-1.33microns)
# All parameters in cgs units
#
# Model Level      Optical Depth    Pressure         Temperature      Density          Number Density   Rad Flux         Conv Flux        Radial Extension Adiabatic Gradient
#                                   [Ba]             [K]              [g/cm^3]         [/cm^3]          [ergs/s/cm^2/sr] [ergs/s/cm^2/sr] [cm]             [K/Ba]          
  1                3.00000000E-06   1.00000000E-05   1393.65522368    2.03849275E-10   5.19721272E+13   3.48448343E+09   0.00000000E+00   4.95385091E+08   0.2754566       
  2                3.65048058E-06   1.13042256E-05   1406.95753465    2.28238086E-10   5.81949992E+13   3.48448338E+09   0.00000000E+00   4.93473017E+08   0.27588675      
  3                4.44200282E-06   1.27087148E-05   1542.80357344    2.33305666E-10   5.96646142E+13   3.48448337E+09   0.00000000E+00   4.91547302E+08   0.27170542      
  4                5.40514834E-06   1.40491186E-05   1594.54488838    2.48917576E-10   6.38172620E+13   3.48448331E+09   0.00000000E+00   4.89788134E+08   0.27101597      
  5                6.57712968E-06   1.56045576E-05   1598.80972494    2.75751073E-10   7.06936683E+13   3.48448324E+09   0.00000000E+00   4.87910692E+08   0.27064257      
  6                8.00322805E-06   1.74244850E-05   1641.11694660    2.99119035E-10   7.69035272E+13   3.48448317E+09   0.00000000E+00   4.85906565E+08   0.27023042      
  7                9.73854285E-06   1.95600693E-05   1641.35920534    3.35892546E-10   8.63162559E+13   3.48448308E+09   0.00000000E+00   4.83775995E+08   0.26997335      
  8                1.18501205E-05   2.20743279E-05   1680.06680131    3.69151880E-10   9.51670877E+13   3.48448299E+09   0.00000000E+00   4.81517828E+08   0.26967736      
  9                1.44195449E-05   2.50385105E-05   1678.88314168    4.19367873E-10   1.08022410E+14   3.48448288E+09   0.00000000E+00   4.79135466E+08   0.26946325      
  10               1.75460896E-05   2.85415033E-05   1715.82909926    4.66098331E-10   1.20483800E+14   3.48448276E+09   0.00000000E+00   4.76629642E+08   0.26923443      
  11               2.13505531E-05   3.26836487E-05   1714.24662517    5.34839394E-10   1.38096627E+14   3.48448261E+09   0.00000000E+00   4.74006153E+08   0.26903667      
  12               2.59799264E-05   3.75884684E-05   1750.28106027    6.00128293E-10   1.55550953E+14   3.48448244E+09   0.00000000E+00   4.71268133E+08   0.26885391      
  13               3.16130723E-05   4.33966889E-05   1748.77538506    6.94419542E-10   1.79741517E+14   3.48448225E+09   0.00000000E+00   4.68422914E+08   0.26866157      
  14               3.84676354E-05   5.02809536E-05   1784.32410259    7.85291247E-10   2.04105921E+14   3.48448202E+09   0.00000000E+00   4.65474568E+08   0.26851472      
  15               4.68084520E-05   5.84385574E-05   1783.16860985    9.14754465E-10   2.37373873E+14   3.48448174E+09   0.00000000E+00   4.62430870E+08   0.2683234       
  16               5.69577817E-05   6.81110702E-05   1818.45026893    1.04086302E-09   2.71295203E+14   3.48448142E+09   0.00000000E+00   4.59295873E+08   0.26820722      
  17               6.93077586E-05   7.95747001E-05   1817.81212264    1.21865005E-09   3.17067592E+14   3.48448104E+09   0.00000000E+00   4.56077079E+08   0.26801564      
  18               8.43355422E-05   9.31671725E-05   1852.94567131    1.39321778E-09   3.64188367E+14   3.48448059E+09   0.00000000E+00   4.52777973E+08   0.26792755      
  19               1.02621753E-04   1.09273891E-04   1852.98455868    1.63719357E-09   4.27140200E+14   3.48448006E+09   0.00000000E+00   4.49405449E+08   0.098295161     
  20               1.24872905E-04   1.28365614E-04   1888.06526631    1.87820542E-09   4.92444782E+14   3.48447943E+09   0.00000000E+00   4.45962187E+08   0.095652807     
  21               1.51948705E-04   1.50977773E-04   1888.95501372    2.21247487E-09   5.78918249E+14   3.48447870E+09   0.00000000E+00   4.42454355E+08   0.095334257     
  22               1.84895266E-04   1.77763466E-04   1924.10071345    2.54416081E-09   6.69176295E+14   3.48447785E+09   0.00000000E+00   4.38883781E+08   0.093147266     
  23               2.24985526E-04   2.09461760E-04   1926.08070574    3.00085149E-09   7.87691406E+14   3.48447686E+09   0.00000000E+00   4.35255941E+08   0.092882647     
  24               2.73768430E-04   2.46972543E-04   1961.46855441    3.45537354E-09   9.11996483E+14   3.48447573E+09   0.00000000E+00   4.31571822E+08   0.09084335      
  25               3.33128779E-04   2.91306456E-04   1964.89173331    4.07651015E-09   1.07383443E+15   3.48447445E+09   0.00000000E+00   4.27836311E+08   0.090463414     
  26               4.05360046E-04   3.43688802E-04   2000.87257025    4.69526745E-09   1.24414727E+15   3.48447302E+09   0.00000000E+00   4.24049621E+08   0.088486491     
  27               4.93252992E-04   4.05475769E-04   2006.43845164    5.53327259E-09   1.46374324E+15   3.48447148E+09   0.00000000E+00   4.20216262E+08   0.087995175     
  28               6.00203489E-04   4.78276929E-04   2044.26796380    6.36305143E-09   1.69460096E+15   3.48446991E+09   0.00000000E+00   4.16335901E+08   0.085507776     
  29               7.30343727E-04   5.62904704E-04   2072.89749707    7.35124321E-09   1.96690276E+15   3.48405233E+09   4.10753485E+05   4.12422771E+08   0.083256185     
  30               8.88701864E-04   6.61932654E-04   2100.44093593    8.49250715E-09   2.28259663E+15   3.48332509E+09   1.12958672E+06   4.08459251E+08   0.081409158     
  31               1.08139630E-03   7.77900845E-04   2128.39670795    9.80160239E-09   2.64726553E+15   3.48221240E+09   2.23329504E+06   4.04439537E+08   0.079686863     
  32               1.31587206E-03   9.13783999E-04   2155.36136060    1.13167566E-08   3.07078419E+15   3.48063155E+09   3.80472089E+06   4.00359389E+08   0.078439486     
  33               1.60118847E-03   1.07304274E-03   2183.09754831    1.30539565E-08   3.56016165E+15   3.47847594E+09   5.95029793E+06   3.96215644E+08   0.077296417     
  34               1.94836913E-03   1.25971568E-03   2209.89262054    1.50663438E-08   4.12883191E+15   3.47562620E+09   8.78928565E+06   3.92006197E+08   0.076430104     
  35               2.37082789E-03   1.47849559E-03   2237.66849792    1.73715621E-08   4.78575128E+15   3.47193408E+09   1.24697558E+07   3.87729532E+08   0.075510327     
  36               2.88488706E-03   1.73484513E-03   2264.42480555    2.00437546E-08   5.54917788E+15   3.46724255E+09   1.71517723E+07   3.83385019E+08   0.074865418     
  37               3.51040806E-03   2.03508373E-03   2292.36371869    2.30995891E-08   6.43020170E+15   3.46135799E+09   2.30269057E+07   3.78972410E+08   0.074278571     
  38               4.27155881E-03   2.38651676E-03   2319.27006889    2.66398044E-08   7.45313530E+15   3.45407260E+09   3.03024613E+07   3.74492269E+08   0.073939744     
  39               5.19774750E-03   2.79510533E-03   2347.38588489    3.06572734E-08   8.62461126E+15   3.44510210E+09   3.92623301E+07   3.69970735E+08   0.073546787     
  40               6.32475876E-03   3.26992517E-03   2374.24520872    3.52800720E-08   9.97557835E+15   3.43421085E+09   5.01440484E+07   3.65404975E+08   0.073295308     
  41               7.69613634E-03   3.82447749E-03   2402.61744176    4.05421660E-08   1.15295756E+16   3.42116010E+09   6.31993254E+07   3.60767903E+08   0.07301603      
  42               9.36486541E-03   4.47131920E-03   2429.80166074    4.66286126E-08   1.33287889E+16   3.40565991E+09   7.87045714E+07   3.56063187E+08   0.07296537      
  43               1.13954198E-02   5.22471116E-03   2458.64576060    5.35289720E-08   1.53918976E+16   3.38735879E+09   9.70102803E+07   3.51294272E+08   0.072888744     
  44               1.38662528E-02   6.09970754E-03   2486.15573743    6.14819222E-08   1.77707813E+16   3.36593113E+09   1.18445818E+08   3.46470879E+08   0.07295545      
  45               1.68728289E-02   7.11260291E-03   2515.34425327    7.04347638E-08   2.04812742E+16   3.34098472E+09   1.43405086E+08   3.41603264E+08   0.072926033     
  46               2.05313114E-02   8.28426096E-03   2543.03111144    8.07249310E-08   2.35954322E+16   3.31217079E+09   1.72270998E+08   3.36689466E+08   0.073044778     
  47               2.49830512E-02   9.63829674E-03   2572.56099745    9.22782120E-08   2.71369136E+16   3.27905411E+09   2.05385983E+08   3.31728169E+08   0.073172724     
  48               3.04000477E-02   1.12012036E-02   2600.55352719    1.05538285E-07   3.11978549E+16   3.24122425E+09   2.43246359E+08   3.26719854E+08   0.07257048      
  49               3.69915946E-02   1.30032049E-02   2629.83620726    1.20453177E-07   3.58135644E+16   3.19851605E+09   2.86047235E+08   3.21665600E+08   0.072722593     
  50               4.50123658E-02   1.50775202E-02   2658.12526944    1.37471000E-07   4.10847185E+16   3.15063262E+09   3.33857187E+08   3.16567919E+08   0.073071139     
  51               5.47722558E-02   1.74609848E-02   2687.85327603    1.56524284E-07   4.70531838E+16   3.09722179E+09   3.87212580E+08   3.11429516E+08   0.073645033     
  52               6.66483519E-02   2.01939305E-02   2716.69779762    1.78160797E-07   5.38400392E+16   3.03794912E+09   4.46506462E+08   3.06254082E+08   0.07449929      
  53               8.10995048E-02   2.33205124E-02   2747.18190773    2.02230026E-07   6.14860381E+16   2.97227858E+09   5.12291739E+08   3.01045043E+08   0.075320407     
  54               9.86840557E-02   2.68887940E-02   2776.67475383    2.29446313E-07   7.01410320E+16   2.89971896E+09   5.85030191E+08   2.95806519E+08   0.075929874     
  55               1.20081410E-01   3.09516606E-02   2807.61680583    2.59602885E-07   7.98494558E+16   2.81973764E+09   6.65153026E+08   2.90542058E+08   0.076274638     
  56               1.46118284E-01   3.55668330E-02   2837.28216891    2.93617173E-07   9.07963744E+16   2.73196272E+09   7.53126244E+08   2.85255720E+08   0.076456166     
  57               1.77800653E-01   4.07978557E-02   2868.25651132    3.31172718E-07   1.03025609E+17   2.63599188E+09   8.49216087E+08   2.79950735E+08   0.07652558      
  58               2.16352610E-01   4.67140438E-02   2897.80117574    3.73417793E-07   1.16762859E+17   2.53169483E+09   9.53472889E+08   2.74630530E+08   0.076761985     
  59               2.63263667E-01   5.33913124E-02   2928.78875916    4.19825412E-07   1.32040873E+17   2.41881807E+09   1.06623355E+09   2.69297409E+08   0.077168696     
  60               3.20346302E-01   6.09119356E-02   2958.42710333    4.71804660E-07   1.49130807E+17   2.29732762E+09   1.18761736E+09   2.63953625E+08   0.077780264     
  61               3.89805984E-01   6.93659696E-02   2989.68162908    5.28599016E-07   1.68053421E+17   2.16710911E+09   1.31775715E+09   2.58600173E+08   0.078479252     
  62               4.74326391E-01   7.88512969E-02   3019.61167461    5.91976799E-07   1.89140087E+17   2.02846754E+09   1.45646048E+09   2.53237922E+08   0.079270806     
  63               5.77173093E-01   8.94725854E-02   3051.24570797    6.60897882E-07   2.12392240E+17   1.88184943E+09   1.60318240E+09   2.47867952E+08   0.080031806     
  64               7.02319722E-01   1.01343105E-01   3081.48176108    7.37571565E-07   2.38210250E+17   1.72850304E+09   1.75661877E+09   2.42491315E+08   0.080666451     
  65               8.54601502E-01   1.14590389E-01   3113.35298789    8.20716413E-07   2.66591115E+17   1.57044376E+09   1.91470559E+09   2.37106857E+08   0.081199528     
  66               1.03990206E+00   1.29356514E-01   3143.73273851    9.13096898E-07   2.98035863E+17   1.41076474E+09   2.07437289E+09   2.31712728E+08   0.081695694     
  67               1.26538076E+00   1.45801566E-01   3175.78211823    1.01308686E-06   3.32534974E+17   1.25306756E+09   2.23205488E+09   2.26305601E+08   0.082204927     
  68               1.53974930E+00   1.64103517E-01   3206.35833961    1.12408418E-06   3.70707756E+17   1.10149111E+09   2.38359779E+09   2.20882048E+08   0.082747666     
  69               1.87360830E+00   1.84462599E-01   3238.70740910    1.24405471E-06   4.12536565E+17   9.60024244E+08   2.52502532E+09   2.15437627E+08   0.083452485     
  70               2.27985690E+00   2.07100135E-01   3269.72333352    1.37705569E-06   4.58770216E+17   8.31876025E+08   2.65316218E+09   2.09968187E+08   0.084308272     
  71               2.77419111E+00   2.32263916E-01   3302.70867878    1.52054168E-06   5.09374637E+17   7.18876471E+08   2.76618793E+09   2.04468806E+08   0.085288919     
  72               3.37571026E+00   2.60228233E-01   3334.47539767    1.67945145E-06   5.65265831E+17   6.21015308E+08   2.86408341E+09   1.98934913E+08   0.086234364     
  73               4.10765492E+00   2.91302856E-01   3368.27281494    1.85081938E-06   6.26416692E+17   5.37311053E+08   2.94779348E+09   1.93361089E+08   0.087138943     
  74               4.99830483E+00   3.25833553E-01   3400.84873601    2.04068907E-06   6.93959824E+17   4.65432959E+08   3.01964660E+09   1.87742275E+08   0.087894427     
  75               6.08207157E+00   3.64213317E-01   3435.43874618    2.24564946E-06   7.67890778E+17   4.03720283E+08   3.08134929E+09   1.82072626E+08   0.088544792     
  76               7.40082804E+00   4.06882537E-01   3468.76245677    2.47305783E-06   8.49611399E+17   3.49820532E+08   3.13525415E+09   1.76346826E+08   0.089092772     
  77               9.00552635E+00   4.54341450E-01   3504.12440395    2.71888075E-06   9.39136420E+17   3.03355834E+08   3.18177207E+09   1.70558959E+08   0.089704895     
  78               1.09581663E+01   5.07147770E-01   3538.30633311    2.99179760E-06   1.03816153E+18   2.62535007E+08   3.22270018E+09   1.64703859E+08   0.09043062      
  79               1.33341911E+01   5.65930714E-01   3574.71589629    3.28686026E-06   1.14669409E+18   2.27704579E+08   3.25762811E+09   1.58775866E+08   0.091377456     
  80               1.62254019E+01   6.31388968E-01   3610.15191953    3.61425233E-06   1.26676878E+18   1.96980540E+08   3.28842192E+09   1.52770016E+08   0.092426871     
  81               1.97435049E+01   7.04312112E-01   3647.99712651    3.96821325E-06   1.39841640E+18   1.71052244E+08   3.31441932E+09   1.46680646E+08   0.093698033     
  82               2.40244270E+01   7.85578593E-01   3685.08067846    4.36063758E-06   1.54407531E+18   1.48125595E+08   3.33739105E+09   1.40502620E+08   0.095013406     
  83               2.92335681E+01   8.76183907E-01   3724.71522558    4.78501961E-06   1.70383697E+18   1.28804539E+08   3.35674467E+09   1.34229964E+08   0.096388536     
  84               3.55721908E+01   9.77242049E-01   3763.67904950    5.25559457E-06   1.88068215E+18   1.11481736E+08   3.37405826E+09   1.27857166E+08   0.097569148     
  85               4.32851972E+01   1.09002158E+00   3805.14871750    5.76549979E-06   2.07486241E+18   9.67344317E+07   3.38873847E+09   1.21378045E+08   0.098574012     
  86               5.26705906E+01   1.21594776E+00   3845.84752989    6.33198824E-06   2.29006967E+18   8.34473772E+07   3.40199654E+09   1.14787228E+08   0.099406689     
  87               6.40909893E+01   1.35663728E+00   3889.01986987    6.94720754E-06   2.52667523E+18   7.23108675E+07   3.41317560E+09   1.08079098E+08   0.10030939      
  88               7.79876373E+01   1.51389463E+00   3931.51741951    7.63100528E-06   2.78908200E+18   6.23871291E+07   3.42320814E+09   1.01249004E+08   0.10132556      
  89               9.48974517E+01   1.68974924E+00   3976.68991398    8.37386659E-06   3.07770062E+18   5.42343922E+07   3.43156148E+09   9.42921199E+07   0.10270619      
  90               1.15473768E+02   1.88645341E+00   4021.53594920    9.19804135E-06   3.39766040E+18   4.69860869E+07   3.43897176E+09   8.72042593E+07   0.10432859      
  91               1.40511583E+02   2.10652479E+00   4069.37459760    1.00924174E-05   3.74942564E+18   4.09843919E+07   3.44507004E+09   7.99809822E+07   0.10620648      
  92               1.70978268E+02   2.35275100E+00   4117.14756980    1.10829241E-05   4.13909480E+18   3.55206210E+07   3.45056075E+09   7.26185185E+07   0.10802911      
  93               2.08050949E+02   2.62823081E+00   4167.96547477    1.21579190E-05   4.56735984E+18   3.09143861E+07   3.45516232E+09   6.51135257E+07   0.10987752      
  94               2.53161982E+02   2.93637672E+00   4218.76051975    1.33474225E-05   5.04141836E+18   2.67021251E+07   3.45934957E+09   5.74638512E+07   0.1115242       
  95               3.08054300E+02   3.28093601E+00   4272.49078875    1.46390611E-05   5.56214703E+18   2.31109717E+07   3.46290727E+09   4.96686601E+07   0.11299509      
  96               3.74848746E+02   3.66599851E+00   4326.01460514    1.60679957E-05   6.13804605E+18   1.98724328E+07   3.46618391E+09   4.17288703E+07   0.11435625      
  97               4.56126023E+02   4.09598271E+00   4382.40310700    1.76187309E-05   6.76973442E+18   1.71991689E+07   3.46897769E+09   3.36471755E+07   0.11606243      
  98               5.55026396E+02   4.57562604E+00   4438.85520491    1.93274546E-05   7.46629911E+18   1.48569752E+07   3.47149375E+09   2.54274082E+07   0.11813727      
  99               6.75371026E+02   5.10991431E+00   4498.52772810    2.11735093E-05   8.22752206E+18   1.29273382E+07   3.47365088E+09   1.70750141E+07   0.12070882      
  100              8.21809604E+02   5.70407653E+00   4558.65513361    2.31951957E-05   9.06305143E+18   1.11988579E+07   3.47551785E+09   8.59635912E+06   0.12331967      
  101              1.00000000E+03   6.36349094E+00   4621.99710407    2.53706112E-05   9.97221426E+18   1.05311998E+07   3.47628346E+09   0.00000000E+00   0.12604938      
