# ATMO pressure-temperature profile
# Effective temperature = 900.0K
# log(g) = 2.5cm/s^2
# M/H = 0.0
# Optical depth grid in band 17 (1.20-1.33microns)
# All parameters in cgs units
#
# Model Level      Optical Depth    Pressure         Temperature      Density          Number Density   Rad Flux         Conv Flux        Radial Extension Adiabatic Gradient
#                                   [Ba]             [K]              [g/cm^3]         [/cm^3]          [ergs/s/cm^2/sr] [ergs/s/cm^2/sr] [cm]             [K/Ba]          
  1                5.00000000E-04   1.00000000E-05   332.42456501     8.52873066E-10   2.17887708E+14   3.72003517E+07   0.00000000E+00   1.45004224E+09   0.30037847      
  2                5.78069831E-04   3.77891789E-05   390.43206742     2.74408532E-09   7.01048097E+14   3.72003503E+07   0.00000000E+00   1.39259929E+09   0.29797117      
  3                6.68329458E-04   6.82853644E-05   417.70290678     4.63485265E-09   1.18409344E+15   3.72003493E+07   0.00000000E+00   1.36555791E+09   0.29770112      
  4                7.72682194E-04   1.02343267E-04   431.56245533     6.72356375E-09   1.71767684E+15   3.72003493E+07   0.00000000E+00   1.34626485E+09   0.29751199      
  5                8.93328530E-04   1.40731395E-04   447.17989822     8.92262313E-09   2.27947356E+15   3.72003502E+07   0.00000000E+00   1.33059190E+09   0.29962151      
  6                1.03281254E-03   1.84259154E-04   454.46691880     1.14950444E-08   2.93665302E+15   3.72003519E+07   0.00000000E+00   1.31700048E+09   0.29951531      
  7                1.19407555E-03   2.33751078E-04   466.69152720     1.42006269E-08   3.62785187E+15   3.72003546E+07   0.00000000E+00   1.30475079E+09   0.29948465      
  8                1.38051810E-03   2.90104598E-04   472.10031502     1.74222469E-08   4.45088283E+15   3.72003581E+07   0.00000000E+00   1.29342117E+09   0.29941028      
  9                1.59607173E-03   3.54338052E-04   483.02554201     2.07984754E-08   5.31341254E+15   3.72003624E+07   0.00000000E+00   1.28275046E+09   0.29939027      
  10               1.84528182E-03   4.27581846E-04   487.82884125     2.48505279E-08   6.34859502E+15   3.72003672E+07   0.00000000E+00   1.27256250E+09   0.29932551      
  11               2.13340350E-03   5.11126135E-04   498.34016935     2.90794368E-08   7.42896021E+15   3.72003733E+07   0.00000000E+00   1.26273470E+09   0.29930866      
  12               2.46651240E-03   6.06416551E-04   503.01368522     3.41802370E-08   8.73206751E+15   3.72003786E+07   0.00000000E+00   1.25317667E+09   0.29924757      
  13               2.85163282E-03   7.15104414E-04   513.47911456     3.94848476E-08   1.00872437E+16   3.72003834E+07   0.00000000E+00   1.24382092E+09   0.29923041      
  14               3.29688580E-03   8.39072253E-04   518.27590399     4.59010008E-08   1.17263859E+16   3.72003873E+07   0.00000000E+00   1.23461255E+09   0.29916846      
  15               3.81166043E-03   9.80486429E-04   528.86489572     5.25630584E-08   1.34283510E+16   3.72003901E+07   0.00000000E+00   1.22550836E+09   0.29915023      
  16               4.40681180E-03   1.14178774E-03   533.86516178     6.06369843E-08   1.54910064E+16   3.72003915E+07   0.00000000E+00   1.21647335E+09   0.29908538      
  17               5.09488990E-03   1.32576721E-03   544.65960341     6.90122020E-08   1.76306347E+16   3.72003916E+07   0.00000000E+00   1.20747966E+09   0.29906401      
  18               5.89040429E-03   1.53555434E-03   550.00531860     7.91556817E-08   2.02220016E+16   3.72003904E+07   0.00000000E+00   1.19850383E+09   0.29899391      
  19               6.81013002E-03   1.77470753E-03   561.21381942     8.96565854E-08   2.29046824E+16   3.72003880E+07   0.00000000E+00   1.18952656E+09   0.29896876      
  20               7.87346142E-03   2.04720229E-03   567.08744636     1.02351568E-07   2.61478849E+16   3.72003855E+07   0.00000000E+00   1.18053118E+09   0.29888998      
  21               9.10282102E-03   2.35754179E-03   578.88493155     1.15465142E-07   2.94980287E+16   3.72003820E+07   0.00000000E+00   1.17150374E+09   0.29885775      
  22               1.05241324E-02   2.71070592E-03   585.54562419     1.31251847E-07   3.35310770E+16   3.72003800E+07   0.00000000E+00   1.16243184E+09   0.29876732      
  23               1.21673669E-02   3.11228781E-03   598.24804829     1.47496656E-07   3.76811632E+16   3.72003771E+07   0.00000000E+00   1.15330479E+09   0.29872514      
  24               1.40671754E-02   3.56841092E-03   606.01937632     1.66944498E-07   4.26495240E+16   3.72003765E+07   0.00000000E+00   1.14411290E+09   0.29861586      
  25               1.62636194E-02   4.08592600E-03   619.88142143     1.86881176E-07   4.77427813E+16   3.72003750E+07   0.00000000E+00   1.13484771E+09   0.29855893      
  26               1.88030155E-02   4.67235280E-03   629.01593750     2.10599749E-07   5.38021732E+16   3.72003760E+07   0.00000000E+00   1.12550007E+09   0.29842681      
  27               2.17389119E-02   5.33644984E-03   644.30796905     2.34824074E-07   5.99908159E+16   3.72003765E+07   0.00000000E+00   1.11605660E+09   0.29834797      
  28               2.51332183E-02   6.08774064E-03   655.07385209     2.63481659E-07   6.73118795E+16   3.72003793E+07   0.00000000E+00   1.10650532E+09   0.29818124      
  29               2.90575105E-02   6.93696804E-03   672.01165246     2.92669112E-07   7.47685106E+16   3.72003830E+07   0.00000000E+00   1.09683456E+09   0.29807232      
  30               3.35945403E-02   7.89569875E-03   684.58679917     3.27000502E-07   8.35387340E+16   3.72003882E+07   0.00000000E+00   1.08703437E+09   0.2978585       
  31               3.88399805E-02   8.97728044E-03   703.35647003     3.61871358E-07   9.24474945E+16   3.72003965E+07   0.00000000E+00   1.07709156E+09   0.2977071       
  32               4.49044419E-02   1.01961814E-02   718.00296303     4.02621352E-07   1.02857782E+17   3.72004066E+07   0.00000000E+00   1.06699337E+09   0.29740429      
  33               5.19158062E-02   1.15710902E-02   738.95356288     4.43953725E-07   1.13418258E+17   3.72004221E+07   0.00000000E+00   1.05670943E+09   0.29723539      
  34               6.00219227E-02   1.31242326E-02   756.07990605     4.92130540E-07   1.25728016E+17   3.72004417E+07   0.00000000E+00   1.04620179E+09   0.29687811      
  35               6.93937253E-02   1.48948308E-02   779.65254977     5.41615846E-07   1.38375853E+17   3.72004695E+07   0.00000000E+00   1.03535643E+09   0.29655763      
  36               8.02288381E-02   1.69406289E-02   799.57637356     6.00627012E-07   1.53460079E+17   3.72005064E+07   0.00000000E+00   1.02401353E+09   0.29603634      
  37               9.27557418E-02   1.93741068E-02   826.08179688     6.64797016E-07   1.69873047E+17   3.72005579E+07   0.00000000E+00   1.01183471E+09   0.29561491      
  38               1.07238592E-01   2.23522144E-02   849.16674216     7.46060739E-07   1.90657291E+17   3.72006292E+07   0.00000000E+00   9.98461782E+08   0.29501461      
  39               1.23982789E-01   2.61407759E-02   879.12151134     8.42676824E-07   2.15375057E+17   3.72007300E+07   0.00000000E+00   9.83350914E+08   0.29452091      
  40               1.43341420E-01   3.10674387E-02   905.89071425     9.71784753E-07   2.48402225E+17   3.72008714E+07   0.00000000E+00   9.66134079E+08   0.29379035      
  41               1.65722701E-01   3.75517815E-02   939.37820910     1.13259253E-06   2.89544889E+17   3.72010606E+07   0.00000000E+00   9.46587771E+08   0.29307537      
  42               1.91598587E-01   4.60396840E-02   969.44506734     1.34542166E-06   3.43981407E+17   3.72013012E+07   0.00000000E+00   9.24843600E+08   0.29199199      
  43               2.21514726E-01   5.69469527E-02   1005.41088271    1.60451288E-06   4.10253927E+17   3.72015766E+07   0.00000000E+00   9.01367575E+08   0.29103384      
  44               2.56101960E-01   7.06252325E-02   1037.21640422    1.92880745E-06   4.93192375E+17   3.72018784E+07   0.00000000E+00   8.76779819E+08   0.28989224      
  45               2.96089634E-01   8.72619493E-02   1073.52754582    2.30246904E-06   5.88758998E+17   3.72021824E+07   0.00000000E+00   8.51814918E+08   0.28888233      
  46               3.42320969E-01   1.07000112E-01   1105.11762786    2.74251624E-06   7.01296330E+17   3.72025057E+07   0.00000000E+00   8.26975780E+08   0.28762456      
  47               3.95770849E-01   1.29890855E-01   1140.77326455    3.22511090E-06   8.24717255E+17   3.72027836E+07   0.00000000E+00   8.02636127E+08   0.28659121      
  48               4.57566375E-01   1.56087688E-01   1171.51900179    3.77381363E-06   9.65039637E+17   3.72031287E+07   0.00000000E+00   7.78890329E+08   0.28543945      
  49               5.29010634E-01   1.85745803E-01   1206.32117729    4.36127018E-06   1.11527482E+18   3.72033629E+07   0.00000000E+00   7.55772477E+08   0.28441658      
  50               6.11610175E-01   2.19078956E-01   1236.68046685    5.01761996E-06   1.28312510E+18   3.72033301E+07   0.00000000E+00   7.33239360E+08   0.28306951      
  51               7.07106781E-01   2.56298518E-01   1271.69271092    5.70842315E-06   1.45978788E+18   3.72029633E+07   0.00000000E+00   7.11247363E+08   0.28187029      
  52               8.17514195E-01   2.97643666E-01   1302.60814521    6.47192977E-06   1.65504076E+18   3.72025282E+07   0.00000000E+00   6.89736900E+08   0.28035407      
  53               9.45160584E-01   3.43303348E-01   1338.60151939    7.26405053E-06   1.85760155E+18   3.72020787E+07   0.00000000E+00   6.68678406E+08   0.27915747      
  54               1.09273764E+00   3.93463479E-01   1370.82723662    8.12968689E-06   2.07896675E+18   3.72014519E+07   0.00000000E+00   6.48037314E+08   0.27796843      
  55               1.26335732E+00   4.48184145E-01   1408.57921827    9.01250399E-06   2.30462915E+18   3.72009125E+07   0.00000000E+00   6.27821298E+08   0.2769383       
  56               1.46061751E+00   5.07775584E-01   1442.57643394    9.97026130E-06   2.54952233E+18   3.72004768E+07   0.00000000E+00   6.07941638E+08   0.27544817      
  57               1.68867783E+00   5.72100982E-01   1482.31834782    1.09330928E-05   2.79548424E+18   3.72001480E+07   0.00000000E+00   5.88458328E+08   0.27406776      
  58               1.95234742E+00   6.39012141E-01   1518.33709112    1.19267166E-05   3.04836347E+18   3.71999099E+07   0.00000000E+00   5.69927820E+08   0.27240371      
  59               2.25718628E+00   7.07747509E-01   1561.11131216    1.28485883E-05   3.28375176E+18   3.69291211E+07   2.74140246E+05   5.52368977E+08   0.2709432       
  60               2.60962258E+00   7.77124163E-01   1601.00837427    1.37586463E-05   3.51578775E+18   3.48440153E+07   2.36253783E+06   5.35868264E+08   0.2691013       
  61               3.01708817E+00   8.42904924E-01   1636.28799008    1.46082920E-05   3.73116700E+18   3.19039424E+07   5.30254969E+06   5.21194952E+08   0.26771786      
  62               3.48817529E+00   9.00362980E-01   1665.36500247    1.53397453E-05   3.91592203E+18   2.87334829E+07   8.47418584E+06   5.09056796E+08   0.26620683      
  63               4.03281780E+00   9.57960976E-01   1692.98922901    1.60663173E-05   4.09844831E+18   2.56391841E+07   1.15730159E+07   4.97454263E+08   0.2651328       
  64               4.66250061E+00   1.00798994E+00   1715.98212658    1.66836032E-05   4.25470326E+18   2.31149105E+07   1.40853167E+07   4.87790718E+08   0.2638396       
  65               5.39050188E+00   1.05122927E+00   1735.00790943    1.72082549E-05   4.38855785E+18   2.14522618E+07   1.57387458E+07   4.79720862E+08   0.26291859      
  66               6.23217301E+00   1.09906423E+00   1755.46097532    1.77813981E-05   4.53479578E+18   2.00448825E+07   1.71596555E+07   4.71073291E+08   0.26169937      
  67               7.20526240E+00   1.15184014E+00   1777.01483052    1.84081797E-05   4.69490702E+18   1.84821732E+07   1.87445365E+07   4.61848692E+08   0.26100484      
  68               8.33028963E+00   1.19389457E+00   1793.79924476    1.89180658E-05   4.82078740E+18   1.69512228E+07   2.02543983E+07   4.54721487E+08   0.26016281      
  69               9.63097823E+00   1.22543024E+00   1805.88275477    1.92875886E-05   4.91501538E+18   1.58886920E+07   2.12925389E+07   4.49500834E+08   0.25974232      
  70               1.11347559E+01   1.26070395E+00   1819.35287853    1.96955579E-05   5.01905566E+18   1.50846516E+07   2.20980424E+07   4.43777776E+08   0.25889662      
  71               1.28733329E+01   1.30004292E+00   1833.73349751    2.01504906E-05   5.13508116E+18   1.43736282E+07   2.28105103E+07   4.37533299E+08   0.25837677      
  72               1.48833708E+01   1.34381724E+00   1849.61816326    2.06496521E-05   5.26240133E+18   1.36859754E+07   2.34996292E+07   4.30747198E+08   0.25738046      
  73               1.72072553E+01   1.39232806E+00   1866.39337291    2.12022526E-05   5.40336407E+18   1.29739209E+07   2.42130711E+07   4.23415722E+08   0.25655084      
  74               1.98939903E+01   1.44588834E+00   1884.69137211    2.18034339E-05   5.55674352E+18   1.22336434E+07   2.49547762E+07   4.15538201E+08   0.25542371      
  75               2.30002312E+01   1.50477437E+00   1903.79367869    2.24629458E-05   5.72502442E+18   1.14245592E+07   2.57648618E+07   4.07123926E+08   0.2543586       
  76               2.65914795E+01   1.56893486E+00   1924.25993113    2.31706864E-05   5.90564061E+18   1.06128519E+07   2.65766091E+07   3.98230580E+08   0.25314325      
  77               3.07434641E+01   1.63873634E+00   1945.34717404    2.39380369E-05   6.10151672E+18   9.95098881E+06   2.72386543E+07   3.88858170E+08   0.25188022      
  78               3.55437382E+01   1.71548269E+00   1968.03782984    2.47687431E-05   6.31362433E+18   9.42316666E+06   2.77672719E+07   3.78891230E+08   0.25041062      
  79               4.10935254E+01   1.79969545E+00   1991.53421894    2.56763237E-05   6.54541345E+18   8.90632787E+06   2.82848402E+07   3.68331326E+08   0.24883061      
  80               4.75098546E+01   1.89193083E+00   2016.57758256    2.66548700E-05   6.79541772E+18   8.40201027E+06   2.87898341E+07   3.57182134E+08   0.24702115      
  81               5.49280272E+01   1.99278500E+00   2042.31525175    2.77193612E-05   7.06746237E+18   7.89992827E+06   2.92925069E+07   3.45448984E+08   0.24512934      
  82               6.35044707E+01   2.10289755E+00   2069.52667611    2.88631756E-05   7.35991717E+18   7.41393664E+06   2.97790066E+07   3.33138533E+08   0.24302785      
  83               7.34200373E+01   2.22295831E+00   2097.30225816    3.01031374E-05   7.67708117E+18   6.93336252E+06   3.02600191E+07   3.20258290E+08   0.24081812      
  84               8.48838171E+01   2.35371300E+00   2126.45916180    3.14320096E-05   8.01719226E+18   6.47108110E+06   3.07227055E+07   3.06816213E+08   0.238397        
  85               9.81375475E+01   2.49596956E+00   2156.03478369    3.28688470E-05   8.38512153E+18   6.01617955E+06   3.11779743E+07   2.92820494E+08   0.23589829      
  86               1.13460711E+02   2.65060297E+00   2186.89918116    3.44055939E-05   8.77893346E+18   5.58178467E+06   3.16126754E+07   2.78279370E+08   0.23322987      
  87               1.31176428E+02   2.81856114E+00   2218.03787276    3.60639031E-05   9.20416388E+18   5.15478135E+06   3.20399327E+07   2.63201089E+08   0.23039808      
  88               1.51658271E+02   3.00087315E+00   2250.34590712    3.78353266E-05   9.65882278E+18   4.74859522E+06   3.24463478E+07   2.47593637E+08   0.22735309      
  89               1.75338142E+02   3.19865477E+00   2282.76420918    3.97445097E-05   1.01492080E+19   4.35201641E+06   3.28432735E+07   2.31464891E+08   0.22410376      
  90               2.02715380E+02   3.41311812E+00   2316.21463174    4.17825250E-05   1.06732912E+19   3.97275627E+06   3.32228427E+07   2.14822358E+08   0.22073168      
  91               2.34367291E+02   3.64536363E+00   2349.60041686    4.39794638E-05   1.12375771E+19   3.60365385E+06   3.35919911E+07   1.97689101E+08   0.2172765       
  92               2.70961321E+02   3.89683100E+00   2383.89153339    4.63172839E-05   1.18399787E+19   3.27270874E+06   3.39229982E+07   1.80069833E+08   0.21377298      
  93               3.13269130E+02   4.16928485E+00   2418.03482900    4.88331955E-05   1.24889192E+19   2.96692646E+06   3.42289823E+07   1.61953651E+08   0.21018423      
  94               3.62182865E+02   4.46438968E+00   2453.00864419    5.15171339E-05   1.31822291E+19   2.68573445E+06   3.45103580E+07   1.43347948E+08   0.20654275      
  95               4.18733975E+02   4.78394394E+00   2487.70721374    5.44039306E-05   1.39287664E+19   2.41968993E+06   3.47765648E+07   1.24260103E+08   0.20295662      
  96               4.84114957E+02   5.12992834E+00   2523.18065105    5.74821041E-05   1.47261355E+19   2.17752301E+06   3.50188823E+07   1.04695157E+08   0.19935515      
  97               5.59704502E+02   5.50443911E+00   2558.26966400    6.07917515E-05   1.55844899E+19   1.95501748E+06   3.52415384E+07   8.46606196E+07   0.19577939      
  98               6.47096573E+02   5.90972639E+00   2594.06632159    6.43193351E-05   1.65010712E+19   1.75628879E+06   3.54404173E+07   6.41643951E+07   0.19219948      
  99               7.48134013E+02   6.34819261E+00   2629.36836212    6.81104851E-05   1.74873701E+19   1.57481353E+06   3.56220580E+07   4.32154399E+07   0.18878388      
  100              8.64947405E+02   6.82238969E+00   2665.36178106    7.21477169E-05   1.85398491E+19   1.41312404E+06   3.57839458E+07   2.18237586E+07   0.18539876      
  101              1.00000000E+03   7.33504023E+00   2700.76256916    7.64838335E-05   1.96717019E+19   1.32338928E+06   3.58737682E+07   0.00000000E+00   0.18209782      
