# ATMO pressure-temperature profile
# Effective temperature = 1400.0K
# log(g) = 3.0cm/s^2
# M/H = 0.0
# Optical depth grid in band 17 (1.20-1.33microns)
# All parameters in cgs units
#
# Model Level      Optical Depth    Pressure         Temperature      Density          Number Density   Rad Flux         Conv Flux        Radial Extension Adiabatic Gradient
#                                   [Ba]             [K]              [g/cm^3]         [/cm^3]          [ergs/s/cm^2/sr] [ergs/s/cm^2/sr] [cm]             [K/Ba]          
  1                1.00000000E-05   1.00000000E-05   540.42897120     5.24586141E-10   1.34025432E+14   2.17814658E+08   0.00000000E+00   6.30928025E+08   0.29776059      
  2                1.20226443E-05   1.22302106E-05   586.54259732     5.90850241E-10   1.51028954E+14   2.17814658E+08   0.00000000E+00   6.26918099E+08   0.29796791      
  3                1.44543977E-05   1.61859568E-05   613.61999282     7.47260646E-10   1.91057775E+14   2.17814658E+08   0.00000000E+00   6.20963699E+08   0.29798827      
  4                1.73780083E-05   2.20391463E-05   627.20524912     9.95403572E-10   2.54513558E+14   2.17814658E+08   0.00000000E+00   6.14176978E+08   0.29794939      
  5                2.08929613E-05   2.96673731E-05   643.20070053     1.30654167E-09   3.34086114E+14   2.17814658E+08   0.00000000E+00   6.07487880E+08   0.2978651       
  6                2.51188643E-05   3.92093356E-05   652.08415709     1.70324239E-09   4.35523580E+14   2.17814658E+08   0.00000000E+00   6.01091447E+08   0.29779896      
  7                3.01995172E-05   5.09016180E-05   665.44776565     2.16668471E-09   5.54042979E+14   2.17814658E+08   0.00000000E+00   5.95004984E+08   0.29767254      
  8                3.63078055E-05   6.51357474E-05   672.81450027     2.74223382E-09   7.01212901E+14   2.17814658E+08   0.00000000E+00   5.89165413E+08   0.29759196      
  9                4.36515832E-05   8.23453293E-05   685.08558715     3.40459618E-09   8.70602639E+14   2.17814658E+08   0.00000000E+00   5.83533106E+08   0.29743161      
  10               5.24807460E-05   1.03104919E-04   691.65613797     4.22244113E-09   1.07972956E+15   2.17814658E+08   0.00000000E+00   5.78057852E+08   0.29733884      
  11               6.30957344E-05   1.28046348E-04   703.30854257     5.15690094E-09   1.31870345E+15   2.17814658E+08   0.00000000E+00   5.72712875E+08   0.29740237      
  12               7.58577575E-05   1.57972847E-04   709.37658754     6.30777758E-09   1.61298910E+15   2.17814658E+08   0.00000000E+00   5.67465725E+08   0.29732585      
  13               9.12010839E-05   1.93788800E-04   720.71060429     7.61610170E-09   1.94757235E+15   2.17814658E+08   0.00000000E+00   5.62298320E+08   0.29715954      
  14               1.09647820E-04   2.36624094E-04   726.50890980     9.22543625E-09   2.35908647E+15   2.17814658E+08   0.00000000E+00   5.57188070E+08   0.29708136      
  15               1.31825674E-04   2.87766382E-04   737.74419901     1.10483593E-08   2.82527088E+15   2.17814658E+08   0.00000000E+00   5.52122385E+08   0.29690426      
  16               1.58489319E-04   3.48800006E-04   743.41793313     1.32895816E-08   3.39835927E+15   2.17814658E+08   0.00000000E+00   5.47085467E+08   0.29682185      
  17               1.90546072E-04   4.21540097E-04   754.68639533     1.58210511E-08   4.04574224E+15   2.17814658E+08   0.00000000E+00   5.42068966E+08   0.29663014      
  18               2.29086765E-04   5.08219523E-04   760.35392851     1.89323032E-08   4.84129325E+15   2.17814658E+08   0.00000000E+00   5.37060591E+08   0.29654201      
  19               2.75422870E-04   6.11440844E-04   771.77377783     2.24402523E-08   5.73839272E+15   2.17814658E+08   0.00000000E+00   5.32052708E+08   0.29633569      
  20               3.31131121E-04   7.34391035E-04   777.54628782     2.67528711E-08   6.84111599E+15   2.17814658E+08   0.00000000E+00   5.27034711E+08   0.29624012      
  21               3.98107171E-04   8.80777429E-04   789.26116891     3.16089643E-08   8.08297583E+15   2.17814658E+08   0.00000000E+00   5.22000740E+08   0.29601445      
  22               4.78630092E-04   1.05512466E-03   795.25945888     3.75809282E-08   9.60994209E+15   2.17814658E+08   0.00000000E+00   5.16942184E+08   0.29590785      
  23               5.75439937E-04   1.26267346E-03   807.34851466     4.42994376E-08   1.13280678E+16   2.17814658E+08   0.00000000E+00   5.11855466E+08   0.29566025      
  24               6.91830971E-04   1.50981431E-03   813.64679692     5.25612421E-08   1.34404391E+16   2.17814658E+08   0.00000000E+00   5.06733779E+08   0.29554153      
  25               8.31763771E-04   1.80401328E-03   826.26533436     6.18435091E-08   1.58141567E+16   2.17814658E+08   0.00000000E+00   5.01573638E+08   0.29526841      
  26               1.00000000E-03   2.15442530E-03   833.00908141     7.32585102E-08   1.87330091E+16   2.17814658E+08   0.00000000E+00   4.96367652E+08   0.29513283      
  27               1.20226443E-03   2.57163631E-03   846.27210830     8.60739786E-08   2.20102695E+16   2.17814658E+08   0.00000000E+00   4.91113640E+08   0.29482822      
  28               1.44543977E-03   3.06859086E-03   853.57485563     1.01829076E-07   2.60389348E+16   2.17814658E+08   0.00000000E+00   4.85805469E+08   0.29467193      
  29               1.73780083E-03   3.66027195E-03   867.61933163     1.19496336E-07   3.05569479E+16   2.17814658E+08   0.00000000E+00   4.80441641E+08   0.29433216      
  30               2.08929613E-03   4.36502963E-03   875.62907111     1.41201435E-07   3.61071212E+16   2.17814658E+08   0.00000000E+00   4.75016101E+08   0.29415024      
  31               2.51188643E-03   5.20380249E-03   890.52032761     1.65517992E-07   4.23255692E+16   2.17814658E+08   0.00000000E+00   4.69529511E+08   0.29377004      
  32               3.01995172E-03   6.20234569E-03   899.37959149     1.95336023E-07   4.99503780E+16   2.17814658E+08   0.00000000E+00   4.63976185E+08   0.29355591      
  33               3.63078055E-03   7.39028259E-03   915.46455205     2.28657314E-07   5.84716504E+16   2.17814658E+08   0.00000000E+00   4.58355232E+08   0.2931236       
  34               4.36515832E-03   8.80400323E-03   925.50463768     2.69443534E-07   6.89013028E+16   2.17814658E+08   0.00000000E+00   4.52659662E+08   0.2928664       
  35               5.24807460E-03   1.04854043E-02   942.90407351     3.14977989E-07   8.05459132E+16   2.17814658E+08   0.00000000E+00   4.46888043E+08   0.29262774      
  36               6.30957344E-03   1.24863719E-02   954.27602227     3.70616630E-07   9.47737567E+16   2.17814658E+08   0.00000000E+00   4.41031551E+08   0.29239984      
  37               7.58577575E-03   1.48655769E-02   973.36656482     4.32578136E-07   1.10619371E+17   2.17814658E+08   0.00000000E+00   4.35089485E+08   0.29187211      
  38               9.12010839E-03   1.76945471E-02   986.43551671     5.08077135E-07   1.29926156E+17   2.17814658E+08   0.00000000E+00   4.29055125E+08   0.29144571      
  39               1.09647820E-02   2.10519774E-02   1007.46324259    5.91860716E-07   1.51352474E+17   2.17814658E+08   0.00000000E+00   4.22932569E+08   0.29070815      
  40               1.31825674E-02   2.50324904E-02   1022.59547729    6.93354566E-07   1.77307060E+17   2.17814658E+08   0.00000000E+00   4.16718850E+08   0.29016624      
  41               1.58489319E-02   2.97384431E-02   1046.24946644    8.05073375E-07   2.05877468E+17   2.17814658E+08   0.00000000E+00   4.10420127E+08   0.28927692      
  42               1.90546072E-02   3.52892180E-02   1064.09798311    9.39316705E-07   2.40207329E+17   2.17814658E+08   0.00000000E+00   4.04037053E+08   0.2886245       
  43               2.29086765E-02   4.18075873E-02   1090.70782549    1.08566571E-06   2.77633914E+17   2.17814658E+08   0.00000000E+00   3.97582217E+08   0.28765816      
  44               2.75422870E-02   4.94309251E-02   1111.72083885    1.25936484E-06   3.22054099E+17   2.17814658E+08   0.00000000E+00   3.91062611E+08   0.28699367      
  45               3.31131121E-02   5.82968415E-02   1142.13679457    1.44568543E-06   3.69702802E+17   2.17814658E+08   0.00000000E+00   3.84491917E+08   0.28600882      
  46               3.98107171E-02   6.85755680E-02   1167.10323190    1.66420287E-06   4.25584675E+17   2.17814658E+08   0.00000000E+00   3.77865186E+08   0.28523533      
  47               4.78630092E-02   8.04429742E-02   1201.74988462    1.89591564E-06   4.84841594E+17   2.17814658E+08   0.00000000E+00   3.71184156E+08   0.28406431      
  48               5.75439937E-02   9.40851399E-02   1231.01416424    2.16472325E-06   5.53584376E+17   2.17814658E+08   0.00000000E+00   3.64450162E+08   0.2830597       
  49               6.91830971E-02   1.09682375E-01   1270.38197947    2.44538016E-06   6.25357499E+17   2.17814658E+08   0.00000000E+00   3.57671040E+08   0.28155857      
  50               8.31763771E-02   1.27413577E-01   1304.37948511    2.76665935E-06   7.07518157E+17   2.17814658E+08   0.00000000E+00   3.50854134E+08   0.28015065      
  51               1.00000000E-01   1.47426463E-01   1348.84386744    3.09571666E-06   7.91661644E+17   2.17814658E+08   0.00000000E+00   3.44015771E+08   0.27846295      
  52               1.20226443E-01   1.69772017E-01   1388.49147207    3.46325348E-06   8.85622684E+17   2.17814656E+08   0.00000000E+00   3.37191275E+08   0.27729729      
  53               1.44543977E-01   1.94378905E-01   1441.42142209    3.81994359E-06   9.76751299E+17   2.17331389E+08   4.86805677E+05   3.30425882E+08   0.27535446      
  54               1.73780083E-01   2.20191166E-01   1491.56258924    4.18360049E-06   1.06926229E+18   2.14358656E+08   3.46228473E+06   3.23968594E+08   0.27320765      
  55               2.08929613E-01   2.46911202E-01   1538.79003464    4.54771346E-06   1.16221712E+18   2.09738976E+08   8.08784169E+06   3.17842701E+08   0.27109092      
  56               2.51188643E-01   2.73905119E-01   1582.51341018    4.90767889E-06   1.25365659E+18   2.03621372E+08   1.42232757E+07   3.12128576E+08   0.26910146      
  57               3.01995172E-01   2.99015784E-01   1620.18129941    5.23663215E-06   1.33676891E+18   1.96519984E+08   2.13564746E+07   3.07175062E+08   0.26739939      
  58               3.63078055E-01   3.21419830E-01   1651.70327567    5.52709181E-06   1.40950453E+18   1.89549225E+08   2.82764297E+07   3.03010349E+08   0.26591526      
  59               4.36515832E-01   3.40979411E-01   1677.78782983    5.77216820E-06   1.47203100E+18   1.83727727E+08   3.40903671E+07   2.99547433E+08   0.26442194      
  60               5.24807460E-01   3.63200202E-01   1705.97644427    6.04636622E-06   1.54205154E+18   1.77802518E+08   4.01499293E+07   2.95786089E+08   0.26320477      
  61               6.30957344E-01   3.83014094E-01   1729.94629634    6.29311534E-06   1.60364404E+18   1.72548185E+08   4.53386940E+07   2.92573627E+08   0.26225307      
  62               7.58577575E-01   3.99515243E-01   1749.17450476    6.49192705E-06   1.65434489E+18   1.68183712E+08   4.95721966E+07   2.89991993E+08   0.26115841      
  63               9.12010839E-01   4.18373578E-01   1770.32811461    6.71693561E-06   1.71173418E+18   1.63430693E+08   5.43312454E+07   2.87136171E+08   0.25988787      
  64               1.09647820E+00   4.39815273E-01   1793.43885103    6.96993094E-06   1.77627242E+18   1.58109423E+08   5.96585621E+07   2.84002455E+08   0.25843486      
  65               1.31825674E+00   4.64052647E-01   1818.40770645    7.25271817E-06   1.84842499E+18   1.52081246E+08   6.56928674E+07   2.80593499E+08   0.25683217      
  66               1.58489319E+00   4.91254858E-01   1845.14999188    7.56615440E-06   1.92841732E+18   1.45210604E+08   7.25691266E+07   2.76921380E+08   0.25504795      
  67               1.90546072E+00   5.21319295E-01   1873.22013564    7.90834022E-06   2.01576928E+18   1.37635420E+08   8.01482134E+07   2.73034747E+08   0.25301342      
  68               2.29086765E+00   5.54416360E-01   1902.52784128    8.28013882E-06   2.11072112E+18   1.30167274E+08   8.76200501E+07   2.68944695E+08   0.25072551      
  69               2.75422870E+00   5.91595728E-01   1933.60684599    8.69245530E-06   2.21606602E+18   1.22978888E+08   9.48133652E+07   2.64562285E+08   0.24822047      
  70               3.31131121E+00   6.33247662E-01   1966.40194923    9.14805107E-06   2.33252947E+18   1.15654153E+08   1.02142932E+08   2.59891381E+08   0.24542773      
  71               3.98107171E+00   6.79801035E-01   2000.74326805    9.65041169E-06   2.46102654E+18   1.08102480E+08   1.09699142E+08   2.54936702E+08   0.24224987      
  72               4.78630092E+00   7.31731093E-01   2036.52818749    1.02030102E-05   2.60247714E+18   1.00330680E+08   1.17474852E+08   2.49703304E+08   0.23871326      
  73               5.75439937E+00   7.89567864E-01   2073.57560863    1.08100992E-05   2.75800741E+18   9.24146619E+07   1.25393580E+08   2.44196148E+08   0.23489858      
  74               6.91830971E+00   8.53902947E-01   2111.79808632    1.14759003E-05   2.92874769E+18   8.44631347E+07   1.33346715E+08   2.38419945E+08   0.23079789      
  75               8.31763771E+00   9.25397998E-01   2151.00390688    1.22057140E-05   3.11611299E+18   7.65954744E+07   1.41215367E+08   2.32379008E+08   0.22647999      
  76               1.00000000E+01   1.00478960E+00   2191.12506198    1.30046862E-05   3.32149654E+18   6.89171925E+07   1.48893803E+08   2.26077465E+08   0.22193802      
  77               1.20226443E+01   1.09289706E+00   2231.95982393    1.38793378E-05   3.54665320E+18   6.15325659E+07   1.56277857E+08   2.19519293E+08   0.21719445      
  78               1.44543977E+01   1.19063073E+00   2273.44545562    1.48359892E-05   3.79331044E+18   5.45182059E+07   1.63291427E+08   2.12708361E+08   0.21211712      
  79               1.73780083E+01   1.29900366E+00   2315.32056031    1.58830010E-05   4.06373225E+18   4.78961815E+07   1.69912463E+08   2.05648408E+08   0.20688309      
  80               2.08929613E+01   1.41896497E+00   2357.52813400    1.70279037E-05   4.35953963E+18   4.17650432E+07   1.76042458E+08   1.98353621E+08   0.20166713      
  81               2.51188643E+01   1.55174384E+00   2399.88434776    1.82769542E-05   4.68333858E+18   3.63409261E+07   1.81465397E+08   1.90826948E+08   0.19663035      
  82               3.01995172E+01   1.69886339E+00   2442.52408064    1.96415347E-05   5.03785245E+18   3.15748508E+07   1.86230619E+08   1.83062013E+08   0.19154161      
  83               3.63078055E+01   1.86180212E+00   2485.14333243    2.11336878E-05   5.42635144E+18   2.73270931E+07   1.90477805E+08   1.75064473E+08   0.18668913      
  84               4.36515832E+01   2.04218595E+00   2527.95487563    2.27618471E-05   5.85129246E+18   2.35926756E+07   1.94211107E+08   1.66839885E+08   0.18204291      
  85               5.24807460E+01   2.24179325E+00   2570.64464594    2.45402011E-05   6.31654144E+18   2.03689330E+07   1.97433049E+08   1.58394065E+08   0.17754002      
  86               6.30957344E+01   2.46256040E+00   2613.41282116    2.64787329E-05   6.82503235E+18   1.75901334E+07   2.00209791E+08   1.49733317E+08   0.17316692      
  87               7.58577575E+01   2.70658671E+00   2655.93476207    2.85939151E-05   7.38125792E+18   1.51972308E+07   2.02600762E+08   1.40864618E+08   0.16914261      
  88               9.12010839E+01   2.97612479E+00   2698.53283678    3.08954042E-05   7.98820625E+18   1.31327111E+07   2.04663689E+08   1.31795910E+08   0.16529696      
  89               1.09647820E+02   3.27359171E+00   2740.79304166    3.34026749E-05   8.65115532E+18   1.13364124E+07   2.06459418E+08   1.22535928E+08   0.16160812      
  90               1.31825674E+02   3.60158210E+00   2783.04463603    3.61262651E-05   9.37343963E+18   9.79463640E+06   2.08001821E+08   1.13093838E+08   0.15816102      
  91               1.58489319E+02   3.96288618E+00   2824.91701834    3.90876045E-05   1.01608899E+19   8.47341873E+06   2.09324728E+08   1.03478802E+08   0.15511215      
  92               1.90546072E+02   4.36044802E+00   2866.84448017    4.22959677E-05   1.10167329E+19   7.34282897E+06   2.10457760E+08   9.37009174E+07   0.15230499      
  93               2.29086765E+02   4.79738344E+00   2908.36825073    4.57759855E-05   1.19476055E+19   6.36457581E+06   2.11439348E+08   8.37707183E+07   0.14972831      
  94               2.75422870E+02   5.27700376E+00   2949.94048536    4.95366621E-05   1.29568666E+19   5.52418992E+06   2.12283851E+08   7.36985151E+07   0.14734697      
  95               3.31131121E+02   5.80284372E+00   2991.08355454    5.36059630E-05   1.40520009E+19   4.79697982E+06   2.13016086E+08   6.34939962E+07   0.14522839      
  96               3.98107171E+02   6.37866857E+00   3032.31572710    5.79917533E-05   1.52363682E+19   4.16872942E+06   2.13650538E+08   5.31661524E+07   0.1432494       
  97               4.78630092E+02   7.00829201E+00   3073.07625222    6.27256200E-05   1.65182750E+19   3.61952632E+06   2.14206963E+08   4.27265518E+07   0.14143568      
  98               5.75439937E+02   7.69580594E+00   3113.91729850    6.78132393E-05   1.79008179E+19   3.14644141E+06   2.14687688E+08   3.21848580E+07   0.13975912      
  99               6.91830971E+02   8.44572395E+00   3154.27337909    7.32923645E-05   1.93938214E+19   2.73607415E+06   2.15105833E+08   2.15474598E+07   0.13829889      
  100              8.31763771E+02   9.26297467E+00   3194.78411140    7.91682121E-05   2.10007498E+19   2.38287979E+06   2.15466362E+08   1.08184703E+07   0.13699816      
  101              1.00000000E+03   1.01529580E+01   3234.85518399    8.54863966E-05   2.27333577E+19   2.20891993E+06   2.15646025E+08   0.00000000E+00   0.13584951      
