# ATMO pressure-temperature profile
# Effective temperature = 600.0K
# log(g) = 4.0cm/s^2
# M/H = 0.0
# Optical depth grid in band 17 (1.20-1.33microns)
# All parameters in cgs units
#
# Model Level      Optical Depth    Pressure         Temperature      Density          Number Density   Rad Flux         Conv Flux        Radial Extension Adiabatic Gradient
#                                   [Ba]             [K]              [g/cm^3]         [/cm^3]          [ergs/s/cm^2/sr] [ergs/s/cm^2/sr] [cm]             [K/Ba]          
  1                5.00000000E-05   1.00000000E-05   108.45494128     2.61225212E-09   6.67846257E+14   7.34804430E+06   0.00000000E+00   3.60102461E+07   0.34116641      
  2                5.91534807E-05   2.20560550E-04   141.19496305     4.42558979E-08   1.13144767E+16   7.34804430E+06   0.00000000E+00   3.40519251E+07   0.32588866      
  3                6.99826855E-05   4.48805265E-04   162.15599312     7.84082850E-08   2.00470641E+16   7.34804430E+06   0.00000000E+00   3.36644586E+07   0.32368045      
  4                8.27943887E-05   7.05888139E-04   179.04618388     1.11616300E-07   2.85559528E+16   7.34804430E+06   0.00000000E+00   3.33896513E+07   0.32086931      
  5                9.79515255E-05   1.00051683E-03   189.05324316     1.49935793E-07   3.83324083E+16   7.34804430E+06   0.00000000E+00   3.31619012E+07   0.31832761      
  6                1.15883473E-04   1.34054442E-03   200.64409022     1.89287582E-07   4.83927917E+16   7.34804430E+06   0.00000000E+00   3.29600643E+07   0.31631987      
  7                1.37098216E-04   1.73436726E-03   207.88830517     2.36362352E-07   6.04278090E+16   7.34804430E+06   0.00000000E+00   3.27738768E+07   0.31447214      
  8                1.62196734E-04   2.19169511E-03   217.78336643     2.85116738E-07   7.28922358E+16   7.34804430E+06   0.00000000E+00   3.25977087E+07   0.31294872      
  9                1.91890027E-04   2.72323815E-03   224.02147970     3.44400093E-07   8.80484672E+16   7.34804430E+06   0.00000000E+00   3.24280815E+07   0.31151506      
  10               2.27019260E-04   3.34147968E-03   233.18511872     4.05980612E-07   1.03791988E+17   7.34804430E+06   0.00000000E+00   3.22627431E+07   0.31029757      
  11               2.68579588E-04   4.06081651E-03   238.94269322     4.81489605E-07   1.23096428E+17   7.34804430E+06   0.00000000E+00   3.21000436E+07   0.30915662      
  12               3.17748350E-04   4.89842671E-03   247.55210972     5.60605414E-07   1.43322978E+17   7.34804430E+06   0.00000000E+00   3.19388232E+07   0.30819263      
  13               3.75918418E-04   5.87395527E-03   253.03923300     6.57673101E-07   1.68139059E+17   7.34804430E+06   0.00000000E+00   3.17781638E+07   0.30727176      
  14               4.44737657E-04   7.01049610E-03   261.46890697     7.59619334E-07   1.94202377E+17   7.34804430E+06   0.00000000E+00   3.16173653E+07   0.30648589      
  15               5.26155608E-04   8.33469594E-03   266.88859667     8.84763208E-07   2.26196345E+17   7.34804430E+06   0.00000000E+00   3.14558394E+07   0.3057338       
  16               6.22478712E-04   9.87770602E-03   275.29664140     1.01653538E-06   2.59884886E+17   7.34804430E+06   0.00000000E+00   3.12931370E+07   0.30509498      
  17               7.36435649E-04   1.16752274E-02   280.85644099     1.17773688E-06   3.01097258E+17   7.34804430E+06   0.00000000E+00   3.11288555E+07   0.30445133      
  18               8.71254639E-04   1.37691058E-02   289.45832527     1.34768070E-06   3.44544666E+17   7.34804430E+06   0.00000000E+00   3.09626544E+07   0.30397028      
  19               1.03075489E-03   1.62080329E-02   295.19731021     1.55555451E-06   3.97689160E+17   7.34804430E+06   0.00000000E+00   3.07942077E+07   0.30345583      
  20               1.21945479E-03   1.90488584E-02   303.98713021     1.77533812E-06   4.53878484E+17   7.34804430E+06   0.00000000E+00   3.06232607E+07   0.30298906      
  21               1.44269991E-03   2.23566383E-02   310.06651137     2.04276761E-06   5.22248831E+17   7.34804430E+06   0.00000000E+00   3.04495660E+07   0.30255626      
  22               1.70681442E-03   2.62068924E-02   319.27495776     2.32550887E-06   5.94533744E+17   7.34804430E+06   0.00000000E+00   3.02729130E+07   0.30219921      
  23               2.01928028E-03   3.06864353E-02   325.88943543     2.66773995E-06   6.82027678E+17   7.34804430E+06   0.00000000E+00   3.00930661E+07   0.30187653      
  24               2.38894914E-03   3.58960303E-02   335.63411186     3.03003519E-06   7.74651149E+17   7.34804430E+06   0.00000000E+00   2.99098312E+07   0.30158901      
  25               2.82629313E-03   4.19505911E-02   342.88361778     3.46624051E-06   8.86170295E+17   7.34804430E+06   0.00000000E+00   2.97230085E+07   0.30129607      
  26               3.34370152E-03   4.89836898E-02   353.31913267     3.92782120E-06   1.00417679E+18   7.34804430E+06   0.00000000E+00   2.95324004E+07   0.30103859      
  27               3.95583167E-03   5.71500359E-02   361.32478932     4.48111523E-06   1.14563056E+18   7.34804430E+06   0.00000000E+00   2.93377484E+07   0.30079982      
  28               4.68002425E-03   6.66290670E-02   372.53659043     5.06713402E-06   1.29544994E+18   7.34804430E+06   0.00000000E+00   2.91388232E+07   0.30059028      
  29               5.53679448E-03   7.76242036E-02   381.43679036     5.76556904E-06   1.47400996E+18   7.34804430E+06   0.00000000E+00   2.89354010E+07   0.30039577      
  30               6.55041330E-03   9.03669739E-02   393.70552511     6.50288132E-06   1.66250925E+18   7.34804430E+06   0.00000000E+00   2.87272925E+07   0.30024369      
  31               7.74959494E-03   1.05114866E-01   403.93175690     7.37264951E-06   1.88487251E+18   7.34804430E+06   0.00000000E+00   2.85142995E+07   0.30011713      
  32               9.16831029E-03   1.22159670E-01   417.71310683     8.28553949E-06   2.11824206E+18   7.34804430E+06   0.00000000E+00   2.82962170E+07   0.3000164       
  33               1.08467493E-02   1.41827867E-01   429.56193810     9.35420326E-06   2.39145172E+18   7.34804430E+06   0.00000000E+00   2.80728079E+07   0.29991123      
  34               1.28324595E-02   1.64497637E-01   445.04663869     1.04718926E-05   2.67719483E+18   7.34804430E+06   0.00000000E+00   2.78437575E+07   0.29979425      
  35               1.51816929E-02   1.90580734E-01   458.91959044     1.17655802E-05   3.00793355E+18   7.34804430E+06   0.00000000E+00   2.76087726E+07   0.29968496      
  36               1.79609996E-02   2.20519854E-01   477.04175133     1.30967546E-05   3.34824436E+18   7.34804430E+06   0.00000000E+00   2.73675870E+07   0.29960553      
  37               2.12491128E-02   2.54791079E-01   493.79348847     1.46199453E-05   3.73735799E+18   7.34804430E+06   0.00000000E+00   2.71199110E+07   0.29953165      
  38               2.51391797E-02   2.93956240E-01   513.76793293     1.62114630E-05   4.14420786E+18   7.34804430E+06   0.00000000E+00   2.68655117E+07   0.29943321      
  39               2.97413996E-02   3.38608857E-01   533.37451297     1.79875603E-05   4.59824274E+18   7.34804430E+06   0.00000000E+00   2.66040249E+07   0.29929635      
  40               3.51861462E-02   3.89391382E-01   557.63776204     1.97851531E-05   5.05778075E+18   7.32609775E+06   2.19465521E+04   2.63348352E+07   0.29912847      
  41               4.16276604E-02   4.47058332E-01   579.59820491     2.18545308E-05   5.58679842E+18   7.27810773E+06   6.99365652E+04   2.60575118E+07   0.29897047      
  42               4.92484201E-02   5.12488442E-01   605.36737037     2.39865738E-05   6.13184131E+18   7.20348279E+06   1.44561502E+05   2.57717377E+07   0.29878318      
  43               5.82643093E-02   5.86622731E-01   628.61152550     2.64410561E-05   6.75931035E+18   7.10824477E+06   2.39799532E+05   2.54773663E+07   0.29857212      
  44               6.89307339E-02   6.70586547E-01   655.97018610     2.89648973E-05   7.40451428E+18   6.99063305E+06   3.57411247E+05   2.51739655E+07   0.29827002      
  45               8.15498567E-02   7.65677450E-01   680.59537120     3.18755326E-05   8.14859447E+18   6.86082534E+06   4.87218961E+05   2.48610160E+07   0.29795207      
  46               9.64791575E-02   8.73247010E-01   709.66712700     3.48644126E-05   8.91267887E+18   6.71990446E+06   6.28139833E+05   2.45383379E+07   0.29756944      
  47               1.14141560E-01   9.94785915E-01   735.73026297     3.83098668E-05   9.79347563E+18   6.58262669E+06   7.65417606E+05   2.42057788E+07   0.29719606      
  48               1.35037411E-01   1.13186218E+00   766.54308616     4.18366366E-05   1.06950499E+19   6.45017517E+06   8.97869131E+05   2.38633828E+07   0.29670592      
  49               1.59758657E-01   1.28638329E+00   794.04282063     4.59016692E-05   1.17341681E+19   6.33683722E+06   1.01120707E+06   2.35107720E+07   0.29617492      
  50               1.89005613E-01   1.46060075E+00   826.67572911     5.00611383E-05   1.27974126E+19   6.24472807E+06   1.10331622E+06   2.31473363E+07   0.29546797      
  51               2.23606798E-01   1.65679158E+00   855.68886300     5.48600536E-05   1.40241917E+19   6.18577827E+06   1.16226603E+06   2.27729669E+07   0.29476521      
  52               2.64542408E-01   1.87733399E+00   890.16039115     5.97554376E-05   1.52756296E+19   6.15958335E+06   1.18846095E+06   2.23877767E+07   0.29392681      
  53               3.12972084E-01   2.12482742E+00   920.61283117     6.53959870E-05   1.67175442E+19   6.17789726E+06   1.17014704E+06   2.19918639E+07   0.29313229      
  54               3.70267763E-01   2.40203861E+00   956.85310401     7.11280636E-05   1.81827913E+19   6.23274896E+06   1.11529534E+06   2.15854065E+07   0.29213983      
  55               4.38052539E-01   2.71243212E+00   988.67747370     7.77347746E-05   1.98714738E+19   6.33340316E+06   1.01464113E+06   2.11679753E+07   0.29117647      
  56               5.18246648E-01   3.05965526E+00   1026.70615386    8.44394549E-05   2.15850058E+19   6.46611647E+06   8.81927828E+05   2.07393984E+07   0.28998652      
  57               6.13121862E-01   3.44758457E+00   1059.88523212    9.21667085E-05   2.35603602E+19   6.64562833E+06   7.02415963E+05   2.02996615E+07   0.28887946      
  58               7.25365844E-01   3.88069679E+00   1099.68815963    9.99899501E-05   2.55603032E+19   6.84963360E+06   4.98410693E+05   1.98484966E+07   0.28754438      
  59               8.58158289E-01   4.36419046E+00   1134.22796778    1.09023038E-04   2.78695004E+19   7.09049041E+06   2.57553885E+05   1.93854192E+07   0.28634035      
  60               1.01526100E+00   4.90400067E+00   1175.90849755    1.18165646E-04   3.02066687E+19   7.31504154E+06   3.30027605E+04   1.89098252E+07   0.28489926      
  61               1.20112443E+00   5.50691344E+00   1211.92711251    1.28751329E-04   3.29122512E+19   7.34804429E+06   0.00000000E+00   1.84210230E+07   0.28366967      
  62               1.42101382E+00   6.18246455E+00   1250.10520026    1.40136768E-04   3.58212645E+19   7.34804429E+06   0.00000000E+00   1.79180941E+07   0.28236061      
  63               1.68115827E+00   6.94189856E+00   1283.31476966    1.53290537E-04   3.91805845E+19   7.34804428E+06   0.00000000E+00   1.73999422E+07   0.28119725      
  64               1.98892727E+00   7.80069255E+00   1320.02579667    1.67480323E-04   4.28032339E+19   7.34804428E+06   0.00000000E+00   1.68639587E+07   0.27990763      
  65               2.35303941E+00   8.78132794E+00   1352.65392697    1.83996299E-04   4.70218096E+19   7.34804428E+06   0.00000000E+00   1.63053294E+07   0.27874952      
  66               2.78380943E+00   9.91320013E+00   1389.79992441    2.02160697E-04   5.16639289E+19   7.34804428E+06   0.00000000E+00   1.57184507E+07   0.2774493       
  67               3.29344035E+00   1.12255140E+01   1423.66725127    2.23467643E-04   5.71115019E+19   7.34804427E+06   0.00000000E+00   1.51010250E+07   0.27624105      
  68               3.89636920E+00   1.27472594E+01   1463.03156441    2.46921865E-04   6.31086613E+19   7.34804427E+06   0.00000000E+00   1.44531982E+07   0.27483089      
  69               4.60967600E+00   1.44994736E+01   1499.94230287    2.73939522E-04   7.00170037E+19   7.34804427E+06   0.00000000E+00   1.37794738E+07   0.27350649      
  70               5.45356761E+00   1.65032905E+01   1543.02416523    3.03087354E-04   7.74682339E+19   7.34804428E+06   0.00000000E+00   1.30840444E+07   0.27199434      
  71               6.45195012E+00   1.87772157E+01   1584.13163623    3.35885588E-04   8.58550345E+19   7.34804429E+06   0.00000000E+00   1.23713575E+07   0.27056316      
  72               7.63310614E+00   2.13217521E+01   1631.59069538    3.70318728E-04   9.46536811E+19   7.34804429E+06   0.00000000E+00   1.16498633E+07   0.2689588       
  73               9.03049593E+00   2.40956987E+01   1677.25838084    4.07254631E-04   1.04055584E+20   7.34804430E+06   0.00000000E+00   1.09355251E+07   0.26741472      
  74               1.06837053E+01   2.70462464E+01   1729.14122175    4.43403733E-04   1.13292817E+20   7.34804429E+06   0.00000000E+00   1.02411820E+07   0.26567873      
  75               1.26395671E+01   3.01035483E+01   1779.22746252    4.79697068E-04   1.22549644E+20   6.67085003E+06   6.77194261E+05   9.57825895E+06   0.26399142      
  76               1.49534878E+01   3.31388642E+01   1824.41079485    5.15162762E-04   1.31565138E+20   5.77660118E+06   1.57144311E+06   8.96765521E+06   0.26246338      
  77               1.76910170E+01   3.59016398E+01   1863.41286056    5.46844555E-04   1.39550384E+20   4.77133920E+06   2.57670508E+06   8.44710145E+06   0.26107709      
  78               2.09297047E+01   3.81809891E+01   1893.13433232    5.72747576E-04   1.46080277E+20   4.14636274E+06   3.20168155E+06   8.03981041E+06   0.25985538      
  79               2.47612977E+01   4.06809373E+01   1924.92242816    6.00156768E-04   1.53074749E+20   3.92989562E+06   3.41832579E+06   7.61341020E+06   0.25878775      
  80               2.92943389E+01   4.34374788E+01   1957.39340043    6.30169117E-04   1.60735694E+20   3.48973351E+06   3.85858472E+06   7.16517703E+06   0.25766047      
  81               3.46572422E+01   4.56833560E+01   1983.31130893    6.54269632E-04   1.66837223E+20   2.85095502E+06   4.49766745E+06   6.81539482E+06   0.25664907      
  82               4.10019301E+01   4.73928514E+01   2001.66722747    6.72518072E-04   1.71493159E+20   2.50985929E+06   4.83900333E+06   6.55768102E+06   0.25583007      
  83               4.85081376E+01   4.93289209E+01   2022.65228340    6.92716207E-04   1.76646984E+20   2.41667989E+06   4.93204948E+06   6.27402536E+06   0.25496524      
  84               5.73885036E+01   5.15118355E+01   2044.65567649    7.15571725E-04   1.82478912E+20   2.30537622E+06   5.04327190E+06   5.96397472E+06   0.25393359      
  85               6.78945948E+01   5.39636044E+01   2069.30504539    7.40682924E-04   1.88887089E+20   2.19550553E+06   5.15396998E+06   5.62720194E+06   0.25292144      
  86               8.03240320E+01   5.67023099E+01   2094.91047475    7.68712285E-04   1.96047416E+20   1.92326237E+06   5.42670475E+06   5.26425136E+06   0.25162389      
  87               9.50289215E+01   5.86962104E+01   2113.54317637    7.89416669E-04   2.01152196E+20   1.55173934E+06   5.79871437E+06   5.00826195E+06   0.25077465      
  88               1.12425830E+02   6.01038147E+01   2125.74134431    8.03698652E-04   2.04794108E+20   1.37579633E+06   5.97547468E+06   4.83154390E+06   0.25004773      
  89               1.33007583E+02   6.17209158E+01   2140.26606821    8.19706020E-04   2.08876910E+20   1.34011638E+06   6.01201984E+06   4.63231076E+06   0.24931374      
  90               1.57357229E+02   6.35760702E+01   2155.71636785    8.38275478E-04   2.13613109E+20   1.29307081E+06   6.05858776E+06   4.40851199E+06   0.24832361      
  91               1.86164557E+02   6.56976044E+01   2173.71013886    8.59056230E-04   2.18914104E+20   1.25179617E+06   6.10086717E+06   4.15850856E+06   0.24741851      
  92               2.20245630E+02   6.81159102E+01   2192.82031263    8.82890839E-04   2.24994218E+20   1.19935229E+06   6.15286978E+06   3.88082699E+06   0.2460761       
  93               2.60565913E+02   7.08636282E+01   2214.57878800    9.09449849E-04   2.31770463E+20   1.15137087E+06   6.20208976E+06   3.57418653E+06   0.24497539      
  94               3.08267614E+02   7.39755742E+01   2237.60254721    9.39582889E-04   2.39459040E+20   1.09412504E+06   6.25895665E+06   3.23753907E+06   0.24324431      
  95               3.64702046E+02   7.74891920E+01   2263.25439442    9.73009547E-04   2.47989675E+20   1.04085598E+06   6.31383771E+06   2.87006330E+06   0.24194351      
  96               4.31467909E+02   8.14444182E+01   2290.28585567    1.01055023E-03   2.57571302E+20   9.79800298E+05   6.37419294E+06   2.47119076E+06   0.23973698      
  97               5.10456573E+02   8.58846352E+01   2319.76241438    1.05203375E-03   2.68162353E+20   9.22247446E+05   6.43131020E+06   2.04055428E+06   0.23824249      
  98               6.03905660E+02   9.08555339E+01   2350.73614638    1.09829067E-03   2.79945402E+20   8.57759236E+05   6.50245650E+06   1.57809284E+06   0.23552832      
  99               7.14462436E+02   9.64086962E+01   2383.78590035    1.14916350E-03   2.92937386E+20   7.99028259E+05   6.56366386E+06   1.08379196E+06   0.23384234      
  100              8.45258798E+02   1.02600084E+02   2418.52147378    1.20528013E-03   3.07272438E+20   7.36096922E+05   6.62784995E+06   5.57709584E+05   0.23048504      
  101              1.00000000E+03   1.09492334E+02   2454.74070972    1.26712510E-03   3.23075429E+20   7.04274781E+05   6.65268933E+06   0.00000000E+00   0.22863207      
