# ATMO pressure-temperature profile
# Effective temperature = 900.0K
# log(g) = 3.0cm/s^2
# M/H = 0.0
# Optical depth grid in band 17 (1.20-1.33microns)
# All parameters in cgs units
#
# Model Level      Optical Depth    Pressure         Temperature      Density          Number Density   Rad Flux         Conv Flux        Radial Extension Adiabatic Gradient
#                                   [Ba]             [K]              [g/cm^3]         [/cm^3]          [ergs/s/cm^2/sr] [ergs/s/cm^2/sr] [cm]             [K/Ba]          
  1                1.00000000E-04   1.00000000E-05   267.47225319     1.05923103E-09   2.70799029E+14   3.72000089E+07   0.00000000E+00   4.26711600E+08   0.30416935      
  2                1.17489755E-04   1.00808124E-04   318.15509861     8.97683235E-09   2.29499892E+15   3.72000089E+07   0.00000000E+00   3.97262787E+08   0.30036155      
  3                1.38038426E-04   1.99005622E-04   338.89568700     1.66366278E-08   4.25329146E+15   3.72000089E+07   0.00000000E+00   3.89227403E+08   0.30108573      
  4                1.62181010E-04   3.10291234E-04   352.71568550     2.49235689E-08   6.37192379E+15   3.72000089E+07   0.00000000E+00   3.83762264E+08   0.30074996      
  5                1.90546072E-04   4.37915048E-04   363.39099267     3.41413499E-08   8.72853888E+15   3.72000089E+07   0.00000000E+00   3.79387181E+08   0.30050131      
  6                2.23872114E-04   5.84980452E-04   373.08104384     4.44224933E-08   1.13570101E+16   3.72000089E+07   0.00000000E+00   3.75610862E+08   0.30034394      
  7                2.63026799E-04   7.54844598E-04   381.76422160     5.60178559E-08   1.43214888E+16   3.72000089E+07   0.00000000E+00   3.72205706E+08   0.30019417      
  8                3.09029543E-04   9.51301181E-04   390.40443175     6.90356079E-08   1.76493671E+16   3.72000089E+07   0.00000000E+00   3.69046572E+08   0.30009108      
  9                3.63078055E-04   1.17872494E-03   398.33681269     8.38362029E-08   2.14332419E+16   3.72000089E+07   0.00000000E+00   3.66057176E+08   0.29998444      
  10               4.26579519E-04   1.44219542E-03   406.33840282     1.00555466E-07   2.57076325E+16   3.72000089E+07   0.00000000E+00   3.63187629E+08   0.29991017      
  11               5.01187234E-04   1.74758092E-03   413.83510724     1.19640840E-07   3.05869239E+16   3.72000089E+07   0.00000000E+00   3.60403395E+08   0.29982884      
  12               5.88843655E-04   2.10167119E-03   421.61382946     1.41227516E-07   3.61056995E+16   3.72000089E+07   0.00000000E+00   3.57679348E+08   0.29976721      
  13               6.91830971E-04   2.51234941E-03   429.13245227     1.65865746E-07   4.24047514E+16   3.72000089E+07   0.00000000E+00   3.54996082E+08   0.29969824      
  14               8.12830516E-04   2.98865263E-03   437.24136452     1.93666234E-07   4.95085309E+16   3.72000089E+07   0.00000000E+00   3.52338512E+08   0.29965039      
  15               9.54992586E-04   3.54083530E-03   445.39896245     2.25246838E-07   5.75814192E+16   3.72000089E+07   0.00000000E+00   3.49694722E+08   0.2995966       
  16               1.12201845E-03   4.18083697E-03   453.72404699     2.61079972E-07   6.67417016E+16   3.72000089E+07   0.00000000E+00   3.47055567E+08   0.29955545      
  17               1.31825674E-03   4.92350914E-03   461.05455625     3.02569008E-07   7.73478543E+16   3.72000089E+07   0.00000000E+00   3.44413169E+08   0.29950842      
  18               1.54881662E-03   5.78538306E-03   469.34579328     3.49253811E-07   8.92822301E+16   3.72000089E+07   0.00000000E+00   3.41761857E+08   0.29947026      
  19               1.81970086E-03   6.78542493E-03   476.92236992     4.03117096E-07   1.03051708E+17   3.72000089E+07   0.00000000E+00   3.39096643E+08   0.29942407      
  20               2.13796209E-03   7.94546106E-03   485.61351343     4.63585829E-07   1.18509777E+17   3.72000089E+07   0.00000000E+00   3.36413210E+08   0.29938602      
  21               2.51188643E-03   9.29054127E-03   493.64024255     5.33251606E-07   1.36318971E+17   3.72000089E+07   0.00000000E+00   3.33707900E+08   0.2993393       
  22               2.95120923E-03   1.08493337E-02   502.91505563     6.11237642E-07   1.56255125E+17   3.72000089E+07   0.00000000E+00   3.30977557E+08   0.29935464      
  23               3.46736850E-03   1.26545445E-02   511.65008041     7.00769245E-07   1.79142781E+17   3.72000089E+07   0.00000000E+00   3.28219296E+08   0.29930452      
  24               4.07380278E-03   1.47442833E-02   521.72005729     8.00732829E-07   2.04697233E+17   3.72000089E+07   0.00000000E+00   3.25429576E+08   0.29922609      
  25               4.78630092E-03   1.71624769E-02   531.28297332     9.15283167E-07   2.33980631E+17   3.72000089E+07   0.00000000E+00   3.22604894E+08   0.2991178       
  26               5.62341325E-03   1.99592039E-02   542.30675760     1.04279644E-06   2.66577836E+17   3.72000089E+07   0.00000000E+00   3.19742216E+08   0.29904892      
  27               6.60693448E-03   2.31910259E-02   553.02921134     1.18815510E-06   3.03737020E+17   3.72000089E+07   0.00000000E+00   3.16838787E+08   0.29899451      
  28               7.76247117E-03   2.69219210E-02   565.44528775     1.34901455E-06   3.44858787E+17   3.72000089E+07   0.00000000E+00   3.13891869E+08   0.29894935      
  29               9.12010839E-03   3.12242961E-02   577.67406850     1.53147841E-06   3.91503478E+17   3.72000089E+07   0.00000000E+00   3.10898608E+08   0.29887328      
  30               1.07151931E-02   3.61792957E-02   591.67854427     1.73250824E-06   4.42894337E+17   3.72000089E+07   0.00000000E+00   3.07856669E+08   0.29878075      
  31               1.25892541E-02   4.18765081E-02   605.71062846     1.95887266E-06   5.00761701E+17   3.72000089E+07   0.00000000E+00   3.04764084E+08   0.29864969      
  32               1.47910839E-02   4.84138260E-02   621.84779203     2.20590178E-06   5.63911755E+17   3.72000089E+07   0.00000000E+00   3.01619209E+08   0.29851042      
  33               1.73780083E-02   5.59019651E-02   638.28674355     2.48148745E-06   6.34361898E+17   3.72000089E+07   0.00000000E+00   2.98418657E+08   0.29834553      
  34               2.04173794E-02   6.44707337E-02   656.95119062     2.78054713E-06   7.10812977E+17   3.72000089E+07   0.00000000E+00   2.95156558E+08   0.29817254      
  35               2.39883292E-02   7.42605503E-02   676.10279081     3.11204934E-06   7.95556950E+17   3.72000089E+07   0.00000000E+00   2.91828535E+08   0.2979348       
  36               2.81838293E-02   8.54203761E-02   697.78091333     3.46851322E-06   8.86682695E+17   3.72000089E+07   0.00000000E+00   2.88431793E+08   0.29765693      
  37               3.31131121E-02   9.81033410E-02   720.31930277     3.85888983E-06   9.86471595E+17   3.72000089E+07   0.00000000E+00   2.84965075E+08   0.2972991       
  38               3.89045145E-02   1.12467522E-01   745.65559002     4.27359021E-06   1.09248300E+18   3.72000089E+07   0.00000000E+00   2.81427926E+08   0.29689973      
  39               4.57088190E-02   1.28675102E-01   771.93804230     4.72300529E-06   1.20736315E+18   3.72000089E+07   0.00000000E+00   2.77820372E+08   0.29642629      
  40               5.37031796E-02   1.46933106E-01   801.16897887     5.19638934E-06   1.32837708E+18   3.72000089E+07   0.00000000E+00   2.74134898E+08   0.29590955      
  41               6.30957344E-02   1.67444610E-01   832.59734666     5.69825589E-06   1.45667273E+18   3.71230493E+07   7.69607724E+04   2.70365468E+08   0.29525591      
  42               7.41310241E-02   1.90422318E-01   864.90813161     6.23811465E-06   1.59468059E+18   3.69484794E+07   2.51531634E+05   2.66511490E+08   0.29453081      
  43               8.70963590E-02   2.16092210E-01   897.55426328     6.82156948E-06   1.74383037E+18   3.67327761E+07   4.67236902E+05   2.62576392E+08   0.29364703      
  44               1.02329299E-01   2.44678453E-01   930.98600457     7.44676100E-06   1.90361191E+18   3.65216503E+07   6.78362498E+05   2.58565576E+08   0.29274226      
  45               1.20226443E-01   2.76477980E-01   964.69967503     8.12035274E-06   2.07584181E+18   3.63519391E+07   8.48074092E+05   2.54476270E+08   0.29171488      
  46               1.41253754E-01   3.11872555E-01   999.27787485     8.84273599E-06   2.26056358E+18   3.62404182E+07   9.59595263E+05   2.50299351E+08   0.29071124      
  47               1.65958691E-01   3.51223423E-01   1034.20214836    9.62187710E-06   2.45982310E+18   3.61905664E+07   1.00944864E+06   2.46033248E+08   0.28958857      
  48               1.94984460E-01   3.94880280E-01   1069.95947129    1.04560314E-05   2.67315387E+18   3.62004209E+07   9.99592469E+05   2.41680743E+08   0.28850398      
  49               2.29086765E-01   4.43194936E-01   1105.98452501    1.13527548E-05   2.90249566E+18   3.62680352E+07   9.31977618E+05   2.37246239E+08   0.28728509      
  50               2.69153480E-01   4.96552597E-01   1142.75566475    1.23099809E-05   3.14729690E+18   3.63923039E+07   8.07707238E+05   2.32732695E+08   0.28610805      
  51               3.16227766E-01   5.55520449E-01   1179.82820871    1.33388328E-05   3.41041409E+18   3.65626970E+07   6.37312180E+05   2.28130894E+08   0.28476031      
  52               3.71535229E-01   6.20741728E-01   1217.75649618    1.44404528E-05   3.69212440E+18   3.67655432E+07   4.34462862E+05   2.23431519E+08   0.28343422      
  53               4.36515832E-01   6.92867957E-01   1256.07324458    1.56264456E-05   3.99540999E+18   3.69820917E+07   2.17911845E+05   2.18630064E+08   0.28192616      
  54               5.12861384E-01   7.72598102E-01   1295.25654920    1.68973157E-05   4.32039724E+18   3.71858614E+07   1.69135851E+04   2.13723429E+08   0.28049292      
  55               6.02559586E-01   8.60728236E-01   1334.87875282    1.82657874E-05   4.67035690E+18   3.72000088E+07   0.00000000E+00   2.08706979E+08   0.27904628      
  56               7.07945784E-01   9.58390810E-01   1373.08932954    1.97720377E-05   5.05556488E+18   3.72000089E+07   0.00000000E+00   2.03567920E+08   0.27785833      
  57               8.31763771E-01   1.06694646E+00   1412.02941153    2.14043130E-05   5.47299088E+18   3.72000089E+07   0.00000000E+00   1.98291042E+08   0.27652417      
  58               9.77237221E-01   1.18769123E+00   1449.83936318    2.32052094E-05   5.93348026E+18   3.72000089E+07   0.00000000E+00   1.92873203E+08   0.27517918      
  59               1.14815362E+00   1.32117680E+00   1489.01658248    2.51351464E-05   6.42668841E+18   3.72000089E+07   0.00000000E+00   1.87346006E+08   0.27365375      
  60               1.34896288E+00   1.46638186E+00   1528.03934250    2.71949220E-05   6.95085749E+18   3.72000072E+07   0.00000000E+00   1.81791699E+08   0.27221805      
  61               1.58489319E+00   1.62173495E+00   1570.20137923    2.92698777E-05   7.48083992E+18   3.67834847E+07   4.16520325E+05   1.76285301E+08   0.2705992       
  62               1.86208714E+00   1.78408381E+00   1611.31777672    3.13809305E-05   8.01973271E+18   3.52183192E+07   1.98171924E+06   1.70928464E+08   0.26906636      
  63               2.18776162E+00   1.94909385E+00   1649.83921215    3.34912165E-05   8.55691008E+18   3.28139830E+07   4.38628147E+06   1.65838440E+08   0.26767843      
  64               2.57039578E+00   2.10851309E+00   1685.01979719    3.54876894E-05   9.06352491E+18   2.97175127E+07   7.48371613E+06   1.61214149E+08   0.26640094      
  65               3.01995172E+00   2.25530045E+00   1715.23963866    3.73120440E-05   9.52369420E+18   2.63712830E+07   1.08294838E+07   1.57180114E+08   0.26535256      
  66               3.54813389E+00   2.38379741E+00   1740.79401282    3.88819980E-05   9.91854114E+18   2.35869723E+07   1.36141109E+07   1.53806443E+08   0.26427417      
  67               4.16869383E+00   2.52408359E+00   1767.04896903    4.05583981E-05   1.03462028E+19   2.13673269E+07   1.58382030E+07   1.50273795E+08   0.26331829      
  68               4.89778819E+00   2.64944327E+00   1789.90821266    4.20414663E-05   1.07213557E+19   1.93754932E+07   1.78256227E+07   1.47237836E+08   0.26248731      
  69               5.75439937E+00   2.75385881E+00   1807.92900316    4.32621705E-05   1.10328100E+19   1.79276354E+07   1.92709021E+07   1.44789493E+08   0.26159097      
  70               6.76082975E+00   2.87079730E+00   1827.87889218    4.46061936E-05   1.13757739E+19   1.68384469E+07   2.03646191E+07   1.42127506E+08   0.26058842      
  71               7.94328235E+00   3.00198680E+00   1849.03735774    4.61103192E-05   1.17595020E+19   1.58143042E+07   2.14457549E+07   1.39234812E+08   0.25987426      
  72               9.33254301E+00   3.15028984E+00   1872.55120145    4.77783834E-05   1.21854803E+19   1.44502242E+07   2.28570307E+07   1.36075189E+08   0.25936573      
  73               1.09647820E+01   3.26728665E+00   1890.10340199    4.91340913E-05   1.25206684E+19   1.29402083E+07   2.42902465E+07   1.33660204E+08   0.25881905      
  74               1.28824955E+01   3.35505794E+00   1903.32469161    5.01028148E-05   1.27677092E+19   1.19220292E+07   2.52769744E+07   1.31891195E+08   0.2581722       
  75               1.51356125E+01   3.45461072E+00   1917.50690157    5.12070942E-05   1.30493242E+19   1.12817445E+07   2.59171516E+07   1.29925766E+08   0.25745946      
  76               1.77827941E+01   3.56710867E+00   1933.59756886    5.24335476E-05   1.33621422E+19   1.07387313E+07   2.64601197E+07   1.27754690E+08   0.2566447       
  77               2.08929613E+01   3.69390716E+00   1950.75423402    5.38185753E-05   1.37154246E+19   1.01900251E+07   2.70088084E+07   1.25367739E+08   0.25576957      
  78               2.45470892E+01   3.83603921E+00   1969.88362233    5.53450444E-05   1.41048447E+19   9.61621247E+06   2.75826012E+07   1.22763465E+08   0.25478143      
  79               2.88403150E+01   3.99457379E+00   1990.04037349    5.70466857E-05   1.45389954E+19   9.00417638E+06   2.81943383E+07   1.19942033E+08   0.25370456      
  80               3.38844156E+01   4.17039216E+00   2012.09850221    5.89022475E-05   1.50125165E+19   8.43047063E+06   2.87676764E+07   1.16908956E+08   0.25247228      
  81               3.98107171E+01   4.36537885E+00   2035.14730986    6.09549310E-05   1.55364549E+19   7.93155571E+06   2.92664625E+07   1.13654825E+08   0.25110132      
  82               4.67735141E+01   4.58227429E+00   2060.25576816    6.31998964E-05   1.61096381E+19   7.49533823E+06   2.97026414E+07   1.10160300E+08   0.24958506      
  83               5.49540874E+01   4.82291634E+00   2086.41483440    6.56802269E-05   1.67430628E+19   7.05185341E+06   3.01460947E+07   1.06425249E+08   0.24793922      
  84               6.45654229E+01   5.08927725E+00   2114.56878653    6.83789208E-05   1.74325184E+19   6.62148120E+06   3.05764424E+07   1.02450656E+08   0.24612992      
  85               7.58577575E+01   5.38348385E+00   2143.65614192    7.13431577E-05   1.81900600E+19   6.18486239E+06   3.10130409E+07   9.82383886E+07   0.24414414      
  86               8.91250938E+01   5.70784774E+00   2174.62822583    7.45552523E-05   1.90113606E+19   5.76569633E+06   3.14321920E+07   9.37908660E+07   0.24203217      
  87               1.04712855E+02   6.06488759E+00   2206.39568057    7.80671962E-05   1.99097220E+19   5.34807402E+06   3.18498030E+07   8.91108822E+07   0.23976003      
  88               1.23026877E+02   6.45736721E+00   2239.92228226    8.18611422E-05   2.08808596E+19   4.95082674E+06   3.22470434E+07   8.42012921E+07   0.23732915      
  89               1.44543977E+02   6.88832457E+00   2274.08324205    8.59958351E-05   2.19398212E+19   4.55853354E+06   3.26393335E+07   7.90648998E+07   0.23462182      
  90               1.69824365E+02   7.36114446E+00   2309.83716556    9.04551391E-05   2.30828705E+19   4.19149172E+06   3.30063843E+07   7.37039446E+07   0.2317863       
  91               1.99526231E+02   7.87960996E+00   2346.07240545    9.53052168E-05   2.43270333E+19   3.82955928E+06   3.33683304E+07   6.81199257E+07   0.22871669      
  92               2.34422882E+02   8.44754489E+00   2383.72416516    1.00539555E-04   2.56684916E+19   3.48966957E+06   3.37082256E+07   6.23178054E+07   0.22565155      
  93               2.75422870E+02   9.06958494E+00   2421.72908785    1.06211723E-04   2.71261210E+19   3.17147009E+06   3.40272831E+07   5.62982255E+07   0.22232903      
  94               3.23593657E+02   9.75125476E+00   2461.01625016    1.12326164E-04   2.86993368E+19   2.88465500E+06   3.43132874E+07   5.00572815E+07   0.21912053      
  95               3.80189396E+02   1.04983538E+01   2500.62058821    1.18962990E-04   3.04087972E+19   2.60733210E+06   3.45907197E+07   4.35942701E+07   0.21547798      
  96               4.46683592E+02   1.13174926E+01   2541.29070352    1.26127691E-04   3.22568320E+19   2.35501536E+06   3.48430562E+07   3.69069844E+07   0.21185469      
  97               5.24807460E+02   1.22160104E+01   2582.20193586    1.33907863E-04   3.42661278E+19   2.12250556E+06   3.50756593E+07   2.99930993E+07   0.20819058      
  98               6.16595002E+02   1.32021536E+01   2624.10834091    1.42315007E-04   3.64408804E+19   1.91126315E+06   3.52869178E+07   2.28495213E+07   0.20438436      
  99               7.24435960E+02   1.42851880E+01   2666.12205556    1.51456779E-04   3.88089391E+19   1.72013656E+06   3.54781676E+07   1.54725707E+07   0.20088716      
  100              8.51138038E+02   1.54755185E+01   2709.21578426    1.61340300E-04   4.13739943E+19   1.54634877E+06   3.56519558E+07   7.85780409E+06   0.19696173      
  101              1.00000000E+03   1.67849342E+01   2752.16514182    1.72115375E-04   4.41744339E+19   1.45264519E+06   3.57463943E+07   0.00000000E+00   0.19364324      
