# ATMO pressure-temperature profile
# Effective temperature = 700.0K
# log(g) = 2.5cm/s^2
# M/H = 0.0
# Optical depth grid in band 17 (1.20-1.33microns)
# All parameters in cgs units
#
# Model Level      Optical Depth    Pressure         Temperature      Density          Number Density   Rad Flux         Conv Flux        Radial Extension Adiabatic Gradient
#                                   [Ba]             [K]              [g/cm^3]         [/cm^3]          [ergs/s/cm^2/sr] [ergs/s/cm^2/sr] [cm]             [K/Ba]          
  1                5.00000000E-04   1.00000000E-05   205.79959241     1.37666414E-09   3.51950292E+14   1.36132619E+07   0.00000000E+00   1.10248620E+09   0.31371274      
  2                5.78069831E-04   1.57237883E-04   250.72830270     1.77675006E-08   4.54234031E+15   1.36132619E+07   0.00000000E+00   1.00834226E+09   0.30742319      
  3                6.68329458E-04   3.12633234E-04   271.15870100     3.26651089E-08   8.35097989E+15   1.36132619E+07   0.00000000E+00   9.87944481E+08   0.3054853       
  4                7.72682194E-04   4.84153597E-04   287.18309445     4.77635726E-08   1.22109691E+16   1.36132619E+07   0.00000000E+00   9.74212752E+08   0.30385334      
  5                8.93328530E-04   6.76104278E-04   297.96538176     6.42865891E-08   1.64351516E+16   1.36132619E+07   0.00000000E+00   9.63258542E+08   0.30328987      
  6                1.03281254E-03   8.92279091E-04   309.65758072     8.16378375E-08   2.08710760E+16   1.36132619E+07   0.00000000E+00   9.53822298E+08   0.30246003      
  7                1.19407555E-03   1.13658744E-03   317.98630405     1.01266760E-07   2.58892981E+16   1.36132619E+07   0.00000000E+00   9.45325426E+08   0.30217101      
  8                1.38051810E-03   1.41344923E-03   327.81149184     1.22159850E-07   3.12307116E+16   1.36132619E+07   0.00000000E+00   9.37453784E+08   0.30165492      
  9                1.59607173E-03   1.72774319E-03   334.96005737     1.46136463E-07   3.73604422E+16   1.36132619E+07   0.00000000E+00   9.30015162E+08   0.30148013      
  10               1.84528182E-03   2.08504456E-03   343.89518689     1.71775670E-07   4.39152220E+16   1.36132619E+07   0.00000000E+00   9.22883765E+08   0.30112056      
  11               2.13340350E-03   2.49164632E-03   350.40800239     2.01458105E-07   5.15036751E+16   1.36132619E+07   0.00000000E+00   9.15971887E+08   0.30100479      
  12               2.46651240E-03   2.95473160E-03   358.94568104     2.33217695E-07   5.96231812E+16   1.36132619E+07   0.00000000E+00   9.09215915E+08   0.30073682      
  13               2.85163282E-03   3.48237614E-03   365.32750913     2.70063428E-07   6.90429186E+16   1.36132619E+07   0.00000000E+00   9.02567351E+08   0.30065025      
  14               3.29688580E-03   4.08377858E-03   373.86864674     3.09467727E-07   7.91168486E+16   1.36132619E+07   0.00000000E+00   8.95988885E+08   0.30044299      
  15               3.81166043E-03   4.76927146E-03   380.41911544     3.55190895E-07   9.08062101E+16   1.36132619E+07   0.00000000E+00   8.89450593E+08   0.30037205      
  16               4.40681180E-03   5.55055765E-03   389.27788188     4.03969492E-07   1.03276790E+17   1.36132619E+07   0.00000000E+00   8.82928230E+08   0.30020582      
  17               5.09488990E-03   6.44080734E-03   396.25442534     4.60509963E-07   1.17731322E+17   1.36132619E+07   0.00000000E+00   8.76401160E+08   0.30014592      
  18               5.89040429E-03   7.45509303E-03   405.51350118     5.20858872E-07   1.33159939E+17   1.36132619E+07   0.00000000E+00   8.69852073E+08   0.30000984      
  19               6.81013002E-03   8.61037188E-03   412.91576573     5.90789237E-07   1.51038020E+17   1.36132619E+07   0.00000000E+00   8.63266243E+08   0.29995905      
  20               7.87346142E-03   9.92586303E-03   422.67492717     6.65323739E-07   1.70093466E+17   1.36132619E+07   0.00000000E+00   8.56631026E+08   0.29984608      
  21               9.10282102E-03   1.14233679E-02   430.72593576     7.51397665E-07   1.92096292E+17   1.36132619E+07   0.00000000E+00   8.49933447E+08   0.29986518      
  22               1.05241324E-02   1.31275363E-02   441.32829391     8.42747384E-07   2.15450395E+17   1.36132619E+07   0.00000000E+00   8.43161261E+08   0.29979121      
  23               1.21673669E-02   1.50656666E-02   450.47827924     9.47523628E-07   2.42236920E+17   1.36132619E+07   0.00000000E+00   8.36302601E+08   0.29970635      
  24               1.40671754E-02   1.72674813E-02   462.55881131     1.05764114E-06   2.70388289E+17   1.36132619E+07   0.00000000E+00   8.29347278E+08   0.29954545      
  25               1.62636194E-02   1.97652643E-02   473.21257110     1.18345947E-06   3.02532609E+17   1.36132619E+07   0.00000000E+00   8.22287114E+08   0.2994683       
  26               1.88030155E-02   2.25992335E-02   485.81808947     1.31803315E-06   3.36934798E+17   1.36132619E+07   0.00000000E+00   8.15111563E+08   0.29939644      
  27               2.17389119E-02   2.58118138E-02   497.45011232     1.47019473E-06   3.75832930E+17   1.36132619E+07   0.00000000E+00   8.07813571E+08   0.29938578      
  28               2.51332183E-02   2.94500277E-02   511.33184465     1.63187961E-06   4.17165809E+17   1.36132619E+07   0.00000000E+00   8.00385830E+08   0.29932627      
  29               2.90575105E-02   3.35662844E-02   524.44425937     1.81346341E-06   4.63585425E+17   1.36132619E+07   0.00000000E+00   7.92819174E+08   0.29927738      
  30               3.35945403E-02   3.82203543E-02   539.92731858     2.00568980E-06   5.12725888E+17   1.36132619E+07   0.00000000E+00   7.85102207E+08   0.29917545      
  31               3.88399805E-02   4.34763153E-02   554.98291610     2.21961243E-06   5.67412573E+17   1.36132619E+07   0.00000000E+00   7.77224829E+08   0.29909397      
  32               4.49044419E-02   4.94023681E-02   572.81138371     2.44365429E-06   6.24686279E+17   1.36132619E+07   0.00000000E+00   7.69178328E+08   0.29895149      
  33               5.19158062E-02   5.60700595E-02   590.73064310     2.68933492E-06   6.87491538E+17   1.36132619E+07   0.00000000E+00   7.60953380E+08   0.29882402      
  34               6.00219227E-02   6.35527977E-02   611.89560840     2.94279780E-06   7.52286342E+17   1.36132619E+07   0.00000000E+00   7.52542182E+08   0.29862461      
  35               6.93937253E-02   7.19130137E-02   635.32394210     3.20711942E-06   8.19856996E+17   1.35631933E+07   5.00685539E+04   7.43936610E+08   0.29842534      
  36               8.02288381E-02   8.12489366E-02   658.43822861     3.49627316E-06   8.93775586E+17   1.34627427E+07   1.50519230E+05   7.35120094E+08   0.29817795      
  37               9.27557418E-02   9.16723757E-02   683.02074001     3.80283304E-06   9.72143630E+17   1.33170536E+07   2.96208291E+05   7.26080378E+08   0.29791326      
  38               1.07238592E-01   1.03297722E-01   707.26381901     4.13820597E-06   1.05787692E+18   1.31332072E+07   4.80054638E+05   7.16813227E+08   0.29755499      
  39               1.23982789E-01   1.16245021E-01   733.03560352     4.49319021E-06   1.14861671E+18   1.29181482E+07   6.95113683E+05   7.07318196E+08   0.29718853      
  40               1.43341420E-01   1.30636278E-01   758.38484291     4.88067807E-06   1.24767075E+18   1.26836200E+07   9.29641872E+05   6.97600097E+08   0.29672825      
  41               1.65722701E-01   1.46613555E-01   785.30519651     5.28985676E-06   1.35226402E+18   1.24414584E+07   1.17180346E+06   6.87656555E+08   0.29630723      
  42               1.91598587E-01   1.64360650E-01   811.79245410     5.73668410E-06   1.46648856E+18   1.22088519E+07   1.40440995E+06   6.77468885E+08   0.29577369      
  43               2.21514726E-01   1.84059975E-01   839.96282568     6.20879296E-06   1.58717616E+18   1.19978869E+07   1.61537493E+06   6.67030884E+08   0.29524615      
  44               2.56101960E-01   2.05889902E-01   867.63001867     6.72369777E-06   1.71880385E+18   1.18222554E+07   1.79100691E+06   6.56346618E+08   0.29453376      
  45               2.96089634E-01   2.30031499E-01   896.97960793     7.26628964E-06   1.85750751E+18   1.16904477E+07   1.92281442E+06   6.45424529E+08   0.2938261       
  46               3.42320969E-01   2.56660612E-01   925.68678812     7.85606896E-06   2.00826491E+18   1.16085554E+07   2.00470674E+06   6.34279064E+08   0.29296291      
  47               3.95770849E-01   2.85988987E-01   956.06791481     8.47571577E-06   2.16663824E+18   1.15803785E+07   2.03288349E+06   6.22913319E+08   0.29215291      
  48               4.57566375E-01   3.18304176E-01   985.77588870     9.14897936E-06   2.33878330E+18   1.16043365E+07   2.00892556E+06   6.11308663E+08   0.29119314      
  49               5.29010634E-01   3.53890935E-01   1017.26116735    9.85680561E-06   2.51978108E+18   1.16702211E+07   1.94304084E+06   5.99458233E+08   0.29030879      
  50               6.11610175E-01   3.93024015E-01   1048.01126288    1.06252881E-05   2.71630778E+18   1.17717628E+07   1.84149918E+06   5.87366021E+08   0.28927326      
  51               7.07106781E-01   4.35981619E-01   1080.54339698    1.14314675E-05   2.92248173E+18   1.19073288E+07   1.70593307E+06   5.75040115E+08   0.28832076      
  52               8.17514195E-01   4.83059129E-01   1112.23296588    1.23046346E-05   3.14579466E+18   1.20765260E+07   1.53673586E+06   5.62487671E+08   0.28720615      
  53               9.45160584E-01   5.34570668E-01   1145.70288901    1.32186602E-05   3.37955062E+18   1.22794497E+07   1.33381250E+06   5.49715151E+08   0.28617299      
  54               1.09273764E+00   5.90974794E-01   1178.30235493    1.42088063E-05   3.63277125E+18   1.25099547E+07   1.10330736E+06   5.36700320E+08   0.28493981      
  55               1.26335732E+00   6.52768136E-01   1212.80950162    1.52477195E-05   3.89845204E+18   1.27584529E+07   8.54809174E+05   5.23424525E+08   0.28379348      
  56               1.46061751E+00   7.20460097E-01   1246.45142841    1.63744597E-05   4.18658981E+18   1.30172724E+07   5.95989679E+05   5.09877271E+08   0.28242597      
  57               1.68867783E+00   7.94602023E-01   1282.06394438    1.75576802E-05   4.48916760E+18   1.32755059E+07   3.37755979E+05   4.96049669E+08   0.28120089      
  58               1.95234742E+00   8.75834106E-01   1316.81536944    1.88416122E-05   4.81751201E+18   1.35191457E+07   9.41162138E+04   4.81926404E+08   0.27979285      
  59               2.25718628E+00   9.64964570E-01   1353.67254772    2.01935012E-05   5.16325514E+18   1.36132619E+07   0.00000000E+00   4.67476614E+08   0.2786443       
  60               2.60962258E+00   1.06308558E+00   1387.48735910    2.17042268E-05   5.54964279E+18   1.36132619E+07   0.00000000E+00   4.52655378E+08   0.27744968      
  61               3.01708817E+00   1.17159130E+00   1422.76837556    2.33259920E-05   5.96441390E+18   1.36132619E+07   0.00000000E+00   4.37405682E+08   0.27632371      
  62               3.48817529E+00   1.29163072E+00   1456.12067402    2.51266204E-05   6.42490686E+18   1.36132620E+07   0.00000000E+00   4.21725976E+08   0.27496009      
  63               4.03281780E+00   1.42368781E+00   1492.00996052    2.70324940E-05   6.91144545E+18   1.36132620E+07   0.00000000E+00   4.05702242E+08   0.27370322      
  64               4.66250061E+00   1.56738091E+00   1527.18638828    2.90753710E-05   7.43375681E+18   1.36132620E+07   0.00000000E+00   3.89494192E+08   0.27224767      
  65               5.39050188E+00   1.72048998E+00   1566.33977037    3.11278786E-05   7.95594938E+18   1.34311077E+07   1.82154535E+05   3.73399523E+08   0.27088323      
  66               6.23217301E+00   1.88026056E+00   1604.36696948    3.32139901E-05   8.48868004E+18   1.26260667E+07   9.87195932E+05   3.57686384E+08   0.26934412      
  67               7.20526240E+00   2.04450935E+00   1640.85465140    3.53175236E-05   9.02495047E+18   1.15223361E+07   2.09092667E+06   3.42521078E+08   0.2681439       
  68               8.33028963E+00   2.20712083E+00   1674.82384883    3.73626733E-05   9.54515122E+18   1.01944097E+07   3.41885803E+06   3.28364999E+08   0.2667364       
  69               9.63097823E+00   2.36035696E+00   1704.95114300    3.92692645E-05   1.00274750E+19   8.79705876E+06   4.81622188E+06   3.15713916E+08   0.26567086      
  70               1.11347559E+01   2.49764568E+00   1730.76238083    4.09533471E-05   1.04524770E+19   7.59488599E+06   6.01837611E+06   3.04887839E+08   0.2644675       
  71               1.28733329E+01   2.63822727E+00   1755.88220770    4.26602308E-05   1.08828506E+19   6.64419563E+06   6.97774404E+06   2.94251847E+08   0.26360368      
  72               1.48833708E+01   2.76034929E+00   1776.99867752    4.41168283E-05   1.12513018E+19   5.87543437E+06   7.74424759E+06   2.85349634E+08   0.26251054      
  73               1.72072553E+01   2.85877670E+00   1793.28378119    4.52745543E-05   1.15466779E+19   5.42741343E+06   8.19568651E+06   2.78385182E+08   0.26197414      
  74               1.98939903E+01   2.96792850E+00   1811.07690249    4.65408789E-05   1.18697721E+19   5.19728017E+06   8.41605280E+06   2.70865723E+08   0.26101634      
  75               2.30002312E+01   3.08915643E+00   1829.93281599    4.79420940E-05   1.22273008E+19   4.97870714E+06   8.63459535E+06   2.62750005E+08   0.26029207      
  76               2.65914795E+01   3.22339004E+00   1850.42393518    4.94686336E-05   1.26173300E+19   4.52641394E+06   9.08684760E+06   2.54033589E+08   0.25918573      
  77               3.07434641E+01   3.32133937E+00   1864.63125144    5.06295053E-05   1.29016761E+19   3.93578573E+06   9.70901284E+06   2.47843536E+08   0.25869707      
  78               3.55437382E+01   3.38765485E+00   1874.37208397    5.13708244E-05   1.30908904E+19   3.57405241E+06   1.00419587E+07   2.43731518E+08   0.25804519      
  79               4.10935254E+01   3.46051294E+00   1884.48811680    5.21924705E-05   1.33006515E+19   3.40447852E+06   1.02092564E+07   2.39281971E+08   0.25737647      
  80               4.75098546E+01   3.54076591E+00   1895.82028580    5.30824900E-05   1.35277600E+19   3.27096915E+06   1.03424396E+07   2.34460476E+08   0.25685958      
  81               5.49280272E+01   3.63012460E+00   1907.79392882    5.40795644E-05   1.37821163E+19   3.14271186E+06   1.04707774E+07   2.29186422E+08   0.25615802      
  82               6.35044707E+01   3.72988928E+00   1921.26059364    5.51751992E-05   1.40616248E+19   3.02011640E+06   1.05933998E+07   2.23410938E+08   0.25550193      
  83               7.34200373E+01   3.84087900E+00   1935.50307593    5.63975339E-05   1.43735022E+19   2.88812179E+06   1.07254005E+07   2.17119051E+08   0.25464972      
  84               8.48838171E+01   3.96415623E+00   1951.29660477    5.77349242E-05   1.47147644E+19   2.76559037E+06   1.08479666E+07   2.10287274E+08   0.25383643      
  85               9.81375475E+01   4.10065729E+00   1967.92678764    5.92162489E-05   1.50928195E+19   2.64645137E+06   1.09671135E+07   2.02904894E+08   0.25278251      
  86               1.13460711E+02   4.25214837E+00   1986.19910650    6.08365632E-05   1.55064173E+19   2.54481377E+06   1.10687921E+07   1.94923394E+08   0.25175616      
  87               1.31176428E+02   4.41991990E+00   2005.42626231    6.26277701E-05   1.59636994E+19   2.43393361E+06   1.11796851E+07   1.86328259E+08   0.25045298      
  88               1.51658271E+02   4.60535094E+00   2026.29382157    6.45797604E-05   1.64621346E+19   2.32630392E+06   1.12873675E+07   1.77107832E+08   0.24921492      
  89               1.75338142E+02   4.80988819E+00   2048.13408978    6.67246215E-05   1.70099264E+19   2.21173056E+06   1.14019565E+07   1.67254537E+08   0.24765621      
  90               2.02715380E+02   5.03505818E+00   2071.55962791    6.90534609E-05   1.76048729E+19   2.10079379E+06   1.15129623E+07   1.56764546E+08   0.24616874      
  91               2.34367291E+02   5.28249397E+00   2095.93993326    7.15983367E-05   1.82551757E+19   1.98490303E+06   1.16288817E+07   1.45636502E+08   0.24428668      
  92               2.70961321E+02   5.55395100E+00   2121.79706351    7.43531584E-05   1.89593760E+19   1.87309246E+06   1.17407908E+07   1.33871270E+08   0.24253753      
  93               3.13269130E+02   5.85132086E+00   2148.57989082    7.73492951E-05   1.97255102E+19   1.75825377E+06   1.18556732E+07   1.21471326E+08   0.24036513      
  94               3.62182865E+02   6.17665254E+00   2176.69389553    8.05851454E-05   2.05533043E+19   1.64849525E+06   1.19648424E+07   1.08440515E+08   0.2383375       
  95               4.18733975E+02   6.53217096E+00   2205.69417426    8.40910211E-05   2.14505329E+19   1.54058921E+06   1.20741792E+07   9.47833458E+07   0.23614988      
  96               4.84114957E+02   6.92029348E+00   2235.92269118    8.78686501E-05   2.24178299E+19   1.43251737E+06   1.21828360E+07   8.05049942E+07   0.23305505      
  97               5.59704502E+02   7.34369304E+00   2266.72144051    9.19608735E-05   2.34661694E+19   1.33021405E+06   1.22846751E+07   6.56102519E+07   0.23036025      
  98               6.47096573E+02   7.80529104E+00   2298.77699511    9.63578278E-05   2.45933731E+19   1.22864281E+06   1.23874175E+07   5.01035241E+07   0.22708347      
  99               7.48134013E+02   8.30799584E+00   2331.12761846    1.01127254E-04   2.58140448E+19   1.12836559E+06   1.24882507E+07   3.39989398E+07   0.22381268      
  100              8.64947405E+02   8.85532501E+00   2364.64299237    1.06233830E-04   2.71246888E+19   1.03526789E+06   1.25815948E+07   1.73001633E+07   0.22015174      
  101              1.00000000E+03   9.45144155E+00   2398.25459579    1.11764120E-04   2.85449053E+19   9.82627106E+05   1.26337197E+07   0.00000000E+00   0.21664087      
