# ATMO pressure-temperature profile
# Effective temperature = 900.0K
# log(g) = 4.5cm/s^2
# M/H = 0.0
# Optical depth grid in band 17 (1.20-1.33microns)
# All parameters in cgs units
#
# Model Level      Optical Depth    Pressure         Temperature      Density          Number Density   Rad Flux         Conv Flux        Radial Extension Adiabatic Gradient
#                                   [Ba]             [K]              [g/cm^3]         [/cm^3]          [ergs/s/cm^2/sr] [ergs/s/cm^2/sr] [cm]             [K/Ba]          
  1                5.00000000E-05   1.00000000E-05   276.77721850     1.02360541E-09   2.61695045E+14   3.72000243E+07   0.00000000E+00   1.63658900E+07   0.30330731      
  2                5.91534807E-05   5.72548906E-04   325.82584244     4.97843056E-08   1.27277871E+16   3.72000243E+07   0.00000000E+00   1.38738916E+07   0.30182662      
  3                6.99826855E-05   1.19652499E-03   339.85774494     9.97447315E-08   2.55006026E+16   3.72000243E+07   0.00000000E+00   1.35938795E+07   0.30118006      
  4                8.27943887E-05   1.91219543E-03   358.16034628     1.51258564E-07   3.86705737E+16   3.72000243E+07   0.00000000E+00   1.34096292E+07   0.30079971      
  5                9.79515255E-05   2.73958120E-03   364.44357365     2.12970359E-07   5.44477228E+16   3.72000243E+07   0.00000000E+00   1.32638524E+07   0.30058526      
  6                1.15883473E-04   3.70025872E-03   378.74235378     2.76791645E-07   7.07642741E+16   3.72000243E+07   0.00000000E+00   1.31387281E+07   0.30039356      
  7                1.37098216E-04   4.81743383E-03   383.27977846     3.56094784E-07   9.10386252E+16   3.72000243E+07   0.00000000E+00   1.30261997E+07   0.30026995      
  8                1.62196734E-04   6.11866882E-03   396.01180420     4.37737829E-07   1.11911484E+17   3.72000243E+07   0.00000000E+00   1.29219762E+07   0.30014792      
  9                1.91890027E-04   7.63508609E-03   399.77924689     5.41077032E-07   1.38331005E+17   3.72000243E+07   0.00000000E+00   1.28234431E+07   0.30006314      
  10               2.27019260E-04   9.40339280E-03   411.91977684     6.46750438E-07   1.65347554E+17   3.72000243E+07   0.00000000E+00   1.27289153E+07   0.29997375      
  11               2.68579588E-04   1.14653442E-02   415.42570850     7.81917692E-07   1.99903118E+17   3.72000243E+07   0.00000000E+00   1.26372236E+07   0.29996558      
  12               3.17748350E-04   1.38699855E-02   427.58833700     9.19003017E-07   2.34950296E+17   3.72000243E+07   0.00000000E+00   1.25475197E+07   0.29992053      
  13               3.75918418E-04   1.66741050E-02   431.28153132     1.09533906E-06   2.80031903E+17   3.72000243E+07   0.00000000E+00   1.24591377E+07   0.29979203      
  14               4.44737657E-04   1.99436606E-02   443.87362723     1.27295120E-06   3.25440330E+17   3.72000243E+07   0.00000000E+00   1.23715771E+07   0.29967092      
  15               5.26155608E-04   2.37534044E-02   448.17374759     1.50159411E-06   3.83888665E+17   3.72000243E+07   0.00000000E+00   1.22844377E+07   0.29963181      
  16               6.22478712E-04   2.81895262E-02   461.69828866     1.72983587E-06   4.42237281E+17   3.72000243E+07   0.00000000E+00   1.21973964E+07   0.29962829      
  17               7.36435649E-04   3.33478108E-02   467.24931765     2.02206138E-06   5.16945183E+17   3.72000243E+07   0.00000000E+00   1.21101785E+07   0.29960572      
  18               8.71254639E-04   3.93513734E-02   479.86776621     2.32333685E-06   5.93969514E+17   3.72000243E+07   0.00000000E+00   1.20225882E+07   0.29954685      
  19               1.03075489E-03   4.63339747E-02   485.88201692     2.70190886E-06   6.90708135E+17   3.72000243E+07   0.00000000E+00   1.19344569E+07   0.29949467      
  20               1.21945479E-03   5.44493522E-02   499.20593406     3.09039709E-06   7.90021331E+17   3.72000243E+07   0.00000000E+00   1.18456460E+07   0.29944163      
  21               1.44269991E-03   6.38715242E-02   506.06324110     3.57605182E-06   9.14172867E+17   3.72000243E+07   0.00000000E+00   1.17560184E+07   0.29939848      
  22               1.70681442E-03   7.48025312E-02   520.23599230     4.07395825E-06   1.04145795E+18   3.72000243E+07   0.00000000E+00   1.16654556E+07   0.29933494      
  23               2.01928028E-03   8.74738970E-02   528.00591062     4.69397025E-06   1.19995658E+18   3.72000243E+07   0.00000000E+00   1.15738240E+07   0.29926949      
  24               2.38894914E-03   1.02150711E-01   543.23954686     5.32782614E-06   1.36199608E+18   3.72000243E+07   0.00000000E+00   1.14810158E+07   0.2991817       
  25               2.82629313E-03   1.19132347E-01   552.22127553     6.11246673E-06   1.56258051E+18   3.72000243E+07   0.00000000E+00   1.13869143E+07   0.29911053      
  26               3.34370152E-03   1.38762497E-01   568.73923221     6.91286838E-06   1.76719616E+18   3.72000243E+07   0.00000000E+00   1.12914181E+07   0.29902961      
  27               3.95583167E-03   1.61420208E-01   579.16015950     7.89693334E-06   2.01876173E+18   3.72000243E+07   0.00000000E+00   1.11944436E+07   0.29894536      
  28               4.68002425E-03   1.87533177E-01   597.20762079     8.89716192E-06   2.27446160E+18   3.72000243E+07   0.00000000E+00   1.10959288E+07   0.29881251      
  29               5.53679448E-03   2.17565805E-01   609.43430858     1.01149169E-05   2.58576812E+18   3.72000244E+07   0.00000000E+00   1.09958168E+07   0.29867422      
  30               6.55041330E-03   2.52048741E-01   629.40278862     1.13462927E-05   2.90055904E+18   3.72000242E+07   0.00000000E+00   1.08940289E+07   0.29851827      
  31               7.74959494E-03   2.91590672E-01   643.73889443     1.28339936E-05   3.28087525E+18   3.72000244E+07   0.00000000E+00   1.07904073E+07   0.29838057      
  32               9.16831029E-03   3.36892313E-01   665.90207505     1.43343601E-05   3.66443121E+18   3.72000242E+07   0.00000000E+00   1.06847879E+07   0.29819338      
  33               1.08467493E-02   3.88692956E-01   682.87817001     1.61272690E-05   4.12277164E+18   3.72000244E+07   0.00000000E+00   1.05770507E+07   0.29796674      
  34               1.28324595E-02   4.47804506E-01   707.80616900     1.79255074E-05   4.58247343E+18   3.72000240E+07   0.00000000E+00   1.04671106E+07   0.29765042      
  35               1.51816929E-02   5.15086498E-01   727.92946292     2.00487822E-05   5.12526951E+18   3.72000245E+07   0.00000000E+00   1.03548780E+07   0.29729313      
  36               1.79609996E-02   5.91461533E-01   755.87507596     2.21704432E-05   5.66764081E+18   3.72000239E+07   0.00000000E+00   1.02403213E+07   0.29685408      
  37               2.12491128E-02   6.77899435E-01   779.23316446     2.46489038E-05   6.30120608E+18   3.72000242E+07   0.00000000E+00   1.01233933E+07   0.29640289      
  38               2.51391797E-02   7.75653511E-01   810.29884462     2.71221957E-05   6.93343395E+18   3.72000241E+07   0.00000000E+00   1.00038365E+07   0.2958577       
  39               2.97413996E-02   8.85995434E-01   837.05454640     2.99902369E-05   7.66661340E+18   3.72000239E+07   0.00000000E+00   9.88149094E+06   0.29525793      
  40               3.51861462E-02   1.01033848E+00   871.26277760     3.28563878E-05   8.39930924E+18   3.72000240E+07   0.00000000E+00   9.75622826E+06   0.29450993      
  41               4.16276604E-02   1.15005286E+00   900.98932799     3.61659952E-05   9.24536362E+18   3.72000237E+07   0.00000000E+00   9.62805983E+06   0.29369629      
  42               4.92484201E-02   1.30654302E+00   937.55459989     3.94848778E-05   1.00937602E+19   3.72000240E+07   0.00000000E+00   9.49710496E+06   0.29276018      
  43               5.82643093E-02   1.48152174E+00   969.24024392     4.33095949E-05   1.10713972E+19   3.72000233E+07   0.00000000E+00   9.36329815E+06   0.29180732      
  44               6.89307339E-02   1.67712026E+00   1007.22634842    4.71795007E-05   1.20604349E+19   3.72000242E+07   0.00000000E+00   9.22646303E+06   0.29074624      
  45               8.15498567E-02   1.89571050E+00   1039.85791279    5.16550032E-05   1.32045576E+19   3.72000229E+07   0.00000000E+00   9.08644049E+06   0.2896592       
  46               9.64791575E-02   2.14015068E+00   1078.33935515    5.62341317E-05   1.43752278E+19   3.72000244E+07   0.00000000E+00   8.94301825E+06   0.28845658      
  47               1.14141560E-01   2.41347082E+00   1111.12035786    6.15444105E-05   1.57328277E+19   3.72000227E+07   0.00000000E+00   8.79609945E+06   0.28725985      
  48               1.35037411E-01   2.71908836E+00   1149.60902589    6.70155351E-05   1.71316422E+19   3.72000245E+07   0.00000000E+00   8.64561336E+06   0.28598292      
  49               1.59758657E-01   3.06111413E+00   1182.30299514    7.33583459E-05   1.87532512E+19   3.72000231E+07   0.00000000E+00   8.49135583E+06   0.2847522       
  50               1.89005613E-01   3.44424210E+00   1220.91288883    7.99291217E-05   2.04331269E+19   3.72000242E+07   0.00000000E+00   8.33313389E+06   0.28347167      
  51               2.23606798E-01   3.87417419E+00   1253.69349685    8.75566971E-05   2.23827585E+19   3.72000241E+07   0.00000000E+00   8.17061539E+06   0.28225084      
  52               2.64542408E-01   4.35872893E+00   1292.55857987    9.55486747E-05   2.44250503E+19   3.72000245E+07   0.00000000E+00   8.00308787E+06   0.28097072      
  53               3.12972084E-01   4.90907153E+00   1325.42625007    1.04949007E-04   2.68268470E+19   3.72000245E+07   0.00000000E+00   7.82929479E+06   0.27974373      
  54               3.70267763E-01   5.54259541E+00   1364.56266156    1.15097325E-04   2.94201941E+19   3.72000269E+07   0.00000000E+00   7.64701294E+06   0.27845048      
  55               4.38052539E-01   6.27993163E+00   1397.57910280    1.27326029E-04   3.25465049E+19   3.72000233E+07   0.00000000E+00   7.45440386E+06   0.27720069      
  56               5.18246648E-01   7.14533194E+00   1437.22780082    1.40869452E-04   3.60099600E+19   3.72000294E+07   0.00000000E+00   7.25006369E+06   0.27584531      
  57               6.13121862E-01   8.15463782E+00   1470.66058014    1.57108091E-04   4.01622527E+19   3.72000266E+07   0.00000000E+00   7.03551960E+06   0.27453197      
  58               7.25365844E-01   9.32354259E+00   1511.19944179    1.74806413E-04   4.46873925E+19   3.72000277E+07   0.00000000E+00   6.81246799E+06   0.27316022      
  59               8.58158289E-01   1.06618498E+01   1545.57474856    1.95447570E-04   4.99652871E+19   3.72000314E+07   0.00000000E+00   6.58350620E+06   0.27186609      
  60               1.01526100E+00   1.21709432E+01   1587.77051912    2.17207571E-04   5.55216470E+19   3.72000280E+07   0.00000000E+00   6.35188622E+06   0.27049144      
  61               1.20112443E+00   1.38468894E+01   1624.26861574    2.41559926E-04   6.17476180E+19   3.72000327E+07   0.00000000E+00   6.12051387E+06   0.26916788      
  62               1.42101382E+00   1.56661868E+01   1669.38382983    2.65999688E-04   6.79724522E+19   3.72000358E+07   0.00000000E+00   5.89354395E+06   0.26772091      
  63               1.68115827E+00   1.76017993E+01   1709.73373043    2.91817507E-04   7.45683315E+19   3.71819711E+07   0.00000000E+00   5.67384700E+06   0.26624718      
  64               1.98892727E+00   1.96032746E+01   1759.54448069    3.15856587E-04   8.06964099E+19   3.66720008E+07   5.28732841E+05   5.46536977E+06   0.26461121      
  65               2.35303941E+00   2.15560493E+01   1803.92101104    3.38913048E-04   8.65520762E+19   3.32869372E+07   3.91339884E+06   5.27662473E+06   0.26295957      
  66               2.78380943E+00   2.32779771E+01   1840.86332851    3.59092225E-04   9.15903103E+19   2.90986014E+07   8.10187215E+06   5.12052157E+06   0.26171382      
  67               3.29344035E+00   2.46753508E+01   1868.86858796    3.74936599E-04   9.56335793E+19   2.59024639E+07   1.13017985E+07   5.00009260E+06   0.26048304      
  68               3.89636920E+00   2.62189466E+01   1898.80727254    3.92100604E-04   1.00013861E+20   2.37616319E+07   1.34380874E+07   4.87278442E+06   0.25937289      
  69               4.60967600E+00   2.79247921E+01   1929.80839988    4.10889592E-04   1.04809729E+20   2.11324140E+07   1.60664408E+07   4.73839083E+06   0.25836614      
  70               5.45356761E+00   2.93103550E+01   1954.28325337    4.26004622E-04   1.08632408E+20   1.81319715E+07   1.90701879E+07   4.63365965E+06   0.2578107       
  71               6.45195012E+00   3.03633593E+01   1971.91555599    4.37356420E-04   1.11528881E+20   1.61554237E+07   2.10426893E+07   4.55651509E+06   0.25699421      
  72               7.63310614E+00   3.15521333E+01   1991.65189770    4.49967635E-04   1.14746945E+20   1.51151161E+07   2.20835772E+07   4.47177458E+06   0.25628232      
  73               9.03049593E+00   3.28887272E+01   2012.70794080    4.64112450E-04   1.18356509E+20   1.42474978E+07   2.29524922E+07   4.37928402E+06   0.25528368      
  74               1.06837053E+01   3.43833891E+01   2035.82655975    4.79682990E-04   1.22330217E+20   1.34098148E+07   2.37971596E+07   4.27911016E+06   0.25441378      
  75               1.26395671E+01   3.60613089E+01   2060.42147417    4.97059325E-04   1.26768473E+20   1.19259002E+07   2.53529975E+07   4.17044508E+06   0.25362329      
  76               1.49534878E+01   3.73245387E+01   2078.65076921    5.10390812E-04   1.30058505E+20   1.00389106E+07   2.72375004E+07   4.09112654E+06   0.2532673       
  77               1.76910170E+01   3.82476357E+01   2091.36811476    5.19825339E-04   1.32464636E+20   8.99661723E+06   2.82016794E+07   4.03445471E+06   0.25262352      
  78               2.09297047E+01   3.93057600E+01   2105.98851302    5.30488751E-04   1.35184232E+20   8.63146834E+06   2.85666914E+07   3.97073556E+06   0.25213634      
  79               2.47612977E+01   4.05143534E+01   2121.94972947    5.42675978E-04   1.38292829E+20   8.31391294E+06   2.88840843E+07   3.89950409E+06   0.25133172      
  80               2.92943389E+01   4.18931504E+01   2140.00454891    5.56395960E-04   1.41792795E+20   8.02898360E+06   2.91689607E+07   3.82015568E+06   0.25069195      
  81               3.46572422E+01   4.34607915E+01   2159.62575580    5.71955028E-04   1.45762219E+20   7.71012628E+06   2.94877716E+07   3.73227896E+06   0.24972813      
  82               4.10019301E+01   4.52371544E+01   2181.44281708    5.89357331E-04   1.50202543E+20   7.39154752E+06   2.98063097E+07   3.63552659E+06   0.24892139      
  83               4.85081376E+01   4.72433344E+01   2204.95780138    6.08904868E-04   1.55190846E+20   7.04080313E+06   3.01570233E+07   3.52962412E+06   0.24776144      
  84               5.73885036E+01   4.95018551E+01   2230.68348337    6.30624896E-04   1.60734596E+20   6.69079849E+06   3.05070059E+07   3.41436797E+06   0.24675156      
  85               6.78945948E+01   5.20367094E+01   2258.16894672    6.54810665E-04   1.66908800E+20   6.31591679E+06   3.08818777E+07   3.28962676E+06   0.24533292      
  86               8.03240320E+01   5.48737528E+01   2287.78440708    6.81525203E-04   1.73730235E+20   5.94542632E+06   3.12523698E+07   3.15532936E+06   0.24409882      
  87               9.50289215E+01   5.80408066E+01   2319.17034915    7.11044887E-04   1.81270290E+20   5.55566015E+06   3.16421549E+07   3.01146060E+06   0.24243977      
  88               1.12425830E+02   6.15675073E+01   2352.52411368    7.43560003E-04   1.89558527E+20   5.17567204E+06   3.20221772E+07   2.85807796E+06   0.24098876      
  89               1.33007583E+02   6.54869592E+01   2387.62319305    7.79182457E-04   1.98662033E+20   4.80375571E+06   3.23941516E+07   2.69524266E+06   0.23906214      
  90               1.57357229E+02   6.98360564E+01   2424.47485049    8.18192717E-04   2.08635335E+20   4.45607889E+06   3.27418991E+07   2.52299526E+06   0.23739971      
  91               1.86164557E+02   7.46546461E+01   2463.05712276    8.60815311E-04   2.19537238E+20   4.11173012E+06   3.30863483E+07   2.34142769E+06   0.23523952      
  92               2.20245630E+02   7.99866884E+01   2503.12422575    9.07374889E-04   2.31452115E+20   3.78427686E+06   3.34139307E+07   2.15064169E+06   0.23337041      
  93               2.60565913E+02   8.58827177E+01   2544.92502748    9.58062147E-04   2.44431192E+20   3.46652160E+06   3.37318386E+07   1.95066891E+06   0.23093481      
  94               3.08267614E+02   9.24019018E+01   2587.93687759    1.01341918E-03   2.58614618E+20   3.17039103E+06   3.40281459E+07   1.74144876E+06   0.22890245      
  95               3.64702046E+02   9.96117599E+01   2632.79822167    1.07358835E-03   2.74043103E+20   2.88598619E+06   3.43127485E+07   1.52286635E+06   0.22622065      
  96               4.31467909E+02   1.07590668E+02   2678.58597683    1.13941501E-03   2.90934250E+20   2.61028713E+06   3.45886675E+07   1.29473461E+06   0.22299916      
  97               5.10456573E+02   1.16429782E+02   2726.00527091    1.21115438E-03   3.09359341E+20   2.36081014E+06   3.48383775E+07   1.05679296E+06   0.2202378       
  98               6.03905660E+02   1.26233854E+02   2774.53692808    1.28966830E-03   3.29542304E+20   2.12480910E+06   3.50746362E+07   8.08725167E+05   0.21675126      
  99               7.14462436E+02   1.37123925E+02   2824.40401831    1.37558815E-03   3.51651323E+20   1.92082983E+06   3.52788845E+07   5.50171662E+05   0.2141168       
  100              8.45258798E+02   1.49237873E+02   2875.79297227    1.46963212E-03   3.75878316E+20   1.72875943E+06   3.54712406E+07   2.80745082E+05   0.21047091      
  101              1.00000000E+03   1.62736532E+02   2928.06053022    1.57309647E-03   4.02560211E+20   1.63164002E+06   3.55685187E+07   0.00000000E+00   0.20800862      
