# ATMO pressure-temperature profile
# Effective temperature = 1700.0K
# log(g) = 3.0cm/s^2
# M/H = 0.0
# Optical depth grid in band 17 (1.20-1.33microns)
# All parameters in cgs units
#
# Model Level      Optical Depth    Pressure         Temperature      Density          Number Density   Rad Flux         Conv Flux        Radial Extension Adiabatic Gradient
#                                   [Ba]             [K]              [g/cm^3]         [/cm^3]          [ergs/s/cm^2/sr] [ergs/s/cm^2/sr] [cm]             [K/Ba]          
  1                1.00000000E-05   1.00000000E-05   427.30934564     6.63493118E-10   1.69505365E+14   4.73556448E+08   0.00000000E+00   6.89550672E+08   0.29801057      
  2                1.20226443E-05   1.61937469E-05   495.60619978     9.26380066E-10   2.36666319E+14   4.73556448E+08   0.00000000E+00   6.81650418E+08   0.29785191      
  3                1.44543977E-05   2.30532526E-05   534.27314204     1.22333893E-09   3.12532154E+14   4.73556449E+08   0.00000000E+00   6.75206872E+08   0.29761394      
  4                1.73780083E-05   3.09769339E-05   551.00034664     1.59390924E-09   4.07204339E+14   4.73556449E+08   0.00000000E+00   6.69532447E+08   0.2974255       
  5                2.08929613E-05   4.02382136E-05   574.97106964     1.98411300E-09   5.06895619E+14   4.73556449E+08   0.00000000E+00   6.64324625E+08   0.29716014      
  6                2.51188643E-05   5.11022274E-05   586.20684589     2.47149782E-09   6.31414838E+14   4.73556450E+08   0.00000000E+00   6.59418631E+08   0.29696678      
  7                3.01995172E-05   6.38769411E-05   606.79702320     2.98445294E-09   7.62476581E+14   4.73556450E+08   0.00000000E+00   6.54714934E+08   0.2966727       
  8                3.63078055E-05   7.89102120E-05   616.24055392     3.63030703E-09   9.27489015E+14   4.73556451E+08   0.00000000E+00   6.50147740E+08   0.29647177      
  9                4.36515832E-05   9.66244173E-05   635.13070718     4.31292985E-09   1.10191886E+15   4.73556451E+08   0.00000000E+00   6.45670973E+08   0.2966598       
  10               5.24807460E-05   1.17523777E-04   643.40400982     5.17830561E-09   1.32302428E+15   4.73556452E+08   0.00000000E+00   6.41248625E+08   0.29652191      
  11               6.30957344E-05   1.42209391E-04   661.34999953     6.09576701E-09   1.55748101E+15   4.73556453E+08   0.00000000E+00   6.36854869E+08   0.29629377      
  12               7.58577575E-05   1.71377574E-04   669.12551035     7.26065652E-09   1.85512101E+15   4.73556453E+08   0.00000000E+00   6.32470498E+08   0.29615172      
  13               9.12010839E-05   2.05852378E-04   686.82843438     8.49621058E-09   2.17086822E+15   4.73556454E+08   0.00000000E+00   6.28081138E+08   0.29590707      
  14               1.09647820E-04   2.46592413E-04   694.49175031     1.00653524E-08   2.57180750E+15   4.73556455E+08   0.00000000E+00   6.23675647E+08   0.29575607      
  15               1.31825674E-04   2.94729753E-04   712.25697391     1.17299091E-08   2.99718196E+15   4.73556455E+08   0.00000000E+00   6.19245477E+08   0.29549276      
  16               1.58489319E-04   3.51582921E-04   719.94109893     1.38432278E-08   3.53717578E+15   4.73556456E+08   0.00000000E+00   6.14783897E+08   0.29533205      
  17               1.90546072E-04   4.18707684E-04   737.84427471     1.60859483E-08   4.11028616E+15   4.73556457E+08   0.00000000E+00   6.10285675E+08   0.29504735      
  18               2.29086765E-04   4.97912506E-04   745.61457258     1.89294757E-08   4.83687080E+15   4.73556457E+08   0.00000000E+00   6.05746688E+08   0.29487332      
  19               2.75422870E-04   5.91328085E-04   763.74074525     2.19472255E-08   5.60800491E+15   4.73556458E+08   0.00000000E+00   6.01163575E+08   0.29456285      
  20               3.31131121E-04   7.01515964E-04   771.62209293     2.57708924E-08   6.58504495E+15   4.73556459E+08   0.00000000E+00   5.96530394E+08   0.29437287      
  21               3.98107171E-04   8.31526401E-04   790.03610009     2.98351270E-08   7.62350950E+15   4.73556459E+08   0.00000000E+00   5.91841719E+08   0.29403465      
  22               4.78630092E-04   9.84919379E-04   798.15654575     3.49792783E-08   8.93796074E+15   4.73556459E+08   0.00000000E+00   5.87093441E+08   0.29382621      
  23               5.75439937E-04   1.16587206E-03   817.02966629     4.04499079E-08   1.03356765E+16   4.73556460E+08   0.00000000E+00   5.82282817E+08   0.2934561       
  24               6.91830971E-04   1.37923555E-03   825.55924390     4.73581167E-08   1.21008545E+16   4.73556460E+08   0.00000000E+00   5.77407935E+08   0.29322504      
  25               8.31763771E-04   1.63070800E-03   845.10057105     5.46978027E-08   1.39763461E+16   4.73556460E+08   0.00000000E+00   5.72467009E+08   0.2928189       
  26               1.00000000E-03   1.92682289E-03   854.29214806     6.39347832E-08   1.63365830E+16   4.73556460E+08   0.00000000E+00   5.67459673E+08   0.29256031      
  27               1.20226443E-03   2.27517144E-03   874.73123922     7.37292203E-08   1.88393247E+16   4.73556459E+08   0.00000000E+00   5.62385963E+08   0.2921113       
  28               1.44543977E-03   2.68442707E-03   884.77193006     8.60042967E-08   2.19758719E+16   4.73556458E+08   0.00000000E+00   5.57246535E+08   0.29181769      
  29               1.73780083E-03   3.16458943E-03   906.33044410     9.89758818E-08   2.52904551E+16   4.73556457E+08   0.00000000E+00   5.52042222E+08   0.29131797      
  30               2.08929613E-03   3.72693148E-03   917.53983598     1.15139607E-07   2.94206538E+16   4.73556456E+08   0.00000000E+00   5.46774492E+08   0.29098464      
  31               2.51188643E-03   4.38474004E-03   940.42642363     1.32164934E-07   3.37710735E+16   4.73556454E+08   0.00000000E+00   5.41442014E+08   0.29042781      
  32               3.01995172E-03   5.15389683E-03   952.88942328     1.53316913E-07   3.91759064E+16   4.73556452E+08   0.00000000E+00   5.36038681E+08   0.29003852      
  33               3.63078055E-03   6.05278687E-03   977.26231403     1.75565908E-07   4.48611157E+16   4.73556451E+08   0.00000000E+00   5.30559804E+08   0.28940834      
  34               4.36515832E-03   7.10202849E-03   991.33667558     2.03075155E-07   5.18904069E+16   4.73556450E+08   0.00000000E+00   5.25002975E+08   0.28895038      
  35               5.24807460E-03   8.32515147E-03   1017.54161958    2.31918159E-07   5.92605669E+16   4.73556449E+08   0.00000000E+00   5.19366931E+08   0.28799915      
  36               6.30957344E-03   9.74815205E-03   1033.46973256    2.67373875E-07   6.83203956E+16   4.73556448E+08   0.00000000E+00   5.13652431E+08   0.28728951      
  37               7.58577575E-03   1.14001201E-02   1061.85875833    3.04324203E-07   7.77621955E+16   4.73556446E+08   0.00000000E+00   5.07861159E+08   0.28618061      
  38               9.12010839E-03   1.33120483E-02   1080.28190028    3.49302185E-07   8.92552201E+16   4.73556441E+08   0.00000000E+00   5.01997042E+08   0.28536232      
  39               1.09647820E-02   1.55177964E-02   1111.51460091    3.95738128E-07   1.01120851E+17   4.73556434E+08   0.00000000E+00   4.96064356E+08   0.2842423       
  40               1.31825674E-02   1.80525498E-02   1132.93696124    4.51674479E-07   1.15414040E+17   4.73556422E+08   0.00000000E+00   4.90068944E+08   0.28356393      
  41               1.58489319E-02   2.09610211E-02   1167.34117345    5.08987325E-07   1.30059018E+17   4.73556405E+08   0.00000000E+00   4.84002997E+08   0.28276599      
  42               1.90546072E-02   2.42923816E-02   1192.30915203    5.77528323E-07   1.47573051E+17   4.73556382E+08   0.00000000E+00   4.77858568E+08   0.28213342      
  43               2.29086765E-02   2.80993844E-02   1230.75712213    6.47166842E-07   1.65367548E+17   4.73556352E+08   0.00000000E+00   4.71631430E+08   0.28119937      
  44               2.75422870E-02   3.24338473E-02   1260.16631341    7.29562096E-07   1.86421690E+17   4.73556313E+08   0.00000000E+00   4.65323365E+08   0.28013239      
  45               3.31131121E-02   3.73485465E-02   1303.37347652    8.12265907E-07   2.07553789E+17   4.73556264E+08   0.00000000E+00   4.58939005E+08   0.27833287      
  46               3.98107171E-02   4.28874461E-02   1338.37997910    9.08339283E-07   2.32100777E+17   4.73556194E+08   0.00000000E+00   4.52490614E+08   0.27621353      
  47               4.78630092E-02   4.90859581E-02   1388.52917419    1.00211725E-06   2.56051959E+17   4.73556081E+08   0.00000000E+00   4.45993662E+08   0.27399078      
  48               5.75439937E-02   5.59301712E-02   1438.88411655    1.10224263E-06   2.81543931E+17   4.72233453E+08   1.37304720E+06   4.39481003E+08   0.27168346      
  49               6.91830971E-02   6.34015051E-02   1488.52764665    1.20798145E-06   3.08509472E+17   4.69832606E+08   3.71537220E+06   4.33005972E+08   0.26946824      
  50               8.31763771E-02   7.13753531E-02   1536.64566071    1.31763527E-06   3.36434385E+17   4.66467878E+08   7.07520450E+06   4.26685413E+08   0.26755753      
  51               1.00000000E-01   7.94549453E-02   1581.23728308    1.42710844E-06   3.63956707E+17   4.62461989E+08   1.10742888E+07   4.20792478E+08   0.26597904      
  52               1.20226443E-01   8.70518917E-02   1620.03407724    1.52601088E-06   3.89206337E+17   4.58330208E+08   1.52026529E+07   4.15644551E+08   0.26455321      
  53               1.44543977E-01   9.43338508E-02   1654.75445910    1.62037793E-06   4.12914223E+17   4.53883453E+08   1.96493554E+07   4.11013107E+08   0.26320183      
  54               1.73780083E-01   1.00781497E-01   1683.75424639    1.70124738E-06   4.33538770E+17   4.49557441E+08   2.39765732E+07   4.07129728E+08   0.26154094      
  55               2.08929613E-01   1.08007461E-01   1714.44205257    1.79049858E-06   4.56306639E+17   4.44328893E+08   2.92062167E+07   4.02989485E+08   0.25965862      
  56               2.51188643E-01   1.16064709E-01   1746.69409189    1.88841350E-06   4.81292589E+17   4.37977094E+08   3.55597783E+07   3.98607690E+08   0.25749869      
  57               3.01995172E-01   1.24979203E-01   1780.17190540    1.99504062E-06   5.08512518E+17   4.30315183E+08   4.32260417E+07   3.94014934E+08   0.25497935      
  58               3.63078055E-01   1.34707481E-01   1814.39301035    2.10954270E-06   5.37757146E+17   4.21347675E+08   5.22027968E+07   3.89272870E+08   0.25222929      
  59               4.36515832E-01   1.45216827E-01   1848.94069513    2.23132118E-06   5.68878868E+17   4.11510639E+08   6.20536425E+07   3.84428891E+08   0.24923758      
  60               5.24807460E-01   1.56765842E-01   1884.37933418    2.36306778E-06   6.02571997E+17   4.01024953E+08   7.25472035E+07   3.79399357E+08   0.24586225      
  61               6.30957344E-01   1.69636783E-01   1921.06944918    2.50769976E-06   6.39591674E+17   3.89461181E+08   8.41153883E+07   3.74112021E+08   0.24201222      
  62               7.58577575E-01   1.83962652E-01   1958.88010951    2.66625972E-06   6.80217256E+17   3.76454972E+08   9.71215737E+07   3.68571698E+08   0.23779468      
  63               9.12010839E-01   1.99892227E-01   1997.64431517    2.83996361E-06   7.24775631E+17   3.61825411E+08   1.11747547E+08   3.62782742E+08   0.23314712      
  64               1.09647820E+00   2.17593001E-01   2037.20541920    3.03017223E-06   7.73634695E+17   3.45508032E+08   1.28059082E+08   3.56748725E+08   0.22796966      
  65               1.31825674E+00   2.37256132E-01   2077.35962464    3.23853561E-06   8.27240138E+17   3.27587256E+08   1.45971345E+08   3.50471759E+08   0.22241994      
  66               1.58489319E+00   2.59099069E-01   2118.00530052    3.46677940E-06   8.86063096E+17   3.08256644E+08   1.65291114E+08   3.43952782E+08   0.21671403      
  67               1.90546072E+00   2.83364570E-01   2159.01061225    3.71686735E-06   9.50641151E+17   2.87727401E+08   1.85808267E+08   3.37192821E+08   0.21084792      
  68               2.29086765E+00   3.10323439E-01   2200.26526690    3.99093851E-06   1.02156352E+18   2.66240898E+08   2.07280429E+08   3.30193063E+08   0.20489726      
  69               2.75422870E+00   3.40276943E-01   2241.65892065    4.29135563E-06   1.09948379E+18   2.44043957E+08   2.29460942E+08   3.22955023E+08   0.19888558      
  70               3.31131121E+00   3.73559487E-01   2283.08423474    4.62071872E-06   1.18512368E+18   2.21390428E+08   2.52097824E+08   3.15480675E+08   0.19287157      
  71               3.98107171E+00   4.10538789E-01   2324.44709914    4.98182274E-06   1.27926456E+18   1.98450013E+08   2.75021706E+08   3.07773074E+08   0.18669145      
  72               4.78630092E+00   4.51541182E-01   2365.48227997    5.37774997E-06   1.38262214E+18   1.75688074E+08   2.97767483E+08   2.99851041E+08   0.18075666      
  73               5.75439937E+00   4.97016422E-01   2406.30389399    5.81048464E-06   1.49604999E+18   1.53891023E+08   3.19548672E+08   2.91715642E+08   0.17528207      
  74               6.91830971E+00   5.47544582E-01   2446.91332270    6.28497419E-06   1.62078997E+18   1.33432321E+08   3.39993607E+08   2.83354102E+08   0.16998582      
  75               8.31763771E+00   6.03656354E-01   2487.27161810    6.80491387E-06   1.75789286E+18   1.14439996E+08   3.58974471E+08   2.74773813E+08   0.16497841      
  76               1.00000000E+01   6.65906268E-01   2527.33100072    7.37404466E-06   1.90843256E+18   9.72788757E+07   3.76125201E+08   2.65985900E+08   0.160377        
  77               1.20226443E+01   7.34944508E-01   2567.14210311    7.99657001E-06   2.07362624E+18   8.23624625E+07   3.91033224E+08   2.56995142E+08   0.15617739      
  78               1.44543977E+01   8.11470068E-01   2606.69482913    8.67708404E-06   2.25480066E+18   6.96603502E+07   4.03729506E+08   2.47808026E+08   0.152148        
  79               1.73780083E+01   8.96238182E-01   2645.92642609    9.42068538E-06   2.45341783E+18   5.90667416E+07   4.14319120E+08   2.38432064E+08   0.14846643      
  80               2.08929613E+01   9.90059468E-01   2684.92490215    1.02320879E-05   2.67088370E+18   5.03001376E+07   4.23081720E+08   2.28875772E+08   0.14513508      
  81               2.51188643E+01   1.09379469E+00   2723.63305877    1.11167799E-05   2.90879457E+18   4.29884691E+07   4.30390412E+08   2.19149063E+08   0.14205184      
  82               3.01995172E+01   1.20836005E+00   2762.09271670    1.20799964E-05   3.16872058E+18   3.68309656E+07   4.36546491E+08   2.09262584E+08   0.13915248      
  83               3.63078055E+01   1.33473479E+00   2800.21972947    1.31279282E-05   3.45246042E+18   3.16217137E+07   4.41755373E+08   1.99227066E+08   0.1365108       
  84               4.36515832E+01   1.47396537E+00   2838.11082325    1.42660297E-05   3.76169665E+18   2.72176529E+07   4.46158655E+08   1.89052971E+08   0.13418828      
  85               5.24807460E+01   1.62716954E+00   2875.72839653    1.55008249E-05   4.09836638E+18   2.34793561E+07   4.49895725E+08   1.78750244E+08   0.13216205      
  86               6.30957344E+01   1.79554705E+00   2913.17443524    1.68382173E-05   4.46432846E+18   2.02969879E+07   4.53077746E+08   1.68327814E+08   0.13032405      
  87               7.58577575E+01   1.98040206E+00   2950.36648473    1.82859883E-05   4.86186889E+18   1.75794768E+07   4.55796705E+08   1.57792826E+08   0.12865328      
  88               9.12010839E+01   2.18315144E+00   2987.41476611    1.98509565E-05   5.29314973E+18   1.52577397E+07   4.58122832E+08   1.47150918E+08   0.12714012      
  89               1.09647820E+02   2.40533666E+00   3024.24384614    2.15421474E-05   5.76082794E+18   1.32606004E+07   4.60128068E+08   1.36406335E+08   0.12578413      
  90               1.31825674E+02   2.64856753E+00   3060.96922532    2.33668393E-05   6.26726310E+18   1.15337086E+07   4.61870702E+08   1.25564979E+08   0.12454631      
  91               1.58489319E+02   2.91457503E+00   3097.49100130    2.53350322E-05   6.81539492E+18   1.00338729E+07   4.63396002E+08   1.14631906E+08   0.12342449      
  92               1.90546072E+02   3.20527265E+00   3133.94099913    2.74551629E-05   7.40798342E+18   8.73539167E+06   4.64732086E+08   1.03609469E+08   0.12242431      
  93               2.29086765E+02   3.52277303E+00   3170.23832036    2.97392395E-05   8.04856751E+18   7.61061916E+06   4.65908880E+08   9.24978870E+07   0.12155921      
  94               2.75422870E+02   3.86941399E+00   3206.54042193    3.21972599E-05   8.74046058E+18   6.64079128E+06   4.66948110E+08   8.12954133E+07   0.12083702      
  95               3.31131121E+02   4.24776448E+00   3242.77948039    3.48433952E-05   9.48787277E+18   5.79910408E+06   4.67879003E+08   6.99992021E+07   0.12022945      
  96               3.98107171E+02   4.66064581E+00   3279.10562242    3.76895527E-05   1.02947673E+19   5.06727963E+06   4.68721831E+08   5.86055590E+07   0.11970804      
  97               4.78630092E+02   5.11116026E+00   3315.43691499    4.07526933E-05   1.11661786E+19   4.42709410E+06   4.69495906E+08   4.71100565E+07   0.11925599      
  98               5.75439937E+02   5.60272348E+00   3351.92067808    4.40470212E-05   1.21068537E+19   3.86749839E+06   4.70212966E+08   3.55075785E+07   0.11886449      
  99               6.91830971E+02   6.13909540E+00   3388.47096430    4.75927174E-05   1.31227983E+19   3.37630596E+06   4.70887130E+08   2.37925017E+07   0.11853079      
  100              8.31763771E+02   6.72441622E+00   3425.23904298    5.14065726E-05   1.42196708E+19   2.94644804E+06   4.71522182E+08   1.19587631E+07   0.11825488      
  101              1.00000000E+03   7.36324321E+00   3462.13875441    5.55124259E-05   1.54046032E+19   2.74312855E+06   4.71880222E+08   0.00000000E+00   0.11803544      
