# ATMO pressure-temperature profile
# Effective temperature = 400.0K
# log(g) = 4.0cm/s^2
# M/H = 0.0
# Optical depth grid in band 17 (1.20-1.33microns)
# All parameters in cgs units
#
# Model Level      Optical Depth    Pressure         Temperature      Density          Number Density   Rad Flux         Conv Flux        Radial Extension Adiabatic Gradient
#                                   [Ba]             [K]              [g/cm^3]         [/cm^3]          [ergs/s/cm^2/sr] [ergs/s/cm^2/sr] [cm]             [K/Ba]          
  1                5.00000000E-05   1.00000000E-05   47.96433696      5.90979292E-09   1.51010586E+15   1.45139626E+06   0.00000000E+00   2.99865378E+07   0.34574463      
  2                5.91534807E-05   1.90167164E-04   62.36772640      8.64303607E-08   2.20852061E+16   1.45139626E+06   0.00000000E+00   2.91893579E+07   0.31479424      
  3                6.99826855E-05   4.02540122E-04   71.14407471      1.60384039E-07   4.09822953E+16   1.45139626E+06   0.00000000E+00   2.90089791E+07   0.31481976      
  4                8.27943887E-05   6.50314400E-04   78.12047851      2.35965866E-07   6.02954187E+16   1.45139626E+06   0.00000000E+00   2.88816138E+07   0.31483751      
  5                9.79515255E-05   9.32589293E-04   83.29595248      3.17363688E-07   8.10946803E+16   1.45139626E+06   0.00000000E+00   2.87784638E+07   0.31485185      
  6                1.15883473E-04   1.25426553E-03   88.81177493      4.00322174E-07   1.02292732E+17   1.45139626E+06   0.00000000E+00   2.86882163E+07   0.3148642       
  7                1.37098216E-04   1.62317599E-03   93.27881617      4.93257040E-07   1.26040008E+17   1.45139626E+06   0.00000000E+00   2.86051969E+07   0.3148753       
  8                1.62196734E-04   2.04803176E-03   98.48276740      5.89477390E-07   1.50626812E+17   1.45139626E+06   0.00000000E+00   2.85264068E+07   0.31488559      
  9                1.91890027E-04   2.53856252E-03   102.85653445     6.99592933E-07   1.78764721E+17   1.45139626E+06   0.00000000E+00   2.84500215E+07   0.31489535      
  10               2.27019260E-04   3.10586134E-03   108.25487168     8.13246856E-07   2.07807134E+17   1.45139626E+06   0.00000000E+00   2.83748111E+07   0.31490478      
  11               2.68579588E-04   3.76307492E-03   112.78272483     9.45677658E-07   2.41671880E+17   1.45139626E+06   0.00000000E+00   2.82998694E+07   0.31491401      
  12               3.17748350E-04   4.52541018E-03   118.46405671     1.08283542E-06   2.76692373E+17   1.45139626E+06   0.00000000E+00   2.82245350E+07   0.31492313      
  13               3.75918418E-04   5.41019786E-03   123.34008741     1.24336909E-06   3.17712818E+17   1.45139626E+06   0.00000000E+00   2.81482818E+07   0.31852672      
  14               4.44737657E-04   6.43732299E-03   129.54617808     1.40854744E-06   3.59920460E+17   1.45139626E+06   0.00000000E+00   2.80706683E+07   0.3205579       
  15               5.26155608E-04   7.63000423E-03   134.84981092     1.60385688E-06   4.09826726E+17   1.45139626E+06   0.00000000E+00   2.79913166E+07   0.32300553      
  16               6.22478712E-04   9.01544858E-03   141.52283344     1.80572660E-06   4.61409642E+17   1.45139626E+06   0.00000000E+00   2.79099062E+07   0.32423212      
  17               7.36435649E-04   1.06250939E-02   147.32123289     2.04436577E-06   5.22388096E+17   1.45139626E+06   0.00000000E+00   2.78261291E+07   0.32545814      
  18               8.71254639E-04   1.24953052E-02   154.63818199     2.29045248E-06   5.85269607E+17   1.45139626E+06   0.00000000E+00   2.77397019E+07   0.32589364      
  19               1.03075489E-03   1.46686322E-02   161.02666206     2.58215830E-06   6.59808140E+17   1.45139626E+06   0.00000000E+00   2.76503357E+07   0.32599004      
  20               1.21945479E-03   1.71956519E-02   168.86793800     2.88643821E-06   7.37559881E+17   1.45139626E+06   0.00000000E+00   2.75577730E+07   0.32500049      
  21               1.44269991E-03   2.01342982E-02   175.73252559     3.24768289E-06   8.29870232E+17   1.45139626E+06   0.00000000E+00   2.74617933E+07   0.32465711      
  22               1.70681442E-03   2.35509429E-02   184.07333958     3.62663867E-06   9.26708715E+17   1.45139626E+06   0.00000000E+00   2.73622388E+07   0.32411472      
  23               2.01928028E-03   2.75206700E-02   191.48676051     4.07332715E-06   1.04098888E+18   1.45139626E+06   0.00000000E+00   2.72589547E+07   0.32279756      
  24               2.38894914E-03   3.21289358E-02   200.68283089     4.53813965E-06   1.15961002E+18   1.45139626E+06   0.00000000E+00   2.71517721E+07   0.32154804      
  25               2.82629313E-03   3.74746580E-02   208.61824016     5.08873305E-06   1.30110169E+18   1.45139626E+06   0.00000000E+00   2.70405317E+07   0.31952412      
  26               3.34370152E-03   4.36746918E-02   217.91879156     5.68105345E-06   1.45164695E+18   1.45139626E+06   0.00000000E+00   2.69252196E+07   0.31809211      
  27               3.95583167E-03   5.08654540E-02   225.73785098     6.38723218E-06   1.63209103E+18   1.45139626E+06   0.00000000E+00   2.68058472E+07   0.31614414      
  28               4.68002425E-03   5.92085009E-02   234.65412144     7.15233085E-06   1.82760239E+18   1.45139626E+06   0.00000000E+00   2.66824104E+07   0.31475724      
  29               5.53679448E-03   6.88897059E-02   242.04861385     8.06762886E-06   2.06147262E+18   1.45139626E+06   0.00000000E+00   2.65549625E+07   0.31289768      
  30               6.55041330E-03   8.01251994E-02   250.67071257     9.06065751E-06   2.31521521E+18   1.45139626E+06   0.00000000E+00   2.64235492E+07   0.31161049      
  31               7.74959494E-03   9.31695992E-02   258.07337703     1.02335235E-05   2.61491070E+18   1.45139626E+06   0.00000000E+00   2.62880828E+07   0.31006504      
  32               9.16831029E-03   1.08311734E-01   266.97984291     1.14998248E-05   2.93848092E+18   1.45139626E+06   0.00000000E+00   2.61485010E+07   0.30903923      
  33               1.08467493E-02   1.25880241E-01   274.88125651     1.29809544E-05   3.31694505E+18   1.45139626E+06   0.00000000E+00   2.60047086E+07   0.30780578      
  34               1.28324595E-02   1.46252575E-01   284.47944032     1.45729281E-05   3.72373250E+18   1.45139626E+06   0.00000000E+00   2.58565884E+07   0.30697702      
  35               1.51816929E-02   1.69864041E-01   293.27333554     1.64181062E-05   4.19521974E+18   1.45139626E+06   0.00000000E+00   2.57039415E+07   0.30594084      
  36               1.79609996E-02   1.97220648E-01   303.91777619     1.83946050E-05   4.70026256E+18   1.45139626E+06   0.00000000E+00   2.55465231E+07   0.30516704      
  37               2.12491128E-02   2.28898828E-01   313.91469891     2.06693160E-05   5.28150574E+18   1.45139626E+06   0.00000000E+00   2.53840611E+07   0.30421246      
  38               2.51391797E-02   2.65551864E-01   325.98016048     2.30915121E-05   5.90043493E+18   1.45139626E+06   0.00000000E+00   2.52162886E+07   0.30352692      
  39               2.97413996E-02   3.07891480E-01   337.98092053     2.58225830E-05   6.59828890E+18   1.45139625E+06   0.00000000E+00   2.50428999E+07   0.30281231      
  40               3.51861462E-02   3.56665521E-01   353.35671238     2.86115888E-05   7.31094676E+18   1.44936873E+06   2.02753321E+03   2.48634604E+07   0.30230119      
  41               4.16276604E-02   4.12694368E-01   369.27871288     3.16787839E-05   8.09468789E+18   1.43948645E+06   1.19098052E+04   2.46773561E+07   0.30172036      
  42               4.92484201E-02   4.77013309E-01   385.75495889     3.50520207E-05   8.95663380E+18   1.42318854E+06   2.82077182E+04   2.44843380E+07   0.30118132      
  43               5.82643093E-02   5.50784370E-01   402.81764347     3.87588516E-05   9.90373390E+18   1.40054484E+06   5.08514226E+04   2.42841926E+07   0.30075891      
  44               6.89307339E-02   6.35279738E-01   420.47151485     4.28278430E-05   1.09434501E+19   1.37133044E+06   8.00658170E+04   2.40768043E+07   0.30048247      
  45               8.15498567E-02   7.31913476E-01   438.74464664     4.72874273E-05   1.20829715E+19   1.33584191E+06   1.15554348E+05   2.38620742E+07   0.30028728      
  46               9.64791575E-02   8.42304005E-01   457.63929373     5.21727050E-05   1.33312661E+19   1.29499116E+06   1.56405097E+05   2.36398265E+07   0.30008964      
  47               1.14141560E-01   9.68290190E-01   477.18509731     5.75197443E-05   1.46975349E+19   1.25028158E+06   2.01114678E+05   2.34098450E+07   0.29990106      
  48               1.35037411E-01   1.11195311E+00   497.39004248     6.33707264E-05   1.61925492E+19   1.20534294E+06   2.46053320E+05   2.31718914E+07   0.29976074      
  49               1.59758657E-01   1.27557613E+00   518.28534431     6.97704510E-05   1.78263856E+19   1.16390339E+06   2.87492867E+05   2.29258130E+07   0.29966029      
  50               1.89005613E-01   1.46181603E+00   539.88223479     7.67587161E-05   1.96118933E+19   1.12751668E+06   3.23879574E+05   2.26713216E+07   0.29954912      
  51               2.23606798E-01   1.67357692E+00   562.20921923     8.43882399E-05   2.15612312E+19   1.09338520E+06   3.58011059E+05   2.24082094E+07   0.29940368      
  52               2.64542408E-01   1.91410637E+00   585.26375920     9.27146734E-05   2.36886481E+19   1.05904528E+06   3.92350973E+05   2.21362819E+07   0.29923685      
  53               3.12972084E-01   2.18715769E+00   609.08789503     1.01796744E-04   2.60091385E+19   1.02247034E+06   4.28925913E+05   2.18552193E+07   0.29906976      
  54               3.70267763E-01   2.49659480E+00   633.66433251     1.11692026E-04   2.85374155E+19   9.83445248E+05   4.67951010E+05   2.15650213E+07   0.29889913      
  55               4.38052539E-01   2.84685720E+00   659.02206904     1.22461221E-04   3.12889914E+19   9.43584607E+05   5.07811651E+05   2.12655308E+07   0.29868794      
  56               5.18246648E-01   3.24272961E+00   685.14010986     1.34172522E-04   3.42812922E+19   9.04520606E+05   5.46875652E+05   2.09566975E+07   0.29840301      
  57               6.13121862E-01   3.68923376E+00   712.01909515     1.46884538E-04   3.75292921E+19   8.68029151E+05   5.83367107E+05   2.06386399E+07   0.29805403      
  58               7.25365844E-01   4.19265718E+00   739.66682235     1.60688232E-04   4.10562287E+19   8.35671048E+05   6.15725208E+05   2.03109574E+07   0.29766622      
  59               8.58158289E-01   4.75971346E+00   768.11647519     1.75664500E-04   4.48827613E+19   8.08664586E+05   6.42731673E+05   1.99734431E+07   0.2972302       
  60               1.01526100E+00   5.39836491E+00   797.37791854     1.91923433E-04   4.90369978E+19   7.88417211E+05   6.62979049E+05   1.96256204E+07   0.29671909      
  61               1.20112443E+00   6.11738542E+00   827.49475652     2.09571659E-04   5.35459259E+19   7.76172619E+05   6.75223638E+05   1.92671019E+07   0.29611419      
  62               1.42101382E+00   6.92542928E+00   858.41909080     2.28708095E-04   5.84350165E+19   7.73073721E+05   6.78322534E+05   1.88980151E+07   0.29540611      
  63               1.68115827E+00   7.83190892E+00   890.14968562     2.49424057E-04   6.37280200E+19   7.80347745E+05   6.71048513E+05   1.85184833E+07   0.29459576      
  64               1.98892727E+00   8.84814874E+00   922.66959460     2.71856449E-04   6.94595627E+19   7.98341234E+05   6.53055025E+05   1.81282204E+07   0.29369288      
  65               2.35303941E+00   9.98525604E+00   955.97232033     2.96106106E-04   7.56553644E+19   8.25975348E+05   6.25420908E+05   1.77274386E+07   0.29270987      
  66               2.78380943E+00   1.12558735E+01   990.01634040     3.22308111E-04   8.23498247E+19   8.61390979E+05   5.90005279E+05   1.73161415E+07   0.29164313      
  67               3.29344035E+00   1.26725377E+01   1024.78267692    3.50565446E-04   8.95689860E+19   9.02355386E+05   5.49040875E+05   1.68946905E+07   0.29050627      
  68               3.89636920E+00   1.42473903E+01   1060.17499046    3.80984309E-04   9.73382664E+19   9.48429243E+05   5.02967015E+05   1.64637643E+07   0.28929399      
  69               4.60967600E+00   1.59956672E+01   1096.20226665    4.13676280E-04   1.05690877E+20   1.00134862E+06   4.50047636E+05   1.60233855E+07   0.28801403      
  70               5.45356761E+00   1.79393296E+01   1132.92052164    4.48906411E-04   1.14691862E+20   1.05868847E+06   3.92707791E+05   1.55723480E+07   0.28665792      
  71               6.45195012E+00   2.01009168E+01   1170.39131493    4.86894843E-04   1.24397203E+20   1.11597126E+06   3.35424998E+05   1.51099911E+07   0.28524313      
  72               7.63310614E+00   2.25038292E+01   1208.59762795    5.27872662E-04   1.34865394E+20   1.16931969E+06   2.82076563E+05   1.46360154E+07   0.28378783      
  73               9.03049593E+00   2.51703455E+01   1247.52605644    5.72008145E-04   1.46138751E+20   1.21499008E+06   2.36406183E+05   1.41507503E+07   0.28231451      
  74               1.06837053E+01   2.81217711E+01   1287.08114894    6.19456901E-04   1.58256873E+20   1.25032826E+06   2.01068003E+05   1.36549279E+07   0.28070301      
  75               1.26395671E+01   3.13822327E+01   1327.20955736    6.70393767E-04   1.71265615E+20   1.27792176E+06   1.73474498E+05   1.31489752E+07   0.27917424      
  76               1.49534878E+01   3.49920643E+01   1368.06613882    7.25191439E-04   1.85262837E+20   1.29992852E+06   1.51467736E+05   1.26312522E+07   0.27764042      
  77               1.76910170E+01   3.89970768E+01   1409.72498190    7.84302685E-04   2.00365755E+20   1.31647099E+06   1.34925266E+05   1.21001992E+07   0.27612005      
  78               2.09297047E+01   4.34526779E+01   1452.36363436    8.48238520E-04   2.16704046E+20   1.32537988E+06   1.26016378E+05   1.15539283E+07   0.27453068      
  79               2.47612977E+01   4.84054422E+01   1495.89959881    9.17395388E-04   2.34378400E+20   1.32391005E+06   1.27486208E+05   1.09924753E+07   0.27297284      
  80               2.92943389E+01   5.38887941E+01   1540.25774923    9.91873981E-04   2.53414174E+20   1.30933782E+06   1.42058441E+05   1.04176406E+07   0.27137241      
  81               3.46572422E+01   5.99192050E+01   1585.07946713    1.07164587E-03   2.73804664E+20   1.28239517E+06   1.69001091E+05   9.83272059E+06   0.26978991      
  82               4.10019301E+01   6.65117152E+01   1630.24218153    1.15661979E-03   2.95509782E+20   1.24567440E+06   2.05721848E+05   9.24056248E+06   0.26821544      
  83               4.85081376E+01   7.36839216E+01   1675.47747178    1.24667413E-03   3.18537069E+20   1.19793156E+06   2.53486652E+05   8.64327420E+06   0.26666772      
  84               5.73885036E+01   8.14102144E+01   1720.52279613    1.34191857E-03   3.42723833E+20   1.13827901E+06   3.13152905E+05   8.04586488E+06   0.26515779      
  85               6.78945948E+01   8.96751454E+01   1765.04748754    1.44081823E-03   3.67994675E+20   1.07104821E+06   3.80412543E+05   7.45147125E+06   0.26368051      
  86               8.03240320E+01   9.84730015E+01   1809.04990440    1.54369090E-03   3.94268852E+20   9.96146398E+05   4.55342949E+05   6.86154827E+06   0.26226757      
  87               9.50289215E+01   1.07717262E+02   1851.98034154    1.64954368E-03   4.21283813E+20   9.08843308E+05   5.42724481E+05   6.28223477E+06   0.26094302      
  88               1.12425830E+02   1.17210841E+02   1893.17629646    1.75618260E-03   4.48438161E+20   8.10136886E+05   6.41523076E+05   5.72444578E+06   0.25962342      
  89               1.33007583E+02   1.26683820E+02   1931.62661190    1.86094919E-03   4.75033030E+20   7.32092904E+05   7.19566372E+05   5.20043181E+06   0.2584307       
  90               1.57357229E+02   1.36847084E+02   1970.49404299    1.97161519E-03   5.03021168E+20   6.54490807E+05   7.96954918E+05   4.66983398E+06   0.25738643      
  91               1.86164557E+02   1.46554455E+02   2005.44177835    2.07610586E-03   5.29315737E+20   5.53861667E+05   8.97614423E+05   4.19001088E+06   0.25629897      
  92               2.20245630E+02   1.55286900E+02   2035.38122464    2.16738704E-03   5.52605110E+20   4.91912892E+05   9.62854835E+05   3.77834637E+06   0.25515783      
  93               2.60565913E+02   1.64971627E+02   2066.93962803    2.26733110E-03   5.78105773E+20   4.67500955E+05   9.86384283E+05   3.34146630E+06   0.25420096      
  94               3.08267614E+02   1.75721361E+02   2100.36008710    2.37658140E-03   6.05977698E+20   4.44439519E+05   1.00702213E+06   2.87837755E+06   0.25346602      
  95               3.64702046E+02   1.87697688E+02   2135.67167398    2.49650238E-03   6.36576022E+20   3.97457714E+05   1.05398665E+06   2.38669871E+06   0.25268874      
  96               4.31467909E+02   1.98275215E+02   2165.43794140    2.60160067E-03   6.63206124E+20   3.29440018E+05   1.12195624E+06   1.97163598E+06   0.25184422      
  97               5.10456573E+02   2.07051382E+02   2189.11157071    2.68730380E-03   6.85071778E+20   2.90469889E+05   1.16113317E+06   1.63972133E+06   0.25092903      
  98               6.03905660E+02   2.16949161E+02   2214.90166848    2.78289826E-03   7.09462368E+20   2.76826565E+05   1.17479238E+06   1.27778599E+06   0.24993702      
  99               7.14462436E+02   2.28072159E+02   2242.66184340    2.88926973E-03   7.36604419E+20   2.62835650E+05   1.18856075E+06   8.85521031E+05   0.24919079      
  100              8.45258798E+02   2.40580806E+02   2272.70921019    3.00736449E-03   7.66730860E+20   2.49529314E+05   1.20186874E+06   4.61171756E+05   0.2486684       
  101              1.00000000E+03   2.54751133E+02   2305.21155972    3.13941279E-03   8.00444407E+20   2.42794524E+05   1.20860564E+06   0.00000000E+00   0.24811412      
