# ATMO pressure-temperature profile
# Effective temperature = 1100.0K
# log(g) = 2.5cm/s^2
# M/H = 0.0
# Optical depth grid in band 17 (1.20-1.33microns)
# All parameters in cgs units
#
# Model Level      Optical Depth    Pressure         Temperature      Density          Number Density   Rad Flux         Conv Flux        Radial Extension Adiabatic Gradient
#                                   [Ba]             [K]              [g/cm^3]         [/cm^3]          [ergs/s/cm^2/sr] [ergs/s/cm^2/sr] [cm]             [K/Ba]          
  1                5.00000000E-04   1.00000000E-05   332.78502419     8.51842128E-10   2.17651701E+14   8.30127778E+07   0.00000000E+00   1.48017287E+09   0.29817799      
  2                5.78069831E-04   1.03339734E-04   399.70133749     7.32915588E-09   1.87265415E+15   8.30127778E+07   0.00000000E+00   1.36204291E+09   0.29751047      
  3                6.68329458E-04   2.01080104E-04   438.80136816     1.29905163E-08   3.31915068E+15   8.30127778E+07   0.00000000E+00   1.33036657E+09   0.2993044       
  4                7.72682194E-04   3.08607757E-04   459.35813709     1.90449876E-08   4.86610263E+15   8.30127778E+07   0.00000000E+00   1.30874852E+09   0.29919565      
  5                8.93328530E-04   4.29563434E-04   474.19006813     2.56803015E-08   6.56146311E+15   8.30127778E+07   0.00000000E+00   1.29145291E+09   0.29913664      
  6                1.03281254E-03   5.66471194E-04   487.23774369     3.29581002E-08   8.42098214E+15   8.30127778E+07   0.00000000E+00   1.27657140E+09   0.29905907      
  7                1.19407555E-03   7.21891494E-04   498.31389441     4.10671148E-08   1.04928815E+16   8.30127778E+07   0.00000000E+00   1.26321223E+09   0.29901565      
  8                1.38051810E-03   8.98638134E-04   509.05684341     5.00430565E-08   1.27862857E+16   8.30127778E+07   0.00000000E+00   1.25088311E+09   0.2989464       
  9                1.59607173E-03   1.09991222E-03   518.46313922     6.01402749E-08   1.53661824E+16   8.30127778E+07   0.00000000E+00   1.23928110E+09   0.29890929      
  10               1.84528182E-03   1.32941338E-03   527.95238580     7.13823034E-08   1.82385845E+16   8.30127778E+07   0.00000000E+00   1.22820448E+09   0.29883965      
  11               2.13340350E-03   1.59130649E-03   536.59661732     8.40680887E-08   2.14798746E+16   8.30127778E+07   0.00000000E+00   1.21751361E+09   0.29880394      
  12               2.46651240E-03   1.89028879E-03   545.74498121     9.81891929E-08   2.50878964E+16   8.30127778E+07   0.00000000E+00   1.20710727E+09   0.29873203      
  13               2.85163282E-03   2.23167177E-03   554.27493153     1.14138028E-07   2.91629143E+16   8.30127778E+07   0.00000000E+00   1.19690974E+09   0.2986947       
  14               3.29688580E-03   2.62147775E-03   563.46020802     1.31888890E-07   3.36983599E+16   8.30127778E+07   0.00000000E+00   1.18686291E+09   0.29861449      
  15               3.81166043E-03   3.06652967E-03   572.12947594     1.51942104E-07   3.88220700E+16   8.30127778E+07   0.00000000E+00   1.17692105E+09   0.29857124      
  16               4.40681180E-03   3.57454334E-03   581.62248598     1.74222673E-07   4.45148811E+16   8.30127778E+07   0.00000000E+00   1.16704726E+09   0.29847964      
  17               5.09488990E-03   4.15424716E-03   590.63417756     1.99388017E-07   5.09447690E+16   8.30127778E+07   0.00000000E+00   1.15721158E+09   0.29842769      
  18               5.89040429E-03   4.81547454E-03   600.60069970     2.27289080E-07   5.80736465E+16   8.30127778E+07   0.00000000E+00   1.14738931E+09   0.29832011      
  19               6.81013002E-03   5.56921920E-03   610.28364694     2.58694913E-07   6.60980151E+16   8.30127778E+07   0.00000000E+00   1.13755959E+09   0.29825691      
  20               7.87346142E-03   6.42777541E-03   621.09423653     2.93378696E-07   7.49599062E+16   8.30127778E+07   0.00000000E+00   1.12770450E+09   0.29813123      
  21               9.10282102E-03   7.40521497E-03   631.61500775     3.32361411E-07   8.49202119E+16   8.30127778E+07   0.00000000E+00   1.11780598E+09   0.29805257      
  22               1.05241324E-02   8.51778257E-03   643.23988764     3.75386938E-07   9.59134300E+16   8.30127778E+07   0.00000000E+00   1.10784547E+09   0.29790131      
  23               1.21673669E-02   9.78365798E-03   654.67429078     4.23644457E-07   1.08243497E+17   8.30127778E+07   0.00000000E+00   1.09780739E+09   0.29780266      
  24               1.40671754E-02   1.12230534E-02   667.41924805     4.76692807E-07   1.21797434E+17   8.30127778E+07   0.00000000E+00   1.08767854E+09   0.29763454      
  25               1.62636194E-02   1.28583205E-02   680.16637171     5.35914193E-07   1.36928840E+17   8.30127778E+07   0.00000000E+00   1.07744746E+09   0.29753989      
  26               1.88030155E-02   1.47140599E-02   694.45181385     6.00646859E-07   1.53467438E+17   8.30127778E+07   0.00000000E+00   1.06710413E+09   0.29730591      
  27               2.17389119E-02   1.68171348E-02   708.83239628     6.72569316E-07   1.71843966E+17   8.30127778E+07   0.00000000E+00   1.05664064E+09   0.29710545      
  28               2.51332183E-02   1.91965273E-02   724.96589380     7.50647523E-07   1.91792197E+17   8.30127778E+07   0.00000000E+00   1.04605103E+09   0.29678676      
  29               2.90575105E-02   2.18830681E-02   741.39677742     8.36735486E-07   2.13788016E+17   8.30127778E+07   0.00000000E+00   1.03533136E+09   0.29654301      
  30               3.35945403E-02   2.49091869E-02   759.81214427     9.29358846E-07   2.37453820E+17   8.30127778E+07   0.00000000E+00   1.02447960E+09   0.296174        
  31               3.88399805E-02   2.83122024E-02   778.65616684     1.03075899E-06   2.63362397E+17   8.30127778E+07   0.00000000E+00   1.01348464E+09   0.29589269      
  32               4.49044419E-02   3.21359258E-02   799.48138778     1.13948866E-06   2.91144304E+17   8.30127778E+07   0.00000000E+00   1.00232750E+09   0.2954693       
  33               5.19158062E-02   3.64260890E-02   820.85078234     1.25797871E-06   3.21420941E+17   8.30127778E+07   0.00000000E+00   9.90996136E+08   0.29510237      
  34               6.00219227E-02   4.12292083E-02   844.40880883     1.38411802E-06   3.53653597E+17   8.30127778E+07   0.00000000E+00   9.79485474E+08   0.29451907      
  35               6.93937253E-02   4.65904400E-02   868.78941609     1.52019163E-06   3.88425855E+17   8.30127778E+07   0.00000000E+00   9.67797771E+08   0.29397381      
  36               8.02288381E-02   5.25520810E-02   895.56711584     1.66344770E-06   4.25028076E+17   8.30127778E+07   0.00000000E+00   9.55942449E+08   0.29322355      
  37               9.27557418E-02   5.91540806E-02   923.15507479     1.81641116E-06   4.64125988E+17   8.30127778E+07   0.00000000E+00   9.43931869E+08   0.29258205      
  38               1.07238592E-01   6.64424456E-02   953.12120979     1.97600022E-06   5.04920862E+17   8.30127778E+07   0.00000000E+00   9.31766375E+08   0.29174996      
  39               1.23982789E-01   7.44757195E-02   984.80909744     2.14357366E-06   5.47757705E+17   8.29337987E+07   7.90520797E+04   9.19423107E+08   0.29098815      
  40               1.43341420E-01   8.33113401E-02   1017.98417642    2.31967612E-06   5.92773708E+17   8.26792242E+07   3.33519569E+05   9.06893010E+08   0.28994477      
  41               1.65722701E-01   9.30156240E-02   1050.37796365    2.50995794E-06   6.41410613E+17   8.22892936E+07   7.23392529E+05   8.94175070E+08   0.28892513      
  42               1.91598587E-01   1.03650901E-01   1084.31126813    2.70937616E-06   6.92380697E+17   8.17727732E+07   1.23989845E+06   8.81278295E+08   0.287746        
  43               2.21514726E-01   1.15278289E-01   1117.28735170    2.92434777E-06   7.47323227E+17   8.11534064E+07   1.85926432E+06   8.68215591E+08   0.28670775      
  44               2.56101960E-01   1.27967374E-01   1151.85998869    3.14878690E-06   8.04684070E+17   8.04435041E+07   2.56917897E+06   8.54992158E+08   0.28554876      
  45               2.96089634E-01   1.41835376E-01   1185.44077691    3.39114773E-06   8.66623663E+17   7.96609177E+07   3.35178471E+06   8.41571648E+08   0.28447893      
  46               3.42320969E-01   1.57000370E-01   1220.86396592    3.64480391E-06   9.31449342E+17   7.87841831E+07   4.22854195E+06   8.27931099E+08   0.28315127      
  47               3.95770849E-01   1.73576554E-01   1255.22005728    3.91932401E-06   1.00160626E+18   7.77972015E+07   5.21554279E+06   8.14062201E+08   0.28187755      
  48               4.57566375E-01   1.91675063E-01   1291.52337429    4.20632425E-06   1.07495228E+18   7.66748336E+07   6.33792105E+06   7.99966523E+08   0.2802584       
  49               5.29010634E-01   2.11407394E-01   1326.55262515    4.51684624E-06   1.15430753E+18   7.54444576E+07   7.56830468E+06   7.85650922E+08   0.27887497      
  50               6.11610175E-01   2.32884983E-01   1363.62476206    4.84048462E-06   1.23700782E+18   7.41290268E+07   8.88374162E+06   7.71125651E+08   0.27777562      
  51               7.07106781E-01   2.56229321E-01   1399.35459700    5.18976722E-06   1.32625455E+18   7.27584747E+07   1.02542901E+07   7.56396956E+08   0.27669459      
  52               8.17514195E-01   2.81608567E-01   1437.24257278    5.55360564E-06   1.41919355E+18   7.13101161E+07   1.17026110E+07   7.41447669E+08   0.27528282      
  53               9.45160584E-01   3.09152040E-01   1473.60784156    5.94833276E-06   1.51955363E+18   6.97205400E+07   1.32921594E+07   7.26292231E+08   0.27379695      
  54               1.09273764E+00   3.38845329E-01   1511.95143281    6.35438651E-06   1.62326529E+18   6.78593254E+07   1.51533525E+07   7.11019220E+08   0.27225581      
  55               1.26335732E+00   3.70513110E-01   1548.09057498    6.78660950E-06   1.73353675E+18   6.56150799E+07   1.73972190E+07   6.95769607E+08   0.27080913      
  56               1.46061751E+00   4.03584714E-01   1585.28630281    7.21994694E-06   1.84396571E+18   6.28810564E+07   2.01298455E+07   6.80829020E+08   0.26945662      
  57               1.68867783E+00   4.37295067E-01   1618.80937158    7.66375095E-06   1.95661198E+18   5.96592157E+07   2.33534524E+07   6.66497591E+08   0.26818209      
  58               1.95234742E+00   4.70195908E-01   1651.60427407    8.08280550E-06   2.06204760E+18   5.60202992E+07   2.69977511E+07   6.53277468E+08   0.2670517       
  59               2.25718628E+00   5.00139821E-01   1677.93360789    8.46514274E-06   2.15894959E+18   5.25316017E+07   3.04875621E+07   6.41829524E+08   0.26606002      
  60               2.60962258E+00   5.27046471E-01   1702.54806507    8.79154780E-06   2.24220527E+18   4.96630241E+07   3.33551833E+07   6.31966501E+08   0.26490407      
  61               3.01708817E+00   5.56501966E-01   1726.09345889    9.15582857E-06   2.33522234E+18   4.67560962E+07   3.63036502E+07   6.21584405E+08   0.26394999      
  62               3.48817529E+00   5.80700006E-01   1746.69314206    9.44950848E-06   2.40802535E+18   4.40678445E+07   3.90998964E+07   6.13356667E+08   0.26316554      
  63               4.03281780E+00   5.99037897E-01   1759.89009669    9.67470818E-06   2.46544086E+18   4.20757683E+07   4.10580911E+07   6.07291733E+08   0.26231582      
  64               4.66250061E+00   6.19297207E-01   1776.43963489    9.90852782E-06   2.52507630E+18   4.02116589E+07   4.28130405E+07   6.00748366E+08   0.26135162      
  65               5.39050188E+00   6.41753856E-01   1791.87079062    1.01791855E-05   2.59410551E+18   3.83090537E+07   4.47137160E+07   5.93677315E+08   0.26028927      
  66               6.23217301E+00   6.66566548E-01   1810.79156083    1.04619559E-05   2.66625015E+18   3.63788972E+07   4.66421253E+07   5.86073856E+08   0.25911697      
  67               7.20526240E+00   6.93881330E-01   1828.51486999    1.07847615E-05   2.74860635E+18   3.43329183E+07   4.86867618E+07   5.77942065E+08   0.25787211      
  68               8.33028963E+00   7.23818440E-01   1849.69570353    1.11207491E-05   2.83436120E+18   3.22373588E+07   5.07817045E+07   5.69297604E+08   0.25651993      
  69               9.63097823E+00   7.56446245E-01   1869.47597139    1.14985512E-05   2.93078543E+18   3.00515263E+07   5.29673454E+07   5.60173303E+08   0.25503893      
  70               1.11347559E+01   7.91809796E-01   1892.55455114    1.18886102E-05   3.03038846E+18   2.80058031E+07   5.50089446E+07   5.50608649E+08   0.25340511      
  71               1.28733329E+01   8.30280234E-01   1914.13777534    1.23248744E-05   3.14179139E+18   2.61770085E+07   5.68288607E+07   5.40558541E+08   0.25161836      
  72               1.48833708E+01   8.72462214E-01   1939.33141688    1.27817132E-05   3.25852032E+18   2.45867564E+07   5.84132206E+07   5.29930779E+08   0.24973357      
  73               1.72072553E+01   9.18644594E-01   1963.11743433    1.32940590E-05   3.38943323E+18   2.30314265E+07   5.99664758E+07   5.18727283E+08   0.24763391      
  74               1.98939903E+01   9.69132066E-01   1990.47747783    1.38303054E-05   3.52656210E+18   2.15704367E+07   6.14255456E+07   5.06952855E+08   0.24538111      
  75               2.30002312E+01   1.02425173E+00   2016.26186320    1.44282409E-05   3.67947290E+18   2.01048029E+07   6.28895261E+07   4.94613718E+08   0.24282844      
  76               2.65914795E+01   1.08436084E+00   2045.54585315    1.50539284E-05   3.83963944E+18   1.87386013E+07   6.42542735E+07   4.81716089E+08   0.24022014      
  77               3.07434641E+01   1.14984338E+00   2073.08820338    1.57483490E-05   4.01741547E+18   1.73721094E+07   6.56195585E+07   4.68267268E+08   0.23730272      
  78               3.55437382E+01   1.22111968E+00   2104.04199700    1.64750346E-05   4.20368018E+18   1.61199809E+07   6.68706850E+07   4.54274099E+08   0.23439764      
  79               4.10935254E+01   1.29864164E+00   2133.09322327    1.72785461E-05   4.40966227E+18   1.48600638E+07   6.81299144E+07   4.39744305E+08   0.23113396      
  80               4.75098546E+01   1.38290580E+00   2165.44665933    1.81197491E-05   4.62563059E+18   1.37237883E+07   6.92656736E+07   4.24684643E+08   0.22801827      
  81               5.49280272E+01   1.47444453E+00   2195.76757296    1.90469343E-05   4.86371268E+18   1.25706198E+07   7.04185488E+07   4.09102825E+08   0.2244528       
  82               6.35044707E+01   1.57384437E+00   2229.24868874    2.00184515E-05   5.11362767E+18   1.15471233E+07   7.14418729E+07   3.93005250E+08   0.2210938       
  83               7.34200373E+01   1.68173245E+00   2260.58420043    2.10864960E-05   5.38842765E+18   1.04982218E+07   7.24908880E+07   3.76399506E+08   0.21709876      
  84               8.48838171E+01   1.79880551E+00   2294.87248931    2.22073242E-05   5.67742609E+18   9.56726057E+06   7.34220796E+07   3.59291093E+08   0.213486        
  85               9.81375475E+01   1.92564940E+00   2326.91919082    2.34374839E-05   5.99406928E+18   8.60006134E+06   7.43896873E+07   3.41708576E+08   0.20927834      
  86               1.13460711E+02   2.06307942E+00   2361.67657727    2.47268368E-05   6.32734280E+18   7.80171520E+06   7.51884701E+07   3.23655741E+08   0.20574471      
  87               1.31176428E+02   2.21210842E+00   2394.28667719    2.61372178E-05   6.69200256E+18   7.00881018E+06   7.59820119E+07   3.05117863E+08   0.20150574      
  88               1.51658271E+02   2.37367857E+00   2429.38414197    2.76224768E-05   7.07703846E+18   6.34131523E+06   7.66501564E+07   2.86102517E+08   0.19800104      
  89               1.75338142E+02   2.54877206E+00   2462.41247689    2.92424668E-05   7.49714712E+18   5.66042874E+06   7.73318556E+07   2.66620437E+08   0.19377335      
  90               2.02715380E+02   2.73848180E+00   2497.63956000    3.09513020E-05   7.94156206E+18   5.08696302E+06   7.79060989E+07   2.46679403E+08   0.19048524      
  91               2.34367291E+02   2.94395252E+00   2530.97339994    3.28092660E-05   8.42498352E+18   4.51698546E+06   7.84770065E+07   2.26289448E+08   0.18639345      
  92               2.70961321E+02   3.16644772E+00   2566.17635174    3.47728273E-05   8.93740961E+18   4.04846857E+06   7.89464466E+07   2.05458587E+08   0.18320273      
  93               3.13269130E+02   3.40727986E+00   2599.67411647    3.69014796E-05   9.49324601E+18   3.59189683E+06   7.94040886E+07   1.84197918E+08   0.17923166      
  94               3.62182865E+02   3.66790762E+00   2634.70367449    3.91551594E-05   1.00835267E+19   3.21775431E+06   7.97792736E+07   1.62515416E+08   0.17628514      
  95               4.18733975E+02   3.94983390E+00   2668.29120998    4.15905205E-05   1.07218924E+19   2.85708540E+06   8.01410928E+07   1.40422729E+08   0.17260439      
  96               4.84114957E+02   4.25469798E+00   2703.07434164    4.41728196E-05   1.14008331E+19   2.55703960E+06   8.04422800E+07   1.17930277E+08   0.16978809      
  97               5.59704502E+02   4.58416974E+00   2736.63652753    4.69549985E-05   1.21330339E+19   2.27015606E+06   8.07304377E+07   9.50529869E+07   0.16629073      
  98               6.47096573E+02   4.94006571E+00   2771.05948177    4.99083332E-05   1.29125708E+19   2.03079071E+06   8.09711153E+07   7.18041648E+07   0.16371509      
  99               7.48134013E+02   5.32422248E+00   2804.52515496    5.30795384E-05   1.37506331E+19   1.80567589E+06   8.11976806E+07   4.82013720E+07   0.16069565      
  100              8.64947405E+02   5.73862083E+00   2838.60174575    5.64464079E-05   1.46429610E+19   1.61479888E+06   8.13900894E+07   2.42604082E+07   0.15839986      
  101              1.00000000E+03   6.18527315E+00   2871.92361708    6.00505238E-05   1.55995417E+19   1.50769281E+06   8.14979131E+07   0.00000000E+00   0.15568685      
