# ATMO pressure-temperature profile
# Effective temperature = 700.0K
# log(g) = 5.0cm/s^2
# M/H = 0.0
# Optical depth grid in band 17 (1.20-1.33microns)
# All parameters in cgs units
#
# Model Level      Optical Depth    Pressure         Temperature      Density          Number Density   Rad Flux         Conv Flux        Radial Extension Adiabatic Gradient
#                                   [Ba]             [K]              [g/cm^3]         [/cm^3]          [ergs/s/cm^2/sr] [ergs/s/cm^2/sr] [cm]             [K/Ba]          
  1                5.00000000E-07   1.00000000E-05   101.22605042     2.80002097E-09   7.15539392E+14   1.36132004E+07   0.00000000E+00   4.09445723E+06   0.34420106      
  2                6.19412983E-07   3.05057042E-05   115.24040370     7.50291212E-09   1.91735320E+15   1.36132004E+07   0.00000000E+00   4.04971897E+06   0.33124131      
  3                7.67344888E-07   5.47924915E-05   125.68955037     1.23559302E-08   3.15753167E+15   1.36132004E+07   0.00000000E+00   4.02449477E+06   0.33433326      
  4                9.50606773E-07   8.38942982E-05   136.08496190     1.74733335E-08   4.46527437E+15   1.36132004E+07   0.00000000E+00   4.00468888E+06   0.32784858      
  5                1.17763635E-06   1.18822986E-04   147.87038977     2.27756971E-08   5.82029617E+15   1.36132004E+07   0.00000000E+00   3.98717999E+06   0.33005536      
  6                1.45888650E-06   1.60884690E-04   157.84219340     2.88894000E-08   7.38273790E+15   1.36132004E+07   0.00000000E+00   3.97078234E+06   0.32423467      
  7                1.80730647E-06   2.11819558E-04   167.00277812     3.59483904E-08   9.18688332E+15   1.36132004E+07   0.00000000E+00   3.95497691E+06   0.32556         
  8                2.23893819E-06   2.73849633E-04   173.45926322     4.47427345E-08   1.14351142E+16   1.36132004E+07   0.00000000E+00   3.93951008E+06   0.32043265      
  9                2.77365477E-06   3.49598319E-04   180.06154726     5.49963071E-08   1.40628776E+16   1.36132004E+07   0.00000000E+00   3.92423980E+06   0.32284002      
  10               3.43607555E-06   4.42239590E-04   185.02124898     6.77473901E-08   1.73125823E+16   1.36132004E+07   0.00000000E+00   3.90906261E+06   0.31914685      
  11               4.25669961E-06   5.55689668E-04   190.98271032     8.24697784E-08   2.10748314E+16   1.36132004E+07   0.00000000E+00   3.89388473E+06   0.32032304      
  12               5.27331001E-06   6.94655081E-04   195.79215461     1.00561210E-07   2.56980264E+16   1.36132004E+07   0.00000000E+00   3.87862509E+06   0.31660801      
  13               6.53271338E-06   8.64920554E-04   201.78369407     1.21491728E-07   3.10467389E+16   1.36132004E+07   0.00000000E+00   3.86322094E+06   0.31809482      
  14               8.09289496E-06   1.07356599E-03   206.57676011     1.47300371E-07   3.76420373E+16   1.36132004E+07   0.00000000E+00   3.84762420E+06   0.3145781       
  15               1.00256884E-05   1.32931279E-03   212.35319756     1.77429135E-07   4.53413260E+16   1.36132004E+07   0.00000000E+00   3.83180459E+06   0.31618236      
  16               1.24200832E-05   1.64282177E-03   216.99384910     2.14585110E-07   5.48363910E+16   1.36132004E+07   0.00000000E+00   3.81573748E+06   0.31293506      
  17               1.53863215E-05   2.02711421E-03   222.80570993     2.57874536E-07   6.58988355E+16   1.36132004E+07   0.00000000E+00   3.79940103E+06   0.31454503      
  18               1.90609746E-05   2.49798281E-03   227.68272407     3.10968162E-07   7.94667051E+16   1.36132004E+07   0.00000000E+00   3.78277312E+06   0.31148171      
  19               2.36132303E-05   3.07458747E-03   233.92490031     3.72534896E-07   9.51998447E+16   1.36132004E+07   0.00000000E+00   3.76583221E+06   0.31301157      
  20               2.92526829E-05   3.78030631E-03   239.29457927     4.47765564E-07   1.14424749E+17   1.36132004E+07   0.00000000E+00   3.74855304E+06   0.3101087       
  21               3.62389832E-05   4.64376621E-03   245.89092766     5.35284172E-07   1.36789790E+17   1.36132004E+07   0.00000000E+00   3.73091605E+06   0.31146538      
  22               4.48937934E-05   5.69977898E-03   251.56713880     6.42185751E-07   1.64108072E+17   1.36132004E+07   0.00000000E+00   3.71290468E+06   0.3087328       
  23               5.56155970E-05   6.99070215E-03   258.58177110     7.66265820E-07   1.95816251E+17   1.36132004E+07   0.00000000E+00   3.69450203E+06   0.30987464      
  24               6.88980457E-05   8.56797026E-03   264.76125006     9.17233882E-07   2.34395553E+17   1.36132004E+07   0.00000000E+00   3.67568827E+06   0.30735864      
  25               8.53526881E-05   1.04941102E-02   272.21738873     1.09266320E-06   2.79225833E+17   1.36132004E+07   0.00000000E+00   3.65644829E+06   0.30826369      
  26               1.05737126E-04   1.28447750E-02   278.85552049     1.30558099E-06   3.33636146E+17   1.36132004E+07   0.00000000E+00   3.63676735E+06   0.30602809      
  27               1.30989898E-04   1.57123845E-02   286.72518685     1.55321944E-06   3.96919187E+17   1.36132004E+07   0.00000000E+00   3.61663003E+06   0.30673236      
  28               1.62273687E-04   1.92097307E-02   293.64328661     1.85420506E-06   4.73834893E+17   1.36132003E+07   0.00000000E+00   3.59602168E+06   0.30481321      
  29               2.01028857E-04   2.34738258E-02   301.79628599     2.20458348E-06   5.63372736E+17   1.36132003E+07   0.00000000E+00   3.57493128E+06   0.30535419      
  30               2.49039768E-04   2.86702156E-02   309.14278445     2.62862363E-06   6.71734546E+17   1.36132003E+07   0.00000000E+00   3.55334518E+06   0.30371003      
  31               3.08516931E-04   3.49997630E-02   317.84551924     3.12108485E-06   7.97581092E+17   1.36132003E+07   0.00000000E+00   3.53124704E+06   0.30420742      
  32               3.82198786E-04   4.27043351E-02   325.80220576     3.71513424E-06   9.49388100E+17   1.36132003E+07   0.00000000E+00   3.50862101E+06   0.30287057      
  33               4.73477780E-04   5.20750534E-02   335.22436988     4.40302056E-06   1.12517476E+18   1.36132002E+07   0.00000000E+00   3.48545185E+06   0.3031569       
  34               5.86556569E-04   6.34621710E-02   344.04174293     5.22829831E-06   1.33607127E+18   1.36132002E+07   0.00000000E+00   3.46171854E+06   0.3020898       
  35               7.26641509E-04   7.72912617E-02   354.30834285     6.18309060E-06   1.58006465E+18   1.36132002E+07   0.00000000E+00   3.43739590E+06   0.30232288      
  36               9.00182369E-04   9.40775891E-02   363.99224175     7.32572539E-06   1.87206055E+18   1.36132001E+07   0.00000000E+00   3.41245412E+06   0.30148961      
  37               1.11516929E-03   1.14438096E-01   375.34325160     8.64169281E-06   2.20834972E+18   1.36132000E+07   0.00000000E+00   3.38686449E+06   0.30161876      
  38               1.38150068E-03   1.39108688E-01   386.34098010     1.02056411E-05   2.60801039E+18   1.36131998E+07   0.00000000E+00   3.36059450E+06   0.30093933      
  39               1.71143891E-03   1.68962069E-01   399.11634523     1.19990405E-05   3.06630636E+18   1.36131997E+07   0.00000000E+00   3.33361709E+06   0.30101474      
  40               2.12017497E-03   2.05021699E-01   411.69657593     1.41149456E-05   3.60701885E+18   1.36131995E+07   0.00000000E+00   3.30590889E+06   0.30048132      
  41               2.62652780E-03   2.48492256E-01   426.22535068     1.65247343E-05   4.22278940E+18   1.36131993E+07   0.00000000E+00   3.27744530E+06   0.30051123      
  42               3.25381085E-03   3.00814511E-01   440.71580782     1.93464395E-05   4.94385806E+18   1.36131989E+07   0.00000000E+00   3.24818231E+06   0.30019478      
  43               4.03090537E-03   3.63673695E-01   457.40238692     2.25358712E-05   5.75889689E+18   1.36131986E+07   0.00000000E+00   3.21807783E+06   0.30022363      
  44               4.99359024E-03   4.39001568E-01   474.51159898     2.62228946E-05   6.70108425E+18   1.36132021E+07   0.00000000E+00   3.18709092E+06   0.2999202       
  45               6.18618926E-03   5.29043298E-01   494.24247295     3.03398549E-05   7.75312868E+18   1.36132241E+07   0.00000000E+00   3.15516840E+06   0.29988631      
  46               7.66361189E-03   6.36430527E-01   513.73139419     3.51165247E-05   8.97306339E+18   1.36132530E+07   0.00000000E+00   3.12226820E+06   0.29971139      
  47               9.49388141E-03   7.64326585E-01   535.37478099     4.04685396E-05   1.03406275E+19   1.36132639E+07   0.00000000E+00   3.08834142E+06   0.29969902      
  48               1.17612668E-02   9.16370141E-01   557.83243338     4.65654066E-05   1.18985217E+19   1.36132737E+07   0.00000000E+00   3.05331647E+06   0.29946997      
  49               1.45701627E-02   1.09685369E+00   582.86338122     5.33430389E-05   1.36303739E+19   1.36132821E+07   0.00000000E+00   3.01710326E+06   0.29939316      
  50               1.80498959E-02   1.31052746E+00   608.95686220     6.10035145E-05   1.55878220E+19   1.36132895E+07   0.00000000E+00   2.97964609E+06   0.29919478      
  51               2.23606798E-02   1.56250681E+00   637.73373420     6.94507620E-05   1.77463224E+19   1.36132959E+07   0.00000000E+00   2.94093379E+06   0.29912695      
  52               2.77009907E-02   1.85884152E+00   667.69381608     7.89148267E-05   2.01646576E+19   1.36133011E+07   0.00000000E+00   2.90090571E+06   0.2987374       
  53               3.43167066E-02   2.20697783E+00   700.19183639     8.93456770E-05   2.28300450E+19   1.36133050E+07   0.00000000E+00   2.85944533E+06   0.29854182      
  54               4.25124273E-02   2.61487197E+00   733.78066527     1.01012682E-04   2.58113075E+19   1.36133070E+07   0.00000000E+00   2.81650922E+06   0.29808141      
  55               5.26654988E-02   3.09075134E+00   769.83955061     1.13803310E-04   2.90796843E+19   1.36133073E+07   0.00000000E+00   2.77212470E+06   0.29778984      
  56               6.52433875E-02   3.64453868E+00   807.07907328     1.28002832E-04   3.27078740E+19   1.36133052E+07   0.00000000E+00   2.72624120E+06   0.29691646      
  57               8.08252026E-02   4.28939884E+00   846.95369254     1.43559572E-04   3.66828106E+19   1.36133186E+07   0.00000000E+00   2.67867040E+06   0.29644081      
  58               1.00128360E-01   5.03909779E+00   888.26371530     1.60807304E-04   4.10900532E+19   1.35855490E+07   2.77565526E+04   2.62932826E+06   0.29532204      
  59               1.24041612E-01   5.90706490E+00   930.89816594     1.79872307E-04   4.59616284E+19   1.35624640E+07   5.07916859E+04   2.57829324E+06   0.29458955      
  60               1.53665970E-01   6.90743392E+00   974.74298380     2.00873346E-04   5.13277777E+19   1.35573483E+07   5.58591753E+04   2.52566521E+06   0.29295218      
  61               1.90365394E-01   8.05874859E+00   1019.57752922    2.24051488E-04   5.72496969E+19   1.35969518E+07   1.62425346E+04   2.47139524E+06   0.29189834      
  62               2.35829593E-01   9.38412184E+00   1065.94564529    2.49556543E-04   6.37653015E+19   1.36132717E+07   0.00000000E+00   2.41534460E+06   0.28990975      
  63               2.92151824E-01   1.09088526E+01   1111.31666737    2.78260254E-04   7.10995881E+19   1.36132714E+07   0.00000000E+00   2.35748397E+06   0.28867548      
  64               3.61925265E-01   1.26613615E+01   1156.93289210    3.10229440E-04   7.92680325E+19   1.36132644E+07   0.00000000E+00   2.29783633E+06   0.28650155      
  65               4.48362417E-01   1.46748958E+01   1201.11362608    3.46343465E-04   8.84946003E+19   1.36132590E+07   0.00000000E+00   2.23640863E+06   0.28522706      
  66               5.55443005E-01   1.69924785E+01   1245.34909213    3.86808459E-04   9.88306064E+19   1.36132555E+07   0.00000000E+00   2.17308957E+06   0.28301584      
  67               6.88097217E-01   1.96676771E+01   1288.06037564    4.32881560E-04   1.10596832E+20   1.36132543E+07   0.00000000E+00   2.10771256E+06   0.28183025      
  68               8.52432700E-01   2.27571682E+01   1331.08149273    4.84713026E-04   1.23833861E+20   1.36132542E+07   0.00000000E+00   2.04026563E+06   0.27968287      
  69               1.05601576E+00   2.63217748E+01   1373.06575828    5.43497586E-04   1.38851211E+20   1.36132541E+07   0.00000000E+00   1.97081556E+06   0.27862053      
  70               1.30821975E+00   3.04282187E+01   1416.25802075    6.09115879E-04   1.55618056E+20   1.36132543E+07   0.00000000E+00   1.89944491E+06   0.27653193      
  71               1.62065660E+00   3.51728234E+01   1459.48171101    6.83223175E-04   1.74555852E+20   1.36132549E+07   0.00000000E+00   1.82589684E+06   0.27545017      
  72               2.00771148E+00   4.06581986E+01   1505.16999809    7.65778043E-04   1.95653860E+20   1.36132571E+07   0.00000000E+00   1.75006065E+06   0.27325994      
  73               2.48720511E+00   4.69624487E+01   1552.12998638    8.57725614E-04   2.19153537E+20   1.36132596E+07   0.00000000E+00   1.67227297E+06   0.27210965      
  74               3.08121427E+00   5.41275444E+01   1602.65605614    9.57392917E-04   2.44626688E+20   1.36132640E+07   0.00000000E+00   1.59320387E+06   0.26985664      
  75               3.81708825E+00   6.21427933E+01   1655.22194029    1.06422570E-03   2.71932037E+20   1.36132660E+07   0.00000000E+00   1.51379657E+06   0.26855524      
  76               4.72870805E+00   7.09675710E+01   1711.97950432    1.17557222E-03   3.00252906E+20   1.36129921E+07   0.00000000E+00   1.43489064E+06   0.26617535      
  77               5.85804632E+00   8.05933523E+01   1771.76273317    1.28993090E-03   3.29472748E+20   1.28638373E+07   7.50821405E+05   1.35672175E+06   0.2646595       
  78               7.25709989E+00   9.09146563E+01   1827.96998280    1.41041739E-03   3.60238961E+20   1.16537308E+07   1.96222438E+06   1.28020030E+06   0.26230452      
  79               8.99028379E+00   1.01772370E+02   1883.58447459    1.53261531E-03   3.91354765E+20   1.02904596E+07   3.32310843E+06   1.20634861E+06   0.26096449      
  80               1.11373970E+01   1.12840872E+02   1933.99823987    1.65592965E-03   4.22606524E+20   8.76234075E+06   4.85025559E+06   1.13686709E+06   0.25878404      
  81               1.37972966E+01   1.23607676E+02   1980.75408219    1.77272577E-03   4.52002379E+20   7.30298413E+06   6.30801666E+06   1.07402231E+06   0.25771327      
  82               1.70924493E+01   1.33663538E+02   2020.27293848    1.87937342E-03   4.79213169E+20   6.36307986E+06   7.24833299E+06   1.01892977E+06   0.25585453      
  83               2.11745701E+01   1.45067662E+02   2063.56876759    1.99681220E-03   5.09187233E+20   5.54987437E+06   8.06501552E+06   9.60060624E+05   0.2548241       
  84               2.62316072E+01   1.54939444E+02   2097.76492884    2.09850457E-03   5.34971950E+20   4.43589020E+06   9.18664979E+06   9.11833328E+05   0.25318053      
  85               3.24963962E+01   1.62835250E+02   2124.82434920    2.17729617E-03   5.55074443E+20   3.83765104E+06   9.79664210E+06   8.74894498E+05   0.25247449      
  86               4.02573794E+01   1.72088849E+02   2154.10742220    2.26967551E-03   5.78643677E+20   3.62693556E+06   1.00172030E+07   8.33267953E+05   0.25125816      
  87               4.98718870E+01   1.82871438E+02   2187.69033270    2.37477021E-03   6.05460580E+20   3.42106459E+06   1.02325027E+07   7.86823819E+05   0.25018911      
  88               6.17825886E+01   1.95356397E+02   2223.54817530    2.49578964E-03   6.36365950E+20   2.95361483E+06   1.06954116E+07   7.35540886E+05   0.24857388      
  89               7.65378750E+01   2.05087836E+02   2250.93720535    2.59043761E-03   6.59936823E+20   2.34453750E+06   1.12735262E+07   6.97263764E+05   0.24774384      
  90               9.48171070E+01   2.12413358E+02   2270.14238608    2.66019747E-03   6.77726655E+20   2.04074879E+06   1.15530001E+07   6.69357915E+05   0.24679617      
  91               1.17461894E+02   2.21167520E+02   2293.26234467    2.74181370E-03   6.98543486E+20   1.95949962E+06   1.16353591E+07   6.36943450E+05   0.24588377      
  92               1.45514845E+02   2.31580726E+02   2318.88295802    2.83906892E-03   7.23351559E+20   1.85438796E+06   1.17416515E+07   5.99620343E+05   0.24456831      
  93               1.80267568E+02   2.43909603E+02   2348.82018826    2.95225109E-03   7.52150881E+20   1.75213515E+06   1.18451303E+07   5.57033691E+05   0.24336196      
  94               2.23320145E+02   2.58442601E+02   2381.64981210    3.08485971E-03   7.85980983E+20   1.63607330E+06   1.19624639E+07   5.08876480E+05   0.24158638      
  95               2.76654794E+02   2.75503864E+02   2418.96416483    3.23754939E-03   8.24943298E+20   1.52678280E+06   1.20729942E+07   4.54889894E+05   0.24006547      
  96               3.42727143E+02   2.95456311E+02   2459.42026995    3.41461819E-03   8.70134448E+20   1.40655008E+06   1.21944793E+07   3.94880722E+05   0.23767546      
  97               4.24579284E+02   3.18711682E+02   2504.18994771    3.61715842E-03   9.21842134E+20   1.29112793E+06   1.23111307E+07   3.28709466E+05   0.23574706      
  98               5.25979842E+02   3.45744545E+02   2552.26267030    3.84958252E-03   9.81196087E+20   1.16890191E+06   1.24346457E+07   2.56265438E+05   0.2325916       
  99               6.51597486E+02   3.77120308E+02   2604.14733713    4.11466033E-03   1.04891478E+21   1.05506621E+06   1.25497096E+07   1.77429930E+05   0.23029096      
  100              8.07215886E+02   4.13508617E+02   2659.65770144    4.41673904E-03   1.12611996E+21   9.38318808E+05   1.26677110E+07   9.20716413E+04   0.22627515      
  101              1.00000000E+03   4.55733697E+02   2718.14407908    4.76202233E-03   1.21440769E+21   8.78618894E+05   1.27277166E+07   0.00000000E+00   0.22371475      
