# ATMO pressure-temperature profile
# Effective temperature = 800.0K
# log(g) = 4.0cm/s^2
# M/H = 0.0
# Optical depth grid in band 17 (1.20-1.33microns)
# All parameters in cgs units
#
# Model Level      Optical Depth    Pressure         Temperature      Density          Number Density   Rad Flux         Conv Flux        Radial Extension Adiabatic Gradient
#                                   [Ba]             [K]              [g/cm^3]         [/cm^3]          [ergs/s/cm^2/sr] [ergs/s/cm^2/sr] [cm]             [K/Ba]          
  1                5.00000000E-05   1.00000000E-05   231.23593275     1.22526818E-09   3.13235169E+14   2.32237185E+07   0.00000000E+00   4.41105645E+07   0.31040618      
  2                5.91534807E-05   2.47654142E-04   269.35808298     2.60496609E-08   6.65949692E+15   2.32237185E+07   0.00000000E+00   3.99039882E+07   0.30634464      
  3                6.99826855E-05   5.11680416E-04   286.87716545     5.05346590E-08   1.29189927E+16   2.32237185E+07   0.00000000E+00   3.91762898E+07   0.30509422      
  4                8.27943887E-05   8.14200684E-04   299.16480461     7.71094343E-08   1.97127313E+16   2.32237185E+07   0.00000000E+00   3.86916645E+07   0.30478294      
  5                9.79515255E-05   1.16398274E-03   308.83191640     1.06785168E-07   2.72992178E+16   2.32237185E+07   0.00000000E+00   3.83061965E+07   0.30359145      
  6                1.15883473E-04   1.57002195E-03   317.61254644     1.40053728E-07   3.58041951E+16   2.32237185E+07   0.00000000E+00   3.79741758E+07   0.30348438      
  7                1.37098216E-04   2.04226078E-03   325.66102169     1.77677329E-07   4.54225233E+16   2.32237185E+07   0.00000000E+00   3.76748127E+07   0.30267784      
  8                1.62196734E-04   2.59213500E-03   333.45154046     2.20247778E-07   5.63054880E+16   2.32237185E+07   0.00000000E+00   3.73968467E+07   0.30261974      
  9                1.91890027E-04   3.23285646E-03   340.91296213     2.68676414E-07   6.86860826E+16   2.32237185E+07   0.00000000E+00   3.71334571E+07   0.3020265       
  10               2.27019260E-04   3.97984336E-03   348.33347119     3.23710965E-07   8.27554513E+16   2.32237185E+07   0.00000000E+00   3.68801662E+07   0.30200855      
  11               2.68579588E-04   4.85129787E-03   355.37839665     3.86770761E-07   9.88764254E+16   2.32237185E+07   0.00000000E+00   3.66338805E+07   0.30155405      
  12               3.17748350E-04   5.86839803E-03   362.53508958     4.58623428E-07   1.17245276E+17   2.32237185E+07   0.00000000E+00   3.63923851E+07   0.30155965      
  13               3.75918418E-04   7.05569614E-03   369.56388955     5.40924923E-07   1.38285352E+17   2.32237185E+07   0.00000000E+00   3.61540088E+07   0.30119066      
  14               4.44737657E-04   8.44174050E-03   376.81300276     6.34736079E-07   1.62267654E+17   2.32237185E+07   0.00000000E+00   3.59174647E+07   0.30120205      
  15               5.26155608E-04   1.00595960E-02   384.02869441     7.42170766E-07   1.89732925E+17   2.32237185E+07   0.00000000E+00   3.56817475E+07   0.30089402      
  16               6.22478712E-04   1.19474655E-02   391.59047389     8.64431596E-07   2.20988414E+17   2.32237185E+07   0.00000000E+00   3.54460502E+07   0.30090544      
  17               7.36435649E-04   1.41495950E-02   399.23455402     1.00415939E-06   2.56709373E+17   2.32237185E+07   0.00000000E+00   3.52096889E+07   0.30063884      
  18               8.71254639E-04   1.67172731E-02   407.24608187     1.16304559E-06   2.97327008E+17   2.32237185E+07   0.00000000E+00   3.49720919E+07   0.30064403      
  19               1.03075489E-03   1.97095790E-02   415.38862429     1.34434507E-06   3.43675511E+17   2.32237185E+07   0.00000000E+00   3.47327866E+07   0.30041487      
  20               1.21945479E-03   2.31944653E-02   424.00784498     1.54988123E-06   3.96219927E+17   2.32237185E+07   0.00000000E+00   3.44913606E+07   0.30041599      
  21               1.44269991E-03   2.72511301E-02   432.88030596     1.78362729E-06   4.55976572E+17   2.32237185E+07   0.00000000E+00   3.42473729E+07   0.30022011      
  22               1.70681442E-03   3.19709129E-02   442.38962789     2.04759136E-06   5.23450888E+17   2.32237185E+07   0.00000000E+00   3.40004001E+07   0.30021669      
  23               2.01928028E-03   3.74576184E-02   452.35892493     2.34611821E-06   5.99767374E+17   2.32237185E+07   0.00000000E+00   3.37500688E+07   0.30004864      
  24               2.38894914E-03   4.38265627E-02   463.45524871     2.67932326E-06   6.84944599E+17   2.32237185E+07   0.00000000E+00   3.34960413E+07   0.3000403       
  25               2.82629313E-03   5.12104152E-02   474.55810788     3.05747271E-06   7.81618336E+17   2.32237185E+07   0.00000000E+00   3.32380595E+07   0.29997892      
  26               3.34370152E-03   5.97726933E-02   485.59169993     3.48783165E-06   8.91574031E+17   2.32237185E+07   0.00000000E+00   3.29758575E+07   0.29995387      
  27               3.95583167E-03   6.96926656E-02   497.57720212     3.96871538E-06   1.01450091E+18   2.32237185E+07   0.00000000E+00   3.27092283E+07   0.29974111      
  28               4.68002425E-03   8.11699025E-02   509.71131029     4.51225790E-06   1.15344421E+18   2.32237185E+07   0.00000000E+00   3.24380122E+07   0.29968542      
  29               5.53679448E-03   9.44312509E-02   523.00043356     5.11606716E-06   1.30779458E+18   2.32237185E+07   0.00000000E+00   3.21620036E+07   0.29959521      
  30               6.55041330E-03   1.09738156E-01   536.65336422     5.79409895E-06   1.48111794E+18   2.32237185E+07   0.00000000E+00   3.18808612E+07   0.29961832      
  31               7.74959494E-03   1.27387201E-01   551.65175033     6.54308085E-06   1.67257898E+18   2.32237185E+07   0.00000000E+00   3.15942210E+07   0.29953058      
  32               9.16831029E-03   1.47707387E-01   567.14009601     7.37960164E-06   1.88641701E+18   2.32237185E+07   0.00000000E+00   3.13017923E+07   0.29948555      
  33               1.08467493E-02   1.71060095E-01   584.15882678     8.29732810E-06   2.12101434E+18   2.32237186E+07   0.00000000E+00   3.10033559E+07   0.29937267      
  34               1.28324595E-02   1.97835113E-01   601.98914576     9.31182502E-06   2.38034854E+18   2.32237185E+07   0.00000000E+00   3.06987466E+07   0.29932479      
  35               1.51816929E-02   2.28453263E-01   621.72406348     1.04116440E-05   2.66149423E+18   2.32237186E+07   0.00000000E+00   3.03877885E+07   0.29917675      
  36               1.79609996E-02   2.63391540E-01   642.53407763     1.16151529E-05   2.96914560E+18   2.32237185E+07   0.00000000E+00   3.00700796E+07   0.29908661      
  37               2.12491128E-02   3.03209341E-01   665.44498192     1.29106865E-05   3.30032159E+18   2.32237186E+07   0.00000000E+00   2.97449248E+07   0.29889569      
  38               2.51391797E-02   3.48495448E-01   689.63919640     1.43183794E-05   3.66016793E+18   2.32237185E+07   0.00000000E+00   2.94118488E+07   0.29877923      
  39               2.97413996E-02   3.99853253E-01   716.12878347     1.58207881E-05   4.04422531E+18   2.32237186E+07   0.00000000E+00   2.90706201E+07   0.29848188      
  40               3.51861462E-02   4.57887334E-01   744.26205573     1.74321813E-05   4.45613758E+18   2.32237195E+07   0.00000000E+00   2.87211635E+07   0.29824413      
  41               4.16276604E-02   5.23176145E-01   775.81713943     1.91077722E-05   4.88443577E+18   2.31408119E+07   8.29006255E+04   2.83634310E+07   0.29787235      
  42               4.92484201E-02   5.96668999E-01   805.33022295     2.09934328E-05   5.36642811E+18   2.30267007E+07   1.97016843E+05   2.79964879E+07   0.29759879      
  43               5.82643093E-02   6.79401557E-01   838.55379531     2.29572308E-05   5.86842352E+18   2.28948585E+07   3.28851140E+05   2.76196322E+07   0.29703545      
  44               6.89307339E-02   7.72404269E-01   869.51199651     2.51705683E-05   6.43420549E+18   2.27778443E+07   4.45870504E+05   2.72327405E+07   0.29654591      
  45               8.15498567E-02   8.76697903E-01   904.41164720     2.74668141E-05   7.02117278E+18   2.26872231E+07   5.36484005E+05   2.68360907E+07   0.29575218      
  46               9.64791575E-02   9.93377328E-01   936.68364674     3.00501999E-05   7.68151964E+18   2.26583613E+07   5.65352043E+05   2.64299592E+07   0.29510026      
  47               1.14141560E-01   1.12382717E+00   973.18000347     3.27224112E-05   8.36434987E+18   2.26893568E+07   5.34347921E+05   2.60139538E+07   0.29407934      
  48               1.35037411E-01   1.26966833E+00   1006.78159172    3.57348608E-05   9.13441754E+18   2.27969484E+07   4.26764848E+05   2.55874612E+07   0.29319671      
  49               1.59758657E-01   1.43259806E+00   1044.96992192    3.88467102E-05   9.92993508E+18   2.29435759E+07   3.48062856E+05   2.51501635E+07   0.29195893      
  50               1.89005613E-01   1.61437920E+00   1079.91942715    4.23588000E-05   1.08277953E+19   2.31221317E+07   1.03826783E+05   2.47020377E+07   0.29096735      
  51               2.23606798E-01   1.81689099E+00   1119.78091320    4.59746267E-05   1.17522670E+19   2.32237041E+07   0.00000000E+00   2.42431361E+07   0.28954149      
  52               2.64542408E-01   2.04262630E+00   1154.75822585    5.01202494E-05   1.28121995E+19   2.32237185E+07   0.00000000E+00   2.37728806E+07   0.28838829      
  53               3.12972084E-01   2.29499497E+00   1193.19325725    5.44977204E-05   1.39314650E+19   2.32237187E+07   0.00000000E+00   2.32900000E+07   0.2867239       
  54               3.70267763E-01   2.57772288E+00   1227.30542353    5.95095063E-05   1.52128090E+19   2.32237181E+07   0.00000000E+00   2.27935375E+07   0.28530401      
  55               4.38052539E-01   2.89523946E+00   1265.16760035    6.48391676E-05   1.65753332E+19   2.32237182E+07   0.00000000E+00   2.22823800E+07   0.28358999      
  56               5.18246648E-01   3.25348150E+00   1298.74883184    7.09786049E-05   1.81446674E+19   2.32237183E+07   0.00000000E+00   2.17543066E+07   0.282236        
  57               6.13121862E-01   3.66158863E+00   1336.32941353    7.76357075E-05   1.98464056E+19   2.32237170E+07   0.00000000E+00   2.12045374E+07   0.28060343      
  58               7.25365844E-01   4.13334726E+00   1369.62590547    8.55065503E-05   2.18587726E+19   2.32237181E+07   0.00000000E+00   2.06255210E+07   0.27933394      
  59               8.58158289E-01   4.68658820E+00   1407.32094523    9.43512603E-05   2.41206764E+19   2.32237168E+07   0.00000000E+00   2.00095741E+07   0.27776436      
  60               1.01526100E+00   5.33686444E+00   1440.93018510    1.04933531E-04   2.68268124E+19   2.32237159E+07   0.00000000E+00   1.93560395E+07   0.27650498      
  61               1.20112443E+00   6.09668450E+00   1479.68221456    1.16731410E-04   2.98435929E+19   2.32237163E+07   0.00000000E+00   1.86695039E+07   0.27484261      
  62               1.42101382E+00   6.97327031E+00   1514.78132266    1.30418349E-04   3.33435932E+19   2.32237141E+07   0.00000000E+00   1.79590558E+07   0.2735164       
  63               1.68115827E+00   7.97006566E+00   1555.84330566    1.45140513E-04   3.71040984E+19   2.32237139E+07   0.00000000E+00   1.72345316E+07   0.27180561      
  64               1.98892727E+00   9.09053715E+00   1593.80552680    1.61598892E-04   4.13123649E+19   2.32237123E+07   0.00000000E+00   1.65029060E+07   0.27044738      
  65               2.35303941E+00   1.03193748E+01   1638.46727789    1.78508830E-04   4.56185475E+19   2.32237104E+07   0.00000000E+00   1.57793578E+07   0.26872282      
  66               2.78380943E+00   1.16321762E+01   1680.80350123    1.96153112E-04   5.01267871E+19   2.32288372E+07   0.00000000E+00   1.50777838E+07   0.26726834      
  67               3.29344035E+00   1.29903610E+01   1730.76983615    2.12767725E-04   5.43635417E+19   2.27206278E+07   5.02851796E+05   1.44129446E+07   0.26533711      
  68               3.89636920E+00   1.43066492E+01   1775.67998079    2.28489615E-04   5.83578214E+19   2.01848021E+07   3.03876639E+06   1.38159412E+07   0.26360136      
  69               4.60967600E+00   1.54733440E+01   1812.43909102    2.42285857E-04   6.18367421E+19   1.72183087E+07   6.00531253E+06   1.33200557E+07   0.26211544      
  70               5.45356761E+00   1.64182143E+01   1840.92562919    2.53248954E-04   6.45974710E+19   1.50793687E+07   8.14431699E+06   1.29386018E+07   0.26083472      
  71               6.45195012E+00   1.74568820E+01   1870.36681593    2.65027273E-04   6.76029625E+19   1.38826220E+07   9.34112755E+06   1.25376818E+07   0.25965343      
  72               7.63310614E+00   1.86072565E+01   1901.73625979    2.77822876E-04   7.08692600E+19   1.23546432E+07   1.08690661E+07   1.21137361E+07   0.25858043      
  73               9.03049593E+00   1.95260773E+01   1925.33582507    2.88060654E-04   7.34571968E+19   1.04890520E+07   1.27344960E+07   1.17889281E+07   0.25762714      
  74               1.06837053E+01   2.02063801E+01   1942.56287744    2.95449120E-04   7.53423691E+19   9.33460692E+06   1.38889068E+07   1.15557332E+07   0.25671903      
  75               1.26395671E+01   2.09756418E+01   1961.05899410    3.03799356E-04   7.74730116E+19   8.81861516E+06   1.44050315E+07   1.12989661E+07   0.25587701      
  76               1.49534878E+01   2.18419074E+01   1981.63836496    3.13054507E-04   7.98347554E+19   8.39360016E+06   1.48302244E+07   1.10180686E+07   0.25504285      
  77               1.76910170E+01   2.28131841E+01   2003.51407126    3.23398209E-04   8.24744346E+19   7.95442300E+06   1.52696460E+07   1.07128125E+07   0.25450668      
  78               2.09297047E+01   2.39038570E+01   2027.66164911    3.34806530E-04   8.53882936E+19   7.10425214E+06   1.61251092E+07   1.03813542E+07   0.25411587      
  79               2.47612977E+01   2.47342918E+01   2045.10431948    3.43767233E-04   8.76011593E+19   5.99998719E+06   1.72303794E+07   1.01365486E+07   0.25369283      
  80               2.92943389E+01   2.53500937E+01   2058.10584514    3.50095201E-04   8.92149637E+19   5.39782137E+06   1.78256408E+07   9.95904144E+06   0.25319014      
  81               3.46572422E+01   2.60552095E+01   2072.22266579    3.57375548E-04   9.10718146E+19   5.18284492E+06   1.80406290E+07   9.75969659E+06   0.25264005      
  82               4.10019301E+01   2.68601759E+01   2088.41343728    3.65552974E-04   9.31575833E+19   4.99563749E+06   1.82278335E+07   9.53698630E+06   0.25199081      
  83               4.85081376E+01   2.77758110E+01   2105.88607083    3.74868652E-04   9.55339458E+19   4.79784769E+06   1.84256160E+07   9.28963864E+06   0.2512829       
  84               5.73885036E+01   2.88160635E+01   2125.62778398    3.85284561E-04   9.81913596E+19   4.61559326E+06   1.86078762E+07   9.01591736E+06   0.25044515      
  85               6.78945948E+01   2.99939036E+01   2146.79918791    3.97064119E-04   1.01196946E+20   4.41440538E+06   1.88090701E+07   8.71477947E+06   0.24955684      
  86               8.03240320E+01   3.13231071E+01   2170.34538719    4.10144309E-04   1.04535024E+20   4.21624529E+06   1.90072363E+07   8.38540263E+06   0.24854188      
  87               9.50289215E+01   3.28183079E+01   2195.35816704    4.24805603E-04   1.08277106E+20   4.00355204E+06   1.92199355E+07   8.02719374E+06   0.24745622      
  88               1.12425830E+02   3.44950884E+01   2222.77524765    4.40976436E-04   1.12405497E+20   3.79417911E+06   1.94293143E+07   7.63978109E+06   0.24623386      
  89               1.33007583E+02   3.63700979E+01   2251.61711526    4.58958863E-04   1.16997281E+20   3.57441323E+06   1.96490863E+07   7.22299871E+06   0.2448904       
  90               1.57357229E+02   3.84612267E+01   2282.81477705    4.78674569E-04   1.22033283E+20   3.35837000E+06   1.98651362E+07   6.77685548E+06   0.24337201      
  91               1.86164557E+02   4.07878019E+01   2315.32087108    5.00454370E-04   1.27598319E+20   3.13314851E+06   2.00903642E+07   6.30150347E+06   0.24179554      
  92               2.20245630E+02   4.33701416E+01   2350.09145332    5.24258569E-04   1.33669375E+20   2.91090971E+06   2.03126093E+07   5.79733866E+06   0.24005553      
  93               2.60565913E+02   4.62312945E+01   2386.00723758    5.50359793E-04   1.40342800E+20   2.69126544E+06   2.05322603E+07   5.26468379E+06   0.23820449      
  94               3.08267614E+02   4.93970577E+01   2424.07427550    5.78721758E-04   1.47598179E+20   2.48403025E+06   2.07395025E+07   4.70373745E+06   0.23623715      
  95               3.64702046E+02   5.28953443E+01   2463.13036777    6.09771869E-04   1.55544940E+20   2.27828997E+06   2.09452492E+07   4.11484216E+06   0.23417528      
  96               4.31467909E+02   5.67566150E+01   2504.20835811    6.43416740E-04   1.64161709E+20   2.08301833E+06   2.11405270E+07   3.49838639E+06   0.23199812      
  97               5.10456573E+02   6.10161168E+01   2546.11332373    6.80158531E-04   1.73577199E+20   1.89648497E+06   2.13270676E+07   2.85450000E+06   0.22967088      
  98               6.03905660E+02   6.57145895E+01   2589.93036817    7.19940997E-04   1.83780552E+20   1.72782287E+06   2.14957365E+07   2.18306317E+06   0.22728066      
  99               7.14462436E+02   7.08982680E+01   2634.47780397    7.63359916E-04   1.94924721E+20   1.57001055E+06   2.16535550E+07   1.48382183E+06   0.22476315      
  100              8.45258798E+02   7.66200801E+01   2680.86914476    8.10399846E-04   2.07010715E+20   1.42647084E+06   2.17971003E+07   7.56340669E+05   0.22218523      
  101              1.00000000E+03   8.29407242E+01   2727.92639005    8.61774873E-04   2.20222159E+20   1.34812781E+06   2.18754420E+07   0.00000000E+00   0.21951832      
