# ATMO pressure-temperature profile
# Effective temperature = 1400.0K
# log(g) = 3.0cm/s^2
# M/H = 0.0
# Optical depth grid in band 17 (1.20-1.33microns)
# All parameters in cgs units
#
# Model Level      Optical Depth    Pressure         Temperature      Density          Number Density   Rad Flux         Conv Flux        Radial Extension Adiabatic Gradient
#                                   [Ba]             [K]              [g/cm^3]         [/cm^3]          [ergs/s/cm^2/sr] [ergs/s/cm^2/sr] [cm]             [K/Ba]          
  1                1.00000000E-05   1.00000000E-05   339.30440873     8.35526680E-10   2.13469748E+14   2.17814656E+08   0.00000000E+00   5.78842821E+08   0.29776059      
  2                1.20226443E-05   1.74015213E-05   401.61880400     1.22835195E-09   3.13833297E+14   2.17814656E+08   0.00000000E+00   5.71536823E+08   0.29796791      
  3                1.44543977E-05   2.55442102E-05   434.44050546     1.66691940E-09   4.25880749E+14   2.17814656E+08   0.00000000E+00   5.65846330E+08   0.29798827      
  4                1.73780083E-05   3.49208920E-05   453.09423439     2.18498856E-09   5.58242159E+14   2.17814656E+08   0.00000000E+00   5.60933098E+08   0.29794939      
  5                2.08929613E-05   4.58916563E-05   469.35023502     2.77197287E-09   7.08210779E+14   2.17814656E+08   0.00000000E+00   5.56475326E+08   0.2978651       
  6                2.51188643E-05   5.87982125E-05   481.52558626     3.46176054E-09   8.84444518E+14   2.17814656E+08   0.00000000E+00   5.52308865E+08   0.29779896      
  7                3.01995172E-05   7.40244104E-05   494.41978539     4.24454684E-09   1.08443857E+15   2.17814656E+08   0.00000000E+00   5.48336699E+08   0.29767254      
  8                3.63078055E-05   9.20112919E-05   504.83469813     5.16706750E-09   1.32013325E+15   2.17814656E+08   0.00000000E+00   5.44495931E+08   0.29759196      
  9                4.36515832E-05   1.13278269E-04   516.64088974     6.21598568E-09   1.58812128E+15   2.17814656E+08   0.00000000E+00   5.40743362E+08   0.29743161      
  10               5.24807460E-05   1.38448457E-04   526.23279486     7.45868708E-09   1.90561889E+15   2.17814656E+08   0.00000000E+00   5.37046780E+08   0.29733884      
  11               6.30957344E-05   1.68265237E-04   537.30514113     8.87821306E-09   2.26829348E+15   2.17814656E+08   0.00000000E+00   5.33382685E+08   0.29740237      
  12               7.58577575E-05   2.03610139E-04   546.23376007     1.05675186E-08   2.69989392E+15   2.17814656E+08   0.00000000E+00   5.29733655E+08   0.29732585      
  13               9.12010839E-05   2.45531662E-04   556.72709412     1.25030882E-08   3.19441242E+15   2.17814656E+08   0.00000000E+00   5.26086603E+08   0.29715954      
  14               1.09647820E-04   2.95270330E-04   565.22920603     1.48097375E-08   3.78373798E+15   2.17814656E+08   0.00000000E+00   5.22431397E+08   0.29708136      
  15               1.31825674E-04   3.54295056E-04   575.49406722     1.74532533E-08   4.45912946E+15   2.17814656E+08   0.00000000E+00   5.18760078E+08   0.29690426      
  16               1.58489319E-04   4.24342939E-04   583.85653669     2.06045422E-08   5.26425203E+15   2.17814656E+08   0.00000000E+00   5.15066262E+08   0.29682185      
  17               1.90546072E-04   5.07470912E-04   594.09195914     2.42164047E-08   6.18704563E+15   2.17814656E+08   0.00000000E+00   5.11344823E+08   0.29663014      
  18               2.29086765E-04   6.06114195E-04   602.39768894     2.85248462E-08   7.28780927E+15   2.17814656E+08   0.00000000E+00   5.07591629E+08   0.29654201      
  19               2.75422870E-04   7.23153736E-04   612.67860447     3.34618932E-08   8.54916619E+15   2.17814656E+08   0.00000000E+00   5.03803316E+08   0.29633569      
  20               3.31131121E-04   8.61992663E-04   621.05203799     3.93485059E-08   1.00531328E+16   2.17814656E+08   0.00000000E+00   4.99977079E+08   0.29624012      
  21               3.98107171E-04   1.02669515E-03   631.49828149     4.60915982E-08   1.17759290E+16   2.17814656E+08   0.00000000E+00   4.96109625E+08   0.29601445      
  22               4.78630092E-04   1.22210934E-03   640.03165641     5.41331225E-08   1.38303907E+16   2.17814656E+08   0.00000000E+00   4.92197488E+08   0.29590785      
  23               5.75439937E-04   1.45396771E-03   650.76530832     6.33410513E-08   1.61828947E+16   2.17814656E+08   0.00000000E+00   4.88237912E+08   0.29566025      
  24               6.91830971E-04   1.72903040E-03   659.65638131     7.43086646E-08   1.89850043E+16   2.17814656E+08   0.00000000E+00   4.84228605E+08   0.29554153      
  25               8.31763771E-04   2.05526991E-03   670.86138758     8.68540663E-08   2.21902353E+16   2.17814656E+08   0.00000000E+00   4.80167710E+08   0.29526841      
  26               1.00000000E-03   2.44207547E-03   680.21164790     1.01782013E-07   2.60040419E+16   2.17814656E+08   0.00000000E+00   4.76053727E+08   0.29513283      
  27               1.20226443E-03   2.90046271E-03   692.07127021     1.18815137E-07   3.03558435E+16   2.17814656E+08   0.00000000E+00   4.71885406E+08   0.29482822      
  28               1.44543977E-03   3.44331277E-03   702.16919641     1.39023815E-07   3.55189844E+16   2.17814655E+08   0.00000000E+00   4.67661644E+08   0.29467193      
  29               1.73780083E-03   4.08568226E-03   714.91737671     1.62017557E-07   4.13937312E+16   2.17814655E+08   0.00000000E+00   4.63381492E+08   0.29433216      
  30               2.08929613E-03   4.84509720E-03   725.92272792     1.89218719E-07   4.83434833E+16   2.17814655E+08   0.00000000E+00   4.59044226E+08   0.29415024      
  31               2.51188643E-03   5.74186687E-03   739.79294928     2.20035606E-07   5.62171429E+16   2.17814655E+08   0.00000000E+00   4.54649291E+08   0.29377004      
  32               3.01995172E-03   6.79938183E-03   752.08376165     2.56301342E-07   6.54830740E+16   2.17814655E+08   0.00000000E+00   4.50196169E+08   0.29355591      
  33               3.63078055E-03   8.04478371E-03   767.45928635     2.97169004E-07   7.59250115E+16   2.17814655E+08   0.00000000E+00   4.45683512E+08   0.2931236       
  34               4.36515832E-03   9.51063731E-03   781.18690166     3.45140185E-07   8.81821142E+16   2.17814655E+08   0.00000000E+00   4.41106405E+08   0.2928664       
  35               5.24807460E-03   1.12346431E-02   798.22594483     3.98997095E-07   1.01943439E+17   2.17814655E+08   0.00000000E+00   4.36460652E+08   0.29262774      
  36               6.30957344E-03   1.32597132E-02   813.91202551     4.61836244E-07   1.18000135E+17   2.17814655E+08   0.00000000E+00   4.31743159E+08   0.29239984      
  37               7.58577575E-03   1.56345061E-02   833.23474293     5.31915720E-07   1.35907254E+17   2.17814655E+08   0.00000000E+00   4.26951780E+08   0.29187211      
  38               9.12010839E-03   1.84134605E-02   851.30332036     6.13158723E-07   1.56666783E+17   2.17814655E+08   0.00000000E+00   4.22085761E+08   0.29144571      
  39               1.09647820E-02   2.16564093E-02   873.37704841     7.02923733E-07   1.79601730E+17   2.17814655E+08   0.00000000E+00   4.17146064E+08   0.29070815      
  40               1.31825674E-02   2.54281718E-02   894.55058396     8.05795513E-07   2.05890388E+17   2.17814655E+08   0.00000000E+00   4.12134447E+08   0.29016624      
  41               1.58489319E-02   2.97982872E-02   920.07187218     9.18068258E-07   2.34582379E+17   2.17814655E+08   0.00000000E+00   4.07053518E+08   0.28927692      
  42               1.90546072E-02   3.48430840E-02   944.71927007     1.04546826E-06   2.67140450E+17   2.17814655E+08   0.00000000E+00   4.01904185E+08   0.2886245       
  43               2.29086765E-02   4.06586376E-02   973.73634504     1.18358867E-06   3.02438643E+17   2.17814655E+08   0.00000000E+00   3.96676188E+08   0.28765816      
  44               2.75422870E-02   4.73465335E-02   1002.19235568    1.33912200E-06   3.42186555E+17   2.17814656E+08   0.00000000E+00   3.91363929E+08   0.28699367      
  45               3.31131121E-02   5.50104145E-02   1035.48405556    1.50584208E-06   3.84793158E+17   2.17814656E+08   0.00000000E+00   3.85966970E+08   0.28600882      
  46               3.98107171E-02   6.37506371E-02   1068.56000585    1.69106314E-06   4.32127051E+17   2.17814657E+08   0.00000000E+00   3.80489841E+08   0.28523533      
  47               4.78630092E-02   7.36608048E-02   1106.69605850    1.88659907E-06   4.82096453E+17   2.17814657E+08   0.00000000E+00   3.74941522E+08   0.28406431      
  48               5.75439937E-02   8.48202743E-02   1145.12989771    2.09949382E-06   5.36501275E+17   2.17814658E+08   0.00000000E+00   3.69334316E+08   0.2830597       
  49               6.91830971E-02   9.73368600E-02   1190.37383653    2.31772707E-06   5.92270087E+17   2.17654912E+08   1.59763952E+05   3.63660209E+08   0.28155857      
  50               8.31763771E-02   1.11319915E-01   1236.23345248    2.55234769E-06   6.52226160E+17   2.16916666E+08   8.98287623E+05   3.57911092E+08   0.28015065      
  51               1.00000000E-01   1.26934343E-01   1282.29695739    2.80580520E-06   7.16995394E+17   2.15713273E+08   2.10129398E+06   3.52076271E+08   0.27846295      
  52               1.20226443E-01   1.44339286E-01   1328.98349866    3.07845395E-06   7.86666766E+17   2.14048350E+08   3.76737443E+06   3.46154140E+08   0.27729729      
  53               1.44543977E-01   1.63687233E-01   1376.00159780    3.37186241E-06   8.61631780E+17   2.11873921E+08   5.94013071E+06   3.40148830E+08   0.27535446      
  54               1.73780083E-01   1.85172315E-01   1423.37326404    3.68762327E-06   9.42286764E+17   2.09178131E+08   8.63553812E+06   3.34055803E+08   0.27320765      
  55               2.08929613E-01   2.08955083E-01   1470.95282194    4.02801689E-06   1.02891628E+18   2.05938830E+08   1.18744271E+07   3.27884481E+08   0.27109092      
  56               2.51188643E-01   2.35058290E-01   1518.49722078    4.38945569E-06   1.12121116E+18   2.02037169E+08   1.57760311E+07   3.21676575E+08   0.26910146      
  57               3.01995172E-01   2.63074616E-01   1565.04509303    4.76758409E-06   1.21752512E+18   1.97380323E+08   2.04349834E+07   3.15552076E+08   0.26739939      
  58               3.63078055E-01   2.91880188E-01   1609.04628311    5.14682050E-06   1.31389881E+18   1.91986794E+08   2.58401772E+07   3.09736750E+08   0.26591526      
  59               4.36515832E-01   3.19556840E-01   1648.15991954    5.50665305E-06   1.40434758E+18   1.86169981E+08   3.16413127E+07   3.04537398E+08   0.26442194      
  60               5.24807460E-01   3.43385163E-01   1679.73304063    5.80595940E-06   1.48070008E+18   1.80816682E+08   3.69965228E+07   3.00323218E+08   0.26320477      
  61               6.30957344E-01   3.70093834E-01   1713.13417509    6.13527068E-06   1.56475486E+18   1.74885037E+08   4.30309433E+07   2.95848160E+08   0.26225307      
  62               7.58577575E-01   3.93800555E-01   1741.21254860    6.42839838E-06   1.63813759E+18   1.69296370E+08   4.85890938E+07   2.92072862E+08   0.26115841      
  63               9.12010839E-01   4.13481749E-01   1763.48618626    6.66426509E-06   1.69828323E+18   1.64508861E+08   5.32626164E+07   2.89065926E+08   0.25988787      
  64               1.09647820E+00   4.35755900E-01   1787.66074658    6.92807069E-06   1.76556622E+18   1.59236666E+08   5.85389147E+07   2.85787848E+08   0.25843486      
  65               1.31825674E+00   4.60836346E-01   1813.63259350    7.22159733E-06   1.84044673E+18   1.53274707E+08   6.45051954E+07   2.82242059E+08   0.25683217      
  66               1.58489319E+00   4.88902820E-01   1841.32067087    7.54580026E-06   1.92317566E+18   1.46501446E+08   7.12830251E+07   2.78439997E+08   0.25504795      
  67               1.90546072E+00   5.20047723E-01   1870.45388479    7.90093573E-06   2.01382642E+18   1.38918883E+08   7.88694746E+07   2.74406370E+08   0.25301342      
  68               2.29086765E+00   5.54233282E-01   1900.72855492    8.28548448E-06   2.11202154E+18   1.30928010E+08   8.68626933E+07   2.70181188E+08   0.25072551      
  69               2.75422870E+00   5.91932421E-01   1932.21038083    8.70395027E-06   2.21892977E+18   1.23189904E+08   9.46033787E+07   2.65741879E+08   0.24822047      
  70               3.31131121E+00   6.34065696E-01   1965.33347569    9.16512674E-06   2.33681238E+18   1.15654298E+08   1.02142567E+08   2.61024518E+08   0.24542773      
  71               3.98107171E+00   6.81059108E-01   1999.92688369    9.67251141E-06   2.46658750E+18   1.07996630E+08   1.09803573E+08   2.56033377E+08   0.24224987      
  72               4.78630092E+00   7.33386395E-01   2035.89959904    1.02295567E-05   2.60916973E+18   1.00173337E+08   1.17629777E+08   2.50772814E+08   0.23871326      
  73               5.75439937E+00   7.91577558E-01   2073.07270581    1.08405652E-05   2.76569815E+18   9.22369199E+07   1.25568762E+08   2.45246888E+08   0.23489858      
  74               6.91830971E+00   8.56225698E-01   2111.37295887    1.15097695E-05   2.93730566E+18   8.42836971E+07   1.33524179E+08   2.39459273E+08   0.23079789      
  75               8.31763771E+00   9.27995203E-01   2150.61161422    1.22425537E-05   3.12542862E+18   7.64273383E+07   1.41382305E+08   2.33413191E+08   0.22647999      
  76               1.00000000E+01   1.00762645E+00   2190.73500420    1.30440936E-05   3.33146726E+18   6.87672696E+07   1.49043858E+08   2.27111684E+08   0.22193802      
  77               1.20226443E+01   1.09594368E+00   2231.54337091    1.39210187E-05   3.55720377E+18   6.14001331E+07   1.56412224E+08   2.20557668E+08   0.21719445      
  78               1.44543977E+01   1.19386348E+00   2272.98741531    1.48796970E-05   3.80437636E+18   5.43991258E+07   1.63414220E+08   2.13754003E+08   0.21211712      
  79               1.73780083E+01   1.30240616E+00   2314.80602882    1.59286246E-05   4.07528208E+18   4.77886512E+07   1.70025505E+08   2.06703503E+08   0.20688309      
  80               2.08929613E+01   1.42253108E+00   2356.95482928    1.70754052E-05   4.37155900E+18   4.16690942E+07   1.76145772E+08   1.99419388E+08   0.20166713      
  81               2.51188643E+01   1.55547987E+00   2399.24877328    1.83264805E-05   4.69585799E+18   3.62555086E+07   1.81560024E+08   1.91903749E+08   0.19663035      
  82               3.01995172E+01   1.70279021E+00   2441.83340002    1.96933363E-05   5.05092540E+18   3.15023943E+07   1.86313861E+08   1.84149477E+08   0.19154161      
  83               3.63078055E+01   1.86596058E+00   2484.40247573    2.11882699E-05   5.44009334E+18   2.72680962E+07   1.90549040E+08   1.76161417E+08   0.18668913      
  84               4.36515832E+01   2.04664099E+00   2527.17882864    2.28198920E-05   5.86585782E+18   2.35442630E+07   1.94274067E+08   1.67944397E+08   0.18204291      
  85               5.24807460E+01   2.24664156E+00   2569.84518844    2.46027462E-05   6.33217146E+18   2.03294652E+07   1.97490499E+08   1.59503458E+08   0.17754002      
  86               6.30957344E+01   2.46794008E+00   2612.61195652    2.65471264E-05   6.84203893E+18   1.75590001E+07   2.00263281E+08   1.50844086E+08   0.17316692      
  87               7.58577575E+01   2.71268974E+00   2655.15108079    2.86700431E-05   7.40008532E+18   1.51728298E+07   2.02652721E+08   1.41972368E+08   0.16914261      
  88               9.12010839E+01   2.98321301E+00   2697.79564839    3.09816735E-05   8.00941975E+18   1.31140585E+07   2.04716158E+08   1.32895274E+08   0.16529696      
  89               1.09647820E+02   3.28201661E+00   2740.12836461    3.35023090E-05   8.67552381E+18   1.13226088E+07   2.06514068E+08   1.23620469E+08   0.16160812      
  90               1.31825674E+02   3.61180934E+00   2782.48980049    3.62433238E-05   9.40193134E+18   9.78531853E+06   2.08060288E+08   1.14155948E+08   0.15816102      
  91               1.58489319E+02   3.97552450E+00   2824.50619595    3.92273521E-05   1.01947773E+19   8.46815631E+06   2.09389651E+08   1.04509627E+08   0.15511215      
  92               1.90546072E+02   4.37628164E+00   2866.62381234    4.24649040E-05   1.10575879E+19   7.34090209E+06   2.10533575E+08   9.46903250E+07   0.15230499      
  93               2.29086765E+02   4.81740895E+00   2908.38009899    4.59822797E-05   1.19974291E+19   6.36523342E+06   2.11531488E+08   8.47072958E+07   0.14972831      
  94               2.75422870E+02   5.30247050E+00   2950.23902782    4.97901811E-05   1.30180788E+19   5.52680536E+06   2.12399292E+08   7.45696172E+07   0.14734697      
  95               3.31131121E+02   5.83529711E+00   2991.71800074    5.39187542E-05   1.41275925E+19   4.80077985E+06   2.13163430E+08   6.42858410E+07   0.14522839      
  96               3.98107171E+02   6.41999254E+00   3033.34649507    5.83779987E-05   1.53298654E+19   4.17316219E+06   2.13839560E+08   5.38640175E+07   0.1432494       
  97               4.78630092E+02   7.06073401E+00   3074.55516761    6.32019838E-05   1.66338737E+19   3.62428249E+06   2.14448505E+08   4.33152656E+07   0.14143568      
  98               5.75439937E+02   7.76201743E+00   3115.90530476    6.83987201E-05   1.80433097E+19   3.15142560E+06   2.14994952E+08   3.26489988E+07   0.13975912      
  99               6.91830971E+02   8.52879296E+00   3156.82043194    7.40087716E-05   1.95687702E+19   2.74085867E+06   2.15494074E+08   2.18716854E+07   0.13829889      
  100              8.31763771E+02   9.36645970E+00   3197.94842921    8.00398210E-05   2.12143560E+19   2.38712116E+06   2.15953547E+08   1.09877862E+07   0.13699816      
  101              1.00000000E+03   1.02809214E+01   3238.68166756    8.65405404E-05   2.29926811E+19   2.21278537E+06   2.16210879E+08   0.00000000E+00   0.13584951      
