# ATMO pressure-temperature profile
# Effective temperature = 1800.0K
# log(g) = 5.5cm/s^2
# M/H = 0.0
# Optical depth grid in band 17 (1.20-1.33microns)
# All parameters in cgs units
#
# Model Level      Optical Depth    Pressure         Temperature      Density          Number Density   Rad Flux         Conv Flux        Radial Extension Adiabatic Gradient
#                                   [Ba]             [K]              [g/cm^3]         [/cm^3]          [ergs/s/cm^2/sr] [ergs/s/cm^2/sr] [cm]             [K/Ba]          
  1                1.00000000E-07   1.00000000E-05   591.20502148     4.79188921E-10   1.22514566E+14   5.95202773E+08   0.00000000E+00   2.68653003E+06   0.29799922      
  2                1.25892541E-07   3.12653166E-05   616.08540413     1.43772725E-09   3.67576511E+14   5.95202773E+08   0.00000000E+00   2.60551220E+06   0.29783403      
  3                1.58489319E-07   5.71725326E-05   634.74101943     2.55179574E-09   6.52404135E+14   5.95202773E+08   0.00000000E+00   2.56274020E+06   0.29770336      
  4                1.99526231E-07   8.91198307E-05   644.25863302     3.91898338E-09   1.00193592E+15   5.95202773E+08   0.00000000E+00   2.53079361E+06   0.29754607      
  5                2.51188643E-07   1.28646595E-04   658.94866266     5.53100205E-09   1.41407535E+15   5.95202773E+08   0.00000000E+00   2.50394619E+06   0.29764104      
  6                3.16227766E-07   1.77605774E-04   667.00045969     7.54380276E-09   1.92866494E+15   5.95202773E+08   0.00000000E+00   2.47997790E+06   0.29749403      
  7                3.98107171E-07   2.38305423E-04   680.49726362     9.92119924E-09   2.53649133E+15   5.95202773E+08   0.00000000E+00   2.45779037E+06   0.29738648      
  8                5.01187234E-07   3.13580964E-04   688.02806693     1.29122452E-08   3.30118130E+15   5.95202773E+08   0.00000000E+00   2.43675883E+06   0.29723197      
  9                6.30957344E-07   4.06968665E-04   700.92229175     1.64492727E-08   4.20549324E+15   5.95202773E+08   0.00000000E+00   2.41649529E+06   0.29711893      
  10               7.94328235E-07   5.22822452E-04   708.23973872     2.09137030E-08   5.34687189E+15   5.95202773E+08   0.00000000E+00   2.39674282E+06   0.29695467      
  11               1.00000000E-06   6.66556444E-04   720.87878560     2.61956598E-08   6.69731191E+15   5.95202773E+08   0.00000000E+00   2.37732371E+06   0.29683259      
  12               1.25892541E-06   8.44835283E-04   728.20163805     3.28682317E-08   8.40322963E+15   5.95202773E+08   0.00000000E+00   2.35811063E+06   0.29665376      
  13               1.58489319E-06   1.06592177E-03   740.86066379     4.07608011E-08   1.04211257E+16   5.95202773E+08   0.00000000E+00   2.33900978E+06   0.29652033      
  14               1.99526231E-06   1.33998550E-03   748.32473151     5.07300316E-08   1.29698765E+16   5.95202773E+08   0.00000000E+00   2.31995089E+06   0.29632638      
  15               2.51188643E-06   1.67962904E-03   761.11078818     6.25200099E-08   1.59842159E+16   5.95202773E+08   0.00000000E+00   2.30087954E+06   0.29617959      
  16               3.16227766E-06   2.10056483E-03   768.70693701     7.74158826E-08   1.97925217E+16   5.95202773E+08   0.00000000E+00   2.28174618E+06   0.29596586      
  17               3.98107171E-06   2.62235359E-03   781.61381274     9.50501712E-08   2.43010402E+16   5.95202773E+08   0.00000000E+00   2.26251069E+06   0.29580517      
  18               5.01187234E-06   3.26918074E-03   789.31356879     1.17339593E-07   2.99995820E+16   5.95202773E+08   0.00000000E+00   2.24314248E+06   0.29557022      
  19               6.30957344E-06   4.07104883E-03   802.34930533     1.43746790E-07   3.67509585E+16   5.95202772E+08   0.00000000E+00   2.22361790E+06   0.29539656      
  20               7.94328235E-06   5.06502231E-03   810.14519238     1.77123135E-07   4.52839543E+16   5.95202772E+08   0.00000000E+00   2.20391917E+06   0.29513994      
  21               1.00000000E-05   6.29703881E-03   823.24327132     2.16703800E-07   5.54030941E+16   5.95202772E+08   0.00000000E+00   2.18403325E+06   0.29495203      
  22               1.25892541E-05   7.82385698E-03   831.09452363     2.66704570E-07   6.81861739E+16   5.95202772E+08   0.00000000E+00   2.16394978E+06   0.29467352      
  23               1.58489319E-05   9.71571459E-03   844.25700594     3.26034487E-07   8.33538981E+16   5.95202772E+08   0.00000000E+00   2.14366166E+06   0.29447245      
  24               1.99526231E-05   1.20593025E-02   852.09290170     4.00959520E-07   1.02508784E+17   5.95202772E+08   0.00000000E+00   2.12316424E+06   0.29417313      
  25               2.51188643E-05   1.49615972E-02   865.38907718     4.89821920E-07   1.25225389E+17   5.95202771E+08   0.00000000E+00   2.10245461E+06   0.2939909       
  26               3.16227766E-05   1.85541748E-02   873.43688014     6.01844038E-07   1.53863624E+17   5.95202771E+08   0.00000000E+00   2.08153059E+06   0.29372878      
  27               3.98107171E-05   2.29990920E-02   887.09627806     7.34536128E-07   1.87787108E+17   5.95202770E+08   0.00000000E+00   2.06039010E+06   0.2934996       
  28               5.01187234E-05   2.84945984E-02   895.52081592     9.01492809E-07   2.30469094E+17   5.95202770E+08   0.00000000E+00   2.03903409E+06   0.29318111      
  29               6.30957344E-05   3.52833416E-02   909.88637346     1.09864464E-06   2.80871962E+17   5.95202769E+08   0.00000000E+00   2.01746263E+06   0.29296507      
  30               7.94328235E-05   4.36611153E-02   918.93228672     1.34613314E-06   3.44141585E+17   5.95202768E+08   0.00000000E+00   1.99567771E+06   0.29258257      
  31               1.00000000E-04   5.39904029E-02   934.14175205     1.63749348E-06   4.18629303E+17   5.95202767E+08   0.00000000E+00   1.97367700E+06   0.29223234      
  32               1.25892541E-04   6.67167963E-02   944.29047304     2.00173665E-06   5.11747130E+17   5.95202765E+08   0.00000000E+00   1.95144841E+06   0.29172872      
  33               1.58489319E-04   8.23803369E-02   960.96781497     2.42879391E-06   6.20927023E+17   5.95202764E+08   0.00000000E+00   1.92898420E+06   0.29140634      
  34               1.99526231E-04   1.01629820E-01   972.72397009     2.96011333E-06   7.56758619E+17   5.95202762E+08   0.00000000E+00   1.90628191E+06   0.29096654      
  35               2.51188643E-04   1.25249049E-01   991.35371853     3.57948460E-06   9.15106489E+17   5.95202761E+08   0.00000000E+00   1.88333621E+06   0.29058958      
  36               3.16227766E-04   1.54172572E-01   1005.42950775    4.34440302E-06   1.11066051E+18   5.95202759E+08   0.00000000E+00   1.86014220E+06   0.28997201      
  37               3.98107171E-04   1.89503537E-01   1026.71976971    5.22922120E-06   1.33687633E+18   5.95202757E+08   0.00000000E+00   1.83670142E+06   0.2894857       
  38               5.01187234E-04   2.32532755E-01   1043.64175226    6.31252564E-06   1.61383277E+18   5.95202754E+08   0.00000000E+00   1.81301806E+06   0.28884677      
  39               6.30957344E-04   2.84789967E-01   1068.23031423    7.55311927E-06   1.93101491E+18   5.95202754E+08   0.00000000E+00   1.78908592E+06   0.28834817      
  40               7.94328235E-04   3.48008660E-01   1088.91879881    9.05438144E-06   2.31483689E+18   5.95202751E+08   0.00000000E+00   1.76491167E+06   0.28759827      
  41               1.00000000E-03   4.24149642E-01   1117.54616805    1.07525913E-05   2.74902994E+18   5.95202752E+08   0.00000000E+00   1.74050927E+06   0.28691847      
  42               1.25892541E-03   5.15473420E-01   1142.59144877    1.27811979E-05   3.26769224E+18   5.95202748E+08   0.00000000E+00   1.71587489E+06   0.28597303      
  43               1.58489319E-03   6.24732492E-01   1176.02068301    1.50497843E-05   3.84773341E+18   5.95202753E+08   0.00000000E+00   1.69096300E+06   0.28510415      
  44               1.99526231E-03   7.54962642E-01   1206.39361103    1.77289795E-05   4.53275529E+18   5.95202746E+08   0.00000000E+00   1.66575116E+06   0.28388777      
  45               2.51188643E-03   9.09553817E-01   1245.29399757    2.06918168E-05   5.29032491E+18   5.95202755E+08   0.00000000E+00   1.64022746E+06   0.28273439      
  46               3.16227766E-03   1.09252575E+00   1281.45480180    2.41526979E-05   6.17524549E+18   5.95202743E+08   0.00000000E+00   1.61434519E+06   0.28124247      
  47               3.98107171E-03   1.30869682E+00   1326.05878556    2.79579695E-05   7.14828913E+18   5.95202750E+08   0.00000000E+00   1.58803875E+06   0.27991143      
  48               5.01187234E-03   1.56406558E+00   1367.70334981    3.23951717E-05   8.28302341E+18   5.95202730E+08   0.00000000E+00   1.56120538E+06   0.27833069      
  49               6.30957344E-03   1.86717314E+00   1416.79310038    3.73317278E-05   9.54561684E+18   5.95202733E+08   0.00000000E+00   1.53364288E+06   0.27683624      
  50               7.94328235E-03   2.22833128E+00   1462.25371767    4.31665811E-05   1.10378087E+19   5.95202703E+08   0.00000000E+00   1.50519262E+06   0.27490868      
  51               1.00000000E-02   2.65560152E+00   1514.49433978    4.96706568E-05   1.27005080E+19   5.95202675E+08   0.00000000E+00   1.47601270E+06   0.27316179      
  52               1.25892541E-02   3.14363072E+00   1562.34668057    5.70224861E-05   1.45740399E+19   5.95202629E+08   0.00000000E+00   1.44701199E+06   0.27114376      
  53               1.58489319E-02   3.68630322E+00   1615.69514098    6.46598472E-05   1.65256091E+19   5.95202564E+08   0.00000000E+00   1.41875023E+06   0.26937074      
  54               1.99526231E-02   4.27699060E+00   1663.38604383    7.28803471E-05   1.86239193E+19   5.95202455E+08   0.00000000E+00   1.39153943E+06   0.26733622      
  55               2.51188643E-02   4.87429515E+00   1714.49302010    8.06127054E-05   2.05921618E+19   5.95184665E+08   0.00000000E+00   1.36689599E+06   0.26555812      
  56               3.16227766E-02   5.41937575E+00   1763.22144860    8.72718501E-05   2.22622084E+19   5.93041698E+08   2.17364149E+06   1.34634295E+06   0.26355323      
  57               3.98107171E-02   5.90296618E+00   1803.23646002    9.29471695E-05   2.37106497E+19   5.89376761E+08   5.85556996E+06   1.32936353E+06   0.26187807      
  58               5.01187234E-02   6.32523997E+00   1836.05862826    9.78452694E-05   2.49526285E+19   5.85256729E+08   1.00321182E+07   1.31536031E+06   0.26037425      
  59               6.30957344E-02   6.66096867E+00   1860.86207677    1.01663573E-04   2.59268076E+19   5.81164528E+08   1.41756116E+07   1.30471555E+06   0.25898169      
  60               7.94328235E-02   7.05786491E+00   1888.92010543    1.06118866E-04   2.70636016E+19   5.75902273E+08   1.94622244E+07   1.29263190E+06   0.25769669      
  61               1.00000000E-01   7.52349797E+00   1920.18210580    1.11271054E-04   2.83794013E+19   5.68765319E+08   2.65789488E+07   1.27908136E+06   0.25683648      
  62               1.25892541E-01   7.88658756E+00   1943.55937052    1.15336313E-04   2.93911891E+19   5.61672310E+08   3.35461551E+07   1.26894480E+06   0.25619082      
  63               1.58489319E-01   8.16138143E+00   1960.63940873    1.18312899E-04   3.01503104E+19   5.55409799E+08   3.97072308E+07   1.26150591E+06   0.25542149      
  64               1.99526231E-01   8.49192151E+00   1980.62233518    1.21859599E-04   3.10549003E+19   5.48379262E+08   4.67320032E+07   1.25280072E+06   0.25448531      
  65               2.51188643E-01   8.88607201E+00   2003.55208782    1.26052411E-04   3.21244004E+19   5.40159108E+08   5.49427466E+07   1.24274399E+06   0.25337817      
  66               3.16227766E-01   9.35205933E+00   2029.64153397    1.30952208E-04   3.33744219E+19   5.30574690E+08   6.45103710E+07   1.23127454E+06   0.25208092      
  67               3.98107171E-01   9.90061934E+00   2058.91032280    1.36655543E-04   3.48297832E+19   5.19576391E+08   7.54937038E+07   1.21830710E+06   0.2506046       
  68               5.01187234E-01   1.05451613E+01   2091.64745707    1.43264339E-04   3.65166207E+19   5.06825683E+08   8.82344815E+07   1.20374013E+06   0.24887527      
  69               6.30957344E-01   1.12980021E+01   2127.69348197    1.50879103E-04   3.84608101E+19   4.91796896E+08   1.03253082E+08   1.18754739E+06   0.24691878      
  70               7.94328235E-01   1.21725562E+01   2167.10553800    1.59584712E-04   4.06843674E+19   4.74051891E+08   1.20987754E+08   1.16972453E+06   0.24473685      
  71               1.00000000E+00   1.31835430E+01   2209.60965102    1.69491089E-04   4.32157864E+19   4.53217386E+08   1.41812213E+08   1.15028536E+06   0.24230855      
  72               1.25892541E+00   1.43472526E+01   2255.17149276    1.80694442E-04   4.60802696E+19   4.29038137E+08   1.65982168E+08   1.12925723E+06   0.23950339      
  73               1.58489319E+00   1.56819577E+01   2303.39538198    1.93327435E-04   4.93125687E+19   4.01475065E+08   1.93536817E+08   1.10667492E+06   0.23642896      
  74               1.99526231E+00   1.72075764E+01   2354.22531521    2.07520973E-04   5.29416557E+19   3.70722217E+08   2.24282189E+08   1.08258786E+06   0.2330551       
  75               2.51188643E+00   1.89473406E+01   2407.22000826    2.23399506E-04   5.70109551E+19   3.37488714E+08   2.57508935E+08   1.05703605E+06   0.22945946      
  76               3.16227766E+00   2.09280493E+01   2462.38830140    2.41129898E-04   6.15599204E+19   3.02637129E+08   2.92354644E+08   1.03004885E+06   0.22564155      
  77               3.98107171E+00   2.31794569E+01   2519.26746257    2.60917628E-04   6.66430428E+19   2.67090330E+08   3.27896373E+08   1.00166434E+06   0.22164529      
  78               5.01187234E+00   2.57359644E+01   2577.89578137    2.82947813E-04   7.23104279E+19   2.32177265E+08   3.62805148E+08   9.71910190E+05   0.21745836      
  79               6.30957344E+00   2.86370300E+01   2637.81781933    3.07489232E-04   7.86337552E+19   1.99337781E+08   3.95641363E+08   9.40807684E+05   0.21320129      
  80               7.94328235E+00   3.19276163E+01   2699.16213612    3.34774906E-04   8.56768247E+19   1.69818946E+08   4.25156823E+08   9.08374572E+05   0.20889385      
  81               1.00000000E+01   3.56583821E+01   2761.47342141    3.65137803E-04   9.35290679E+19   1.44222754E+08   4.50748443E+08   8.74630265E+05   0.204466        
  82               1.25892541E+01   3.98864981E+01   2824.84598801    3.98873664E-04   1.02272053E+20   1.22561482E+08   4.72402949E+08   8.39594719E+05   0.20025015      
  83               1.58489319E+01   4.46757161E+01   2889.01269959    4.36356295E-04   1.12007708E+20   1.04208282E+08   4.90746987E+08   8.03292347E+05   0.19614853      
  84               1.99526231E+01   5.00967300E+01   2954.01173512    4.77941843E-04   1.22835247E+20   8.85504621E+07   5.06393217E+08   7.65753437E+05   0.19218587      
  85               2.51188643E+01   5.62273146E+01   3019.57632237    5.24062340E-04   1.34873669E+20   7.50732246E+07   5.19857304E+08   7.27015842E+05   0.18839096      
  86               3.16227766E+01   6.31482459E+01   3085.72334170    5.75086652E-04   1.48227965E+20   6.35119771E+07   5.31404777E+08   6.87148559E+05   0.18469959      
  87               3.98107171E+01   7.09362174E+01   3152.00994032    6.31402407E-04   1.63007012E+20   5.37108096E+07   5.41192091E+08   6.46277579E+05   0.18130175      
  88               5.01187234E+01   7.96729691E+01   3218.55375903    6.93299596E-04   1.79298260E+20   4.53923478E+07   5.49498659E+08   6.04518865E+05   0.17815961      
  89               6.30957344E+01   8.94474764E+01   3284.95599108    7.61220336E-04   1.97226095E+20   3.82800630E+07   5.56603583E+08   5.61969808E+05   0.17524878      
  90               7.94328235E+01   1.00357849E+02   3351.42062507    8.35506969E-04   2.16894353E+20   3.22340799E+07   5.62649978E+08   5.18706456E+05   0.17266019      
  91               1.00000000E+02   1.12512802E+02   3417.69589244    9.16672637E-04   2.38448374E+20   2.70662078E+07   5.67830058E+08   4.74784479E+05   0.17034148      
  92               1.25892541E+02   1.26034051E+02   3484.03811617    1.00514520E-03   2.62017825E+20   2.27056838E+07   5.72218913E+08   4.30238755E+05   0.16825149      
  93               1.58489319E+02   1.41056208E+02   3550.21736567    1.10155839E-03   2.87781652E+20   1.90727865E+07   5.75900852E+08   3.85092183E+05   0.16641069      
  94               1.99526231E+02   1.57729414E+02   3616.56447936    1.20641684E-03   3.15894684E+20   1.60443991E+07   5.79003492E+08   3.39354170E+05   0.16473838      
  95               2.51188643E+02   1.76224584E+02   3682.82957543    1.32053693E-03   3.46585757E+20   1.34938327E+07   5.81657577E+08   2.93015365E+05   0.16324368      
  96               3.16227766E+02   1.96737231E+02   3749.41908734    1.44457706E-03   3.80056712E+20   1.13494777E+07   5.83938167E+08   2.46049040E+05   0.1619501       
  97               3.98107171E+02   2.19490891E+02   3816.13872305    1.57957396E-03   4.16598966E+20   9.53060673E+06   5.85927902E+08   1.98414566E+05   0.16080696      
  98               5.01187234E+02   2.44742315E+02   3883.40460239    1.72640704E-03   4.56480535E+20   7.99818239E+06   5.87667366E+08   1.50058067E+05   0.15978483      
  99               6.30957344E+02   2.72786292E+02   3951.02060883    1.88642245E-03   5.00079540E+20   6.72479032E+06   5.89183331E+08   1.00915363E+05   0.15893767      
  100              7.94328235E+02   3.03957719E+02   4019.47911243    2.06071342E-03   5.47733421E+20   5.67670716E+06   5.90506951E+08   5.09189134E+04   0.15828775      
  101              1.00000000E+03   3.38635995E+02   4088.59975066    2.25092351E-03   5.99907595E+20   5.19254238E+06   5.91191451E+08   0.00000000E+00   0.15781422      
