# ATMO pressure-temperature profile
# Effective temperature = 350.0K
# log(g) = 2.5cm/s^2
# M/H = 0.0
# Optical depth grid in band 17 (1.20-1.33microns)
# All parameters in cgs units
#
# Model Level      Optical Depth    Pressure         Temperature      Density          Number Density   Rad Flux         Conv Flux        Radial Extension Adiabatic Gradient
#                                   [Ba]             [K]              [g/cm^3]         [/cm^3]          [ergs/s/cm^2/sr] [ergs/s/cm^2/sr] [cm]             [K/Ba]          
  1                5.00000000E-04   1.00000000E-05   50.88327145      5.56715540E-09   1.42347818E+15   8.50674519E+05   0.00000000E+00   8.02115686E+08   0.34574124      
  2                5.78069831E-04   9.36000719E-05   65.92231105      4.02209319E-08   1.02841783E+16   8.50674519E+05   0.00000000E+00   7.84448641E+08   0.34574123      
  3                6.68329458E-04   1.90106970E-04   74.48308123      7.23017444E-08   1.84869916E+16   8.50674519E+05   0.00000000E+00   7.78789404E+08   0.31479393      
  4                7.72682194E-04   2.97781595E-04   81.98096259      1.02894748E-07   2.63093839E+16   8.50674519E+05   0.00000000E+00   7.74841720E+08   0.31480922      
  5                8.93328530E-04   4.16273430E-04   87.22463924      1.35191031E-07   3.45672913E+16   8.50674519E+05   0.00000000E+00   7.71664715E+08   0.31482137      
  6                1.03281254E-03   5.47865720E-04   93.41729086      1.66132741E-07   4.24788449E+16   8.50674519E+05   0.00000000E+00   7.68888015E+08   0.31483171      
  7                1.19407555E-03   6.94942775E-04   98.07010998      2.00733284E-07   5.13260947E+16   8.50674519E+05   0.00000000E+00   7.66341140E+08   0.31484093      
  8                1.38051810E-03   8.59998794E-04   104.14034380     2.33928173E-07   5.98142518E+16   8.50674519E+05   0.00000000E+00   7.63932453E+08   0.31484941      
  9                1.59607173E-03   1.04577889E-03   108.69963464     2.72504543E-07   6.96847309E+16   8.50674520E+05   0.00000000E+00   7.61605589E+08   0.31485738      
  10               1.84528182E-03   1.25544230E-03   114.84744136     3.09659377E-07   7.91774068E+16   8.50674520E+05   0.00000000E+00   7.59323179E+08   0.314865        
  11               2.13340350E-03   1.49244159E-03   119.54273906     3.53657553E-07   9.04273864E+16   8.50674520E+05   0.00000000E+00   7.57058464E+08   0.31600621      
  12               2.46651240E-03   1.76066384E-03   125.94451420     3.96009853E-07   1.01256527E+17   8.50674520E+05   0.00000000E+00   7.54791992E+08   0.32031456      
  13               2.85163282E-03   2.06442754E-03   130.76873859     4.47202797E-07   1.14346151E+17   8.50674521E+05   0.00000000E+00   7.52509388E+08   0.32127222      
  14               3.29688580E-03   2.40871059E-03   137.43398197     4.96477181E-07   1.26945214E+17   8.50674521E+05   0.00000000E+00   7.50198847E+08   0.32394121      
  15               3.81166043E-03   2.79908521E-03   142.59076662     5.56075179E-07   1.42183943E+17   8.50674521E+05   0.00000000E+00   7.47849402E+08   0.32447419      
  16               4.40681180E-03   3.24186554E-03   149.79586994     6.13061350E-07   1.56754854E+17   8.50674522E+05   0.00000000E+00   7.45451290E+08   0.32570218      
  17               5.09488990E-03   3.74421399E-03   155.38165827     6.82605171E-07   1.74536696E+17   8.50674523E+05   0.00000000E+00   7.42995629E+08   0.32585603      
  18               5.89040429E-03   4.31449960E-03   162.96872508     7.49953906E-07   1.91757344E+17   8.50674523E+05   0.00000000E+00   7.40475108E+08   0.32587088      
  19               6.81013002E-03   4.96239661E-03   168.80043694     8.32769344E-07   2.12933378E+17   8.50674523E+05   0.00000000E+00   7.37882563E+08   0.32574445      
  20               7.87346142E-03   5.69880454E-03   176.70693014     9.13553428E-07   2.33590953E+17   8.50674521E+05   0.00000000E+00   7.35212699E+08   0.32478175      
  21               9.10282102E-03   6.53572709E-03   182.90823816     1.01215658E-06   2.58813236E+17   8.50674518E+05   0.00000000E+00   7.32460408E+08   0.32439614      
  22               1.05241324E-02   7.48654612E-03   191.32985866     1.10827743E-06   2.83416149E+17   8.50674515E+05   0.00000000E+00   7.29621510E+08   0.32270197      
  23               1.21673669E-02   8.56527751E-03   198.67684159     1.22054288E-06   3.12262643E+17   8.50674559E+05   0.00000000E+00   7.26688506E+08   0.32209487      
  24               1.40671754E-02   9.78834146E-03   207.95538263     1.33336956E-06   3.40929659E+17   8.50674622E+05   0.00000000E+00   7.23656729E+08   0.3199536       
  25               1.62636194E-02   1.11748577E-02   215.63744194     1.46801137E-06   3.75356266E+17   8.50674692E+05   0.00000000E+00   7.20522830E+08   0.31917738      
  26               1.88030155E-02   1.27474317E-02   224.66998665     1.60727136E-06   4.10963711E+17   8.50674746E+05   0.00000000E+00   7.17285389E+08   0.31679772      
  27               2.17389119E-02   1.45316953E-02   231.79115739     1.77595112E-06   4.54093471E+17   8.50674763E+05   0.00000000E+00   7.13945755E+08   0.31585993      
  28               2.51332183E-02   1.65576596E-02   240.08290702     1.95366142E-06   4.99532270E+17   8.50674737E+05   0.00000000E+00   7.10506284E+08   0.31352128      
  29               2.90575105E-02   1.88593187E-02   246.71990019     2.16537646E-06   5.53665751E+17   8.50674667E+05   0.00000000E+00   7.06967536E+08   0.3126484       
  30               3.35945403E-02   2.14751454E-02   254.75673799     2.38793238E-06   6.10571139E+17   8.50674552E+05   0.00000000E+00   7.03329800E+08   0.31072815      
  31               3.88399805E-02   2.44478722E-02   261.43655833     2.64902673E-06   6.77330433E+17   8.50674396E+05   0.00000000E+00   6.99592131E+08   0.30998493      
  32               4.49044419E-02   2.78258338E-02   269.73818184     2.92224990E-06   7.47190947E+17   8.50674210E+05   0.00000000E+00   6.95752823E+08   0.30842078      
  33               5.19158062E-02   3.16627879E-02   276.87772621     3.23946076E-06   8.28298686E+17   8.50674010E+05   0.00000000E+00   6.91809235E+08   0.30782496      
  34               6.00219227E-02   3.60186615E-02   285.84964194     3.56945169E-06   9.12674164E+17   8.50673792E+05   0.00000000E+00   6.87758460E+08   0.30652116      
  35               6.93937253E-02   4.09601474E-02   293.81832882     3.94906442E-06   1.00973745E+18   8.50673521E+05   0.00000000E+00   6.83596387E+08   0.30597791      
  36               8.02288381E-02   4.65616111E-02   303.81001289     4.34147703E-06   1.11007355E+18   8.50673181E+05   0.00000000E+00   6.79318437E+08   0.30486112      
  37               9.27557418E-02   5.29037246E-02   313.15372746     4.78564255E-06   1.22364236E+18   8.50672397E+05   0.00000000E+00   6.74918514E+08   0.30436971      
  38               1.07238592E-01   6.00727637E-02   325.21766434     5.23257039E-06   1.33791747E+18   8.50212964E+05   4.58598189E+02   6.70388148E+08   0.30345082      
  39               1.23982789E-01   6.81518515E-02   338.16964299     5.70892905E-06   1.45971772E+18   8.44462827E+05   6.20704515E+03   6.65713731E+08   0.30298688      
  40               1.43341420E-01   7.72531207E-02   350.97177224     6.23527257E-06   1.59429867E+18   8.33828704E+05   1.68387322E+04   6.60889846E+08   0.3022212       
  41               1.65722701E-01   8.75068924E-02   364.70825191     6.79686137E-06   1.73789091E+18   8.17934759E+05   3.27291704E+04   6.55909016E+08   0.3018133       
  42               1.91598587E-01   9.90575775E-02   378.32069911     7.41718888E-06   1.89650259E+18   7.96423770E+05   5.42351989E+04   6.50764626E+08   0.30127202      
  43               2.21514726E-01   1.12063631E-01   392.92508574     8.07916362E-06   2.06576432E+18   7.68854111E+05   8.17984009E+04   6.45451591E+08   0.30095051      
  44               2.56101960E-01   1.26697502E-01   407.40536557     8.80966058E-06   2.25251217E+18   7.34668677E+05   1.15976241E+05   6.39966311E+08   0.30056393      
  45               2.96089634E-01   1.43145424E-01   422.92623296     9.58805890E-06   2.45153831E+18   6.93088963E+05   1.57548492E+05   6.34306967E+08   0.30035742      
  46               3.42320969E-01   1.61618733E-01   438.31145975     1.04454387E-05   2.67075907E+18   6.44207433E+05   2.06425865E+05   6.28469613E+08   0.30014375      
  47               3.95770849E-01   1.82356585E-01   454.80395635     1.13583404E-05   2.90417683E+18   5.88074955E+05   2.62560981E+05   6.22448968E+08   0.30002315      
  48               4.57566375E-01   2.05614368E-01   471.14561913     1.23628576E-05   3.16099742E+18   5.25152034E+05   3.25501196E+05   6.16242388E+08   0.29986229      
  49               5.29010634E-01   2.31667673E-01   488.64624119     1.34304374E-05   3.43397172E+18   4.62844308E+05   3.87832099E+05   6.09848599E+08   0.29974279      
  50               6.11610175E-01   2.60826598E-01   505.96396416     1.46043846E-05   3.73386085E+18   4.11681592E+05   4.39004549E+05   6.03264573E+08   0.29960537      
  51               7.07106781E-01   2.93429131E-01   524.50163760     1.58491797E-05   4.05211926E+18   3.68950000E+05   4.81742593E+05   5.96488060E+08   0.29952028      
  52               8.17514195E-01   3.29873093E-01   542.83840405     1.72157537E-05   4.40151481E+18   3.33602737E+05   5.17094970E+05   5.89511213E+08   0.29940383      
  53               9.45160584E-01   3.70592766E-01   562.47840009     1.86655128E-05   4.77218122E+18   3.04342093E+05   5.46359844E+05   5.82327958E+08   0.2993043       
  54               1.09273764E+00   4.16052892E-01   581.89173892     2.02560287E-05   5.17883641E+18   2.79256008E+05   5.71450717E+05   5.74934740E+08   0.29913012      
  55               1.26335732E+00   4.66763911E-01   602.67054706     2.19413989E-05   5.60974528E+18   2.57912301E+05   5.92800354E+05   5.67328097E+08   0.2989835       
  56               1.46061751E+00   5.23274894E-01   623.18425613     2.37880923E-05   6.08189986E+18   2.39200957E+05   6.11518773E+05   5.59506041E+08   0.29874836      
  57               1.68867783E+00   5.86212881E-01   645.12601635     2.57428246E-05   6.58167814E+18   2.24028836E+05   6.26697947E+05   5.51463284E+08   0.29856327      
  58               1.95234742E+00   6.56322866E-01   666.79502855     2.78849540E-05   7.12936782E+18   2.11572749E+05   6.39160754E+05   5.43188307E+08   0.29823291      
  59               2.25718628E+00   7.34378625E-01   689.97268109     3.01531238E-05   7.70928270E+18   2.02095415E+05   6.48643683E+05   5.34675871E+08   0.297954        
  60               2.60962258E+00   8.21178826E-01   712.83678578     3.26355848E-05   8.34398431E+18   1.94698802E+05   6.56045239E+05   5.25925855E+08   0.2974436       
  61               3.01708817E+00   9.17581987E-01   737.22970074     3.52603070E-05   9.01504493E+18   1.90048930E+05   6.60700826E+05   5.16939104E+08   0.29709035      
  62               3.48817529E+00   1.02452113E+00   761.26552814     3.81266384E-05   9.74788940E+18   1.87548520E+05   6.63205736E+05   5.07715951E+08   0.29646948      
  63               4.03281780E+00   1.14310237E+00   786.86198150     4.11559388E-05   1.05223417E+19   1.87788788E+05   6.62968640E+05   4.98249528E+08   0.29607673      
  64               4.66250061E+00   1.27465234E+00   812.13041275     4.44646027E-05   1.13682028E+19   1.90012232E+05   6.60749753E+05   4.88525016E+08   0.29528887      
  65               5.39050188E+00   1.42051526E+00   839.00155527     4.79657643E-05   1.22633459E+19   1.94519854E+05   6.56248904E+05   4.78537165E+08   0.29480439      
  66               6.23217301E+00   1.58203670E+00   865.53813785     5.17819543E-05   1.32390305E+19   2.00722289E+05   6.50055408E+05   4.68288312E+08   0.29383525      
  67               7.20526240E+00   1.76058673E+00   893.61823595     5.58153310E-05   1.42702388E+19   2.08969634E+05   6.41819147E+05   4.57785780E+08   0.29328749      
  68               8.33028963E+00   1.95767607E+00   921.34611232     6.01958475E-05   1.53901858E+19   2.18935267E+05   6.31865304E+05   4.47033435E+08   0.29223696      
  69               9.63097823E+00   2.17497979E+00   950.55900890     6.48225585E-05   1.65730326E+19   2.30577546E+05   6.20233911E+05   4.36032717E+08   0.2916313       
  70               1.11347559E+01   2.41455597E+00   979.46674900     6.98395800E-05   1.78555577E+19   2.43429658E+05   6.07392864E+05   4.24772932E+08   0.29047441      
  71               1.28733329E+01   2.67856533E+00   1009.83846632    7.51473135E-05   1.92121590E+19   2.57288824E+05   5.93546322E+05   4.13248688E+08   0.28972672      
  72               1.48833708E+01   2.96925492E+00   1039.94499652    8.08908129E-05   2.06805915E+19   2.72261027E+05   5.78588715E+05   4.01458433E+08   0.28843592      
  73               1.72072553E+01   3.28902112E+00   1071.44618167    8.69675044E-05   2.22342324E+19   2.87777029E+05   5.63088416E+05   3.89402398E+08   0.2875412       
  74               1.98939903E+01   3.64041786E+00   1102.70425915    9.35300834E-05   2.39121168E+19   3.03636470E+05   5.47244094E+05   3.77081465E+08   0.28616772      
  75               2.30002312E+01   4.02657120E+00   1135.31333592    1.00479440E-04   2.56888985E+19   3.19637104E+05   5.31253684E+05   3.64485089E+08   0.28515531      
  76               2.65914795E+01   4.45111485E+00   1167.77261463    1.07986081E-04   2.76080894E+19   3.35792810E+05   5.15103963E+05   3.51596662E+08   0.28373664      
  77               3.07434641E+01   4.91813722E+00   1201.60782135    1.15957431E-04   2.96458382E+19   3.51329549E+05   4.99576286E+05   3.38398770E+08   0.28264105      
  78               3.55437382E+01   5.43207152E+00   1235.39527237    1.24575554E-04   3.18482361E+19   3.65994011E+05   4.84924838E+05   3.24876734E+08   0.28117307      
  79               4.10935254E+01   5.99829361E+00   1270.59634650    1.33758535E-04   3.41936890E+19   3.79811376E+05   4.71125918E+05   3.11005657E+08   0.2799777       
  80               4.75098546E+01   6.62463961E+00   1305.98810780    1.43736957E-04   3.67408225E+19   3.94013305E+05   4.56946625E+05   2.96720963E+08   0.27842338      
  81               5.49280272E+01   7.32462161E+00   1343.26906445    1.54528406E-04   3.94955368E+19   4.11533446E+05   4.39452151E+05   2.81868375E+08   0.27709429      
  82               6.35044707E+01   8.12076996E+00   1381.79665184    1.66550209E-04   4.25675752E+19   4.33995801E+05   4.16992815E+05   2.66174759E+08   0.27533438      
  83               7.34200373E+01   9.04217492E+00   1423.48472468    1.80006245E-04   4.60093325E+19   4.60172406E+05   3.90810482E+05   2.49346421E+08   0.27375957      
  84               8.48838171E+01   1.01146236E+01   1467.39785237    1.95316821E-04   4.99261049E+19   4.84456569E+05   3.66558658E+05   2.31259295E+08   0.27184266      
  85               9.81375475E+01   1.13540435E+01   1514.37016664    2.12438023E-04   5.43055663E+19   5.01989142E+05   3.49113629E+05   2.12017798E+08   0.2702018       
  86               1.13460711E+02   1.27631209E+01   1562.57279797    2.31430588E-04   5.91619475E+19   5.06884205E+05   3.44410320E+05   1.91921557E+08   0.26834881      
  87               1.31176428E+02   1.43245660E+01   1611.82095007    2.51825265E-04   6.43710386E+19   4.97073388E+05   3.54460527E+05   1.71467636E+08   0.26683407      
  88               1.51658271E+02   1.60002449E+01   1659.72198095    2.73255940E-04   6.98259934E+19   4.73006490E+05   3.78794633E+05   1.51266506E+08   0.26512872      
  89               1.75338142E+02   1.77501849E+01   1706.10597748    2.94905901E-04   7.53568468E+19   4.37656591E+05   4.14310494E+05   1.31772569E+08   0.26385749      
  90               2.02715380E+02   1.95093907E+01   1748.87200132    3.16259161E-04   8.08000297E+19   3.90223686E+05   4.61753770E+05   1.13556233E+08   0.26249809      
  91               2.34367291E+02   2.11602325E+01   1786.64905853    3.35869873E-04   8.57841437E+19   3.51657898E+05   5.00372704E+05   9.75382997E+07   0.26165053      
  92               2.70961321E+02   2.28860800E+01   1823.46608622    3.56095917E-04   9.09074680E+19   3.13147124E+05   5.38807107E+05   8.17569906E+07   0.26043836      
  93               3.13269130E+02   2.44486594E+01   1855.14468156    3.74237140E-04   9.54559718E+19   2.67045897E+05   5.84442860E+05   6.82205500E+07   0.25949154      
  94               3.62182865E+02   2.58369743E+01   1881.76418262    3.89885167E-04   9.94494291E+19   2.41450443E+05   6.09770121E+05   5.67272024E+07   0.25842036      
  95               4.18733975E+02   2.73436554E+01   1909.57812938    4.06598604E-04   1.03715814E+20   2.16924597E+05   6.33936916E+05   4.47606154E+07   0.25784603      
  96               4.84114957E+02   2.85601309E+01   1931.01790878    4.20082070E-04   1.07127195E+20   1.79637890E+05   6.70303707E+05   3.54523049E+07   0.25688873      
  97               5.59704502E+02   2.94678922E+01   1946.63444868    4.29948899E-04   1.09645423E+20   1.59108939E+05   6.90269354E+05   2.86977559E+07   0.25619436      
  98               6.47096573E+02   3.04654697E+01   1963.23357713    4.40736474E-04   1.12398818E+20   1.52857435E+05   6.96507130E+05   2.14509122E+07   0.25499849      
  99               7.48134013E+02   3.15584660E+01   1980.95636982    4.52453256E-04   1.15389639E+20   1.46566200E+05   7.02792732E+05   1.37108833E+07   0.25417821      
  100              8.64947405E+02   3.27519619E+01   1999.68075477    4.65136893E-04   1.18632175E+20   1.29087108E+05   7.19951570E+05   5.48383681E+06   0.25314858      
  101              1.00000000E+03   3.35662623E+01   2012.13000918    4.74171634E-04   1.20829446E+20   1.15051917E+05   7.33492223E+05   0.00000000E+00   0.2527144       
