# ATMO pressure-temperature profile
# Effective temperature = 200.0K
# log(g) = 4.0cm/s^2
# M/H = 0.0
# Optical depth grid in band 17 (1.20-1.33microns)
# All parameters in cgs units
#
# Model Level      Optical Depth    Pressure         Temperature      Density          Number Density   Rad Flux         Conv Flux        Radial Extension Adiabatic Gradient
#                                   [Ba]             [K]              [g/cm^3]         [/cm^3]          [ergs/s/cm^2/sr] [ergs/s/cm^2/sr] [cm]             [K/Ba]          
  1                5.00000000E-05   1.00000000E-05   23.05951922      1.22956887E-08   3.14105536E+15   9.06706417E+04   0.00000000E+00   1.65119296E+07   0.34573949      
  2                5.91534807E-05   7.32009213E-05   27.59231693      7.52196802E-08   1.92156118E+16   9.06706417E+04   0.00000000E+00   1.63041125E+07   0.34573954      
  3                6.99826855E-05   1.47841855E-04   30.46306792      1.37602673E-07   3.51519648E+16   9.06706417E+04   0.00000000E+00   1.62307460E+07   0.3147938       
  4                8.27943887E-05   2.35995992E-04   32.00188557      2.09089471E-07   5.34139750E+16   9.06706417E+04   0.00000000E+00   1.61787747E+07   0.31480952      
  5                9.79515255E-05   3.40100656E-04   33.80991393      2.85211156E-07   7.28600130E+16   9.06706417E+04   0.00000000E+00   1.61361442E+07   0.31482241      
  6                1.15883473E-04   4.63020070E-04   34.83801568      3.76833505E-07   9.62658491E+16   9.06706417E+04   0.00000000E+00   1.60986501E+07   0.31483372      
  7                1.37098216E-04   6.08134757E-04   36.37942361      4.73965920E-07   1.21079286E+17   9.06706417E+04   0.00000000E+00   1.60643131E+07   0.31484405      
  8                1.62196734E-04   7.79400469E-04   37.24998733      5.93249849E-07   1.51551547E+17   9.06706417E+04   0.00000000E+00   1.60320149E+07   0.31485374      
  9                1.91890027E-04   9.81500860E-04   38.69323978      7.19214927E-07   1.83730573E+17   9.06706417E+04   0.00000000E+00   1.60010750E+07   0.314863        
  10               2.27019260E-04   1.21991738E-03   39.49141142      8.75852282E-07   2.23745136E+17   9.06706417E+04   0.00000000E+00   1.59710355E+07   0.31487199      
  11               2.68579588E-04   1.50105378E-03   40.93769522      1.03962321E-06   2.65582040E+17   9.06706417E+04   0.00000000E+00   1.59415734E+07   0.31488078      
  12               3.17748350E-04   1.83249015E-03   41.72888384      1.24511075E-06   3.18075867E+17   9.06706417E+04   0.00000000E+00   1.59124423E+07   0.31488948      
  13               3.75918418E-04   2.22308752E-03   43.20851217      1.45878185E-06   3.72660265E+17   9.06706417E+04   0.00000000E+00   1.58834601E+07   0.31489812      
  14               4.44737657E-04   2.68314012E-03   44.04608215      1.72718625E-06   4.41226825E+17   9.06706417E+04   0.00000000E+00   1.58544772E+07   0.31490677      
  15               5.26155608E-04   3.22467563E-03   45.63664952      2.00343559E-06   5.11797456E+17   9.06706417E+04   0.00000000E+00   1.58253653E+07   0.31491546      
  16               6.22478712E-04   3.86191267E-03   46.55368310      2.35207683E-06   6.00861313E+17   9.06706417E+04   0.00000000E+00   1.57960100E+07   0.31492423      
  17               7.36435649E-04   4.61129273E-03   48.26113008      2.70912040E-06   6.92071627E+17   9.06706417E+04   0.00000000E+00   1.57663232E+07   0.31493311      
  18               8.71254639E-04   5.49174011E-03   49.29336649      3.15881796E-06   8.06951321E+17   9.06706417E+04   0.00000000E+00   1.57362260E+07   0.31494213      
  19               1.03075489E-03   6.52518146E-03   51.16323986      3.61607689E-06   9.23762643E+17   9.06706417E+04   0.00000000E+00   1.57056483E+07   0.31495133      
  20               1.21945479E-03   7.73744686E-03   52.31739881      4.19328748E-06   1.07121680E+18   9.06706417E+04   0.00000000E+00   1.56745167E+07   0.31496073      
  21               1.44269991E-03   9.15825440E-03   54.34066145      4.77849222E-06   1.22071315E+18   9.06706417E+04   0.00000000E+00   1.56427763E+07   0.31497037      
  22               1.70681442E-03   1.08216359E-02   55.63719198      5.51481333E-06   1.40881367E+18   9.06706417E+04   0.00000000E+00   1.56103736E+07   0.31498027      
  23               2.01928028E-03   1.27665210E-02   57.89394137      6.25233942E-06   1.59722201E+18   9.06706418E+04   0.00000000E+00   1.55772523E+07   0.31499049      
  24               2.38894914E-03   1.50381028E-02   59.41622768      7.17614281E-06   1.83321673E+18   9.06706417E+04   0.00000000E+00   1.55433397E+07   0.31500105      
  25               2.82629313E-03   1.76888282E-02   62.01377052      8.08749502E-06   2.06603068E+18   9.06706417E+04   0.00000000E+00   1.55085450E+07   0.315012        
  26               3.34370152E-03   2.07795104E-02   63.91700688      9.21768747E-06   2.35474953E+18   9.06706420E+04   0.00000000E+00   1.54727489E+07   0.31502338      
  27               3.95583167E-03   2.43806746E-02   67.07408346      1.03060933E-05   2.63279358E+18   9.06706417E+04   0.00000000E+00   1.54358014E+07   0.31503526      
  28               4.68002425E-03   2.85730223E-02   69.88318002      1.15927540E-05   2.96148379E+18   9.06669577E+04   0.00000000E+00   1.53974468E+07   0.31504771      
  29               5.53679448E-03   3.34482972E-02   73.43458247      1.29144668E-05   3.29912844E+18   9.06599819E+04   1.06804852E+01   1.53576024E+07   0.31506079      
  30               6.55041330E-03   3.91039116E-02   77.14434968      1.43720651E-05   3.67148636E+18   9.06429629E+04   2.76971664E+01   1.53160896E+07   0.3150746       
  31               7.74959494E-03   4.56586359E-02   80.99955673      1.59824512E-05   4.08287543E+18   9.06156645E+04   5.49976926E+01   1.52728409E+07   0.31508923      
  32               9.16831029E-03   5.32578552E-02   85.03106454      1.77586175E-05   4.53661470E+18   9.05784082E+04   9.22555425E+01   1.52277340E+07   0.31510478      
  33               1.08467493E-02   6.20722364E-02   89.22973610      1.97238131E-05   5.03864341E+18   9.05336967E+04   1.37005425E+02   1.51806372E+07   0.31512137      
  34               1.28324595E-02   7.23028271E-02   93.63038897      2.18948284E-05   5.59325077E+18   9.04848797E+04   1.85774115E+02   1.51314067E+07   0.31513913      
  35               1.51816929E-02   8.41871759E-02   98.22405530      2.43013934E-05   6.20803162E+18   9.04355434E+04   2.35110003E+02   1.50798851E+07   0.31515828      
  36               1.79609996E-02   9.80033765E-02   103.04924049     2.69649317E-05   6.88845908E+18   9.03910718E+04   2.79581235E+02   1.50259125E+07   0.31517902      
  37               2.12491128E-02   1.14071604E-01   108.09360031     2.99213094E-05   7.64369598E+18   9.03589687E+04   3.11684263E+02   1.49693436E+07   0.31520162      
  38               2.51391797E-02   1.32761464E-01   113.39611697     3.31953055E-05   8.48007494E+18   9.03433886E+04   3.27264147E+02   1.49100405E+07   0.31522637      
  39               2.97413996E-02   1.54510104E-01   118.94339916     3.68314258E-05   9.40897640E+18   9.03448307E+04   3.25821939E+02   1.48478413E+07   0.31675669      
  40               3.51861462E-02   1.79832659E-01   124.83766967     4.08434016E-05   1.04339500E+19   9.03595608E+04   3.11091769E+02   1.47825527E+07   0.31989575      
  41               4.16276604E-02   2.09332528E-01   131.07750805     4.52756675E-05   1.15673634E+19   9.03791936E+04   2.91458994E+02   1.47139523E+07   0.32248229      
  42               4.92484201E-02   2.43706827E-01   137.69338066     5.01831369E-05   1.28197770E+19   9.03888211E+04   2.81831599E+02   1.46418378E+07   0.32436352      
  43               5.82643093E-02   2.83765750E-01   144.67189306     5.56133918E-05   1.42069761E+19   9.03574105E+04   3.13242583E+02   1.45660096E+07   0.3259108       
  44               6.89307339E-02   3.30461625E-01   152.06031170     6.16181611E-05   1.57409521E+19   9.02320802E+04   4.38573664E+02   1.44862406E+07   0.32581139      
  45               8.15498567E-02   3.84923290E-01   159.78140967     6.83048457E-05   1.74491301E+19   8.99656455E+04   7.05009465E+02   1.44022925E+07   0.32524039      
  46               9.64791575E-02   4.48484806E-01   167.93896316     7.57181218E-05   1.93429232E+19   8.95340307E+04   1.13662585E+03   1.43139095E+07   0.32497905      
  47               1.14141560E-01   5.22702152E-01   176.48570505     8.39746655E-05   2.14521386E+19   8.88632221E+04   1.80743792E+03   1.42208349E+07   0.32455456      
  48               1.35037411E-01   6.09401933E-01   185.51025852     9.31406526E-05   2.37936866E+19   8.76928229E+04   2.97784432E+03   1.41228014E+07   0.32353055      
  49               1.59758657E-01   7.10676554E-01   194.92802927     1.03371425E-04   2.64072718E+19   8.55627442E+04   5.10793727E+03   1.40195893E+07   0.32191113      
  50               1.89005613E-01   8.28569615E-01   204.79485924     1.14712511E-04   2.93045996E+19   8.14640891E+04   9.20661942E+03   1.39113257E+07   0.31988229      
  51               2.23606798E-01   9.65467889E-01   215.00065966     1.27318798E-04   3.25254925E+19   7.47178974E+04   1.59528262E+04   1.37980475E+07   0.3177464       
  52               2.64542408E-01   1.12424643E+00   225.64769283     1.41255911E-04   3.60874719E+19   6.66016897E+04   2.40690090E+04   1.36796501E+07   0.31569036      
  53               3.12972084E-01   1.30854247E+00   236.66107760     1.56742110E-04   4.00485527E+19   5.95807020E+04   3.10899470E+04   1.35557933E+07   0.31361473      
  54               3.70267763E-01   1.52283909E+00   248.17790237     1.73890729E-04   4.44443691E+19   5.47995578E+04   3.58751170E+04   1.34259904E+07   0.31169471      
  55               4.38052539E-01   1.77216040E+00   260.12489033     1.93164697E-04   4.93454322E+19   5.18202974E+04   3.88559134E+04   1.32899533E+07   0.3098845       
  56               5.18246648E-01   2.06234080E+00   272.63211847     2.14481617E-04   5.47910035E+19   4.98499679E+04   4.08382380E+04   1.31473896E+07   0.30830267      
  57               6.13121862E-01   2.39979175E+00   285.61197070     2.38234037E-04   6.08587447E+19   4.82901541E+04   4.23850553E+04   1.29981054E+07   0.30681021      
  58               7.25365844E-01   2.79129636E+00   299.16167368     2.64549322E-04   6.75811901E+19   4.71277197E+04   4.35494282E+04   1.28421568E+07   0.30551563      
  59               8.58158289E-01   3.24457829E+00   313.18025813     2.93745036E-04   7.50394634E+19   4.65737893E+04   4.41149785E+04   1.26795533E+07   0.30434909      
  60               1.01526100E+00   3.76816040E+00   327.77049688     3.25961401E-04   8.32693859E+19   4.67917947E+04   4.38861153E+04   1.25103470E+07   0.3034004       
  61               1.20112443E+00   4.37251150E+00   342.85213973     3.61601936E-04   9.23740396E+19   4.77377638E+04   4.29375474E+04   1.23343153E+07   0.30260538      
  62               1.42101382E+00   5.06938644E+00   358.55301003     4.00874728E-04   1.02406581E+20   4.91274258E+04   4.15501048E+04   1.21512799E+07   0.3019533       
  63               1.68115827E+00   5.87155023E+00   374.76889062     4.44217733E-04   1.13478892E+20   5.05075037E+04   4.01664851E+04   1.19611893E+07   0.30140513      
  64               1.98892727E+00   6.79207185E+00   391.60299340     4.91771136E-04   1.25626745E+20   5.13607086E+04   3.93119202E+04   1.17642399E+07   0.30099049      
  65               2.35303941E+00   7.84470356E+00   408.91715596     5.43936206E-04   1.38952718E+20   5.12646893E+04   3.94084038E+04   1.15607134E+07   0.30068763      
  66               2.78380943E+00   9.04644424E+00   426.84905784     6.00911260E-04   1.53507438E+20   5.00595191E+04   4.06126629E+04   1.13505139E+07   0.30045909      
  67               3.29344035E+00   1.04139303E+01   445.24934690     6.63159383E-04   1.69409286E+20   4.80101190E+04   4.26630672E+04   1.11338888E+07   0.30023277      
  68               3.89636920E+00   1.19632260E+01   464.20918555     7.30711918E-04   1.86663936E+20   4.55284483E+04   4.51437481E+04   1.09113253E+07   0.30003246      
  69               4.60967600E+00   1.37099706E+01   483.54150192     8.03922854E-04   2.05366031E+20   4.27200983E+04   4.79527700E+04   1.06834227E+07   0.29986126      
  70               5.45356761E+00   1.56717434E+01   503.35940616     8.82777412E-04   2.25509563E+20   3.88207763E+04   5.18521582E+04   1.04505514E+07   0.29973261      
  71               6.45195012E+00   1.78780940E+01   523.58640635     9.68160646E-04   2.47319690E+20   3.45157886E+04   5.61585313E+04   1.02118936E+07   0.29959957      
  72               7.63310614E+00   2.03602653E+01   544.41807239     1.06038961E-03   2.70879874E+20   3.19570448E+04   5.87157933E+04   9.96691656E+06   0.29945219      
  73               9.03049593E+00   2.31474063E+01   565.69360063     1.16020369E-03   2.96378645E+20   3.05559531E+04   6.01242337E+04   9.71563589E+06   0.29928286      
  74               1.06837053E+01   2.62659280E+01   587.53808904     1.26766228E-03   3.23804263E+20   2.91611087E+04   6.15427144E+04   9.45848524E+06   0.29911734      
  75               1.26395671E+01   2.97395595E+01   609.72623400     1.38307741E-03   3.53285238E+20   2.77731142E+04   6.29052646E+04   9.19614873E+06   0.29894054      
  76               1.49534878E+01   3.36048716E+01   632.44901220     1.50668876E-03   3.84859810E+20   2.65111212E+04   6.41687629E+04   8.92838636E+06   0.29874429      
  77               1.76910170E+01   3.79130819E+01   655.59984652     1.63982333E-03   4.18866941E+20   2.54177417E+04   6.52682796E+04   8.65430053E+06   0.29849213      
  78               2.09297047E+01   4.27107306E+01   679.37402533     1.78268603E-03   4.55358976E+20   2.44028336E+04   6.62832231E+04   8.37369742E+06   0.29818448      
  79               2.47612977E+01   4.80400404E+01   703.55244541     1.93621544E-03   4.94575645E+20   2.33544378E+04   6.73232692E+04   8.08684620E+06   0.2978066       
  80               2.92943389E+01   5.39407029E+01   728.28348783     2.10021090E-03   5.36465722E+20   2.22198400E+04   6.84638432E+04   7.79423397E+06   0.29740117      
  81               3.46572422E+01   6.04525906E+01   753.32184310     2.27552234E-03   5.81246293E+20   2.09983741E+04   6.97101218E+04   7.49635839E+06   0.29694543      
  82               4.10019301E+01   6.76537734E+01   778.95542311     2.46278297E-03   6.29079103E+20   1.97883100E+04   7.09196930E+04   7.19216469E+06   0.29645767      
  83               4.85081376E+01   7.56642708E+01   805.15233563     2.66476922E-03   6.80673171E+20   1.86971552E+04   7.19808098E+04   6.87947278E+06   0.29590342      
  84               5.73885036E+01   8.45906233E+01   832.19323622     2.88233714E-03   7.36247584E+20   1.78256820E+04   7.28837006E+04   6.55738679E+06   0.29530159      
  85               6.78945948E+01   9.45223215E+01   859.83882627     3.11720041E-03   7.96238489E+20   1.72127006E+04   7.35498619E+04   6.22605057E+06   0.29460992      
  86               8.03240320E+01   1.05528246E+02   888.21977564     3.36895725E-03   8.60546060E+20   1.68567316E+04   7.38910240E+04   5.88642810E+06   0.29386109      
  87               9.50289215E+01   1.17653486E+02   916.96879335     3.63831731E-03   9.29343110E+20   1.66773499E+04   7.40542065E+04   5.54009588E+06   0.29300745      
  88               1.12425830E+02   1.30942578E+02   946.19098859     3.92421042E-03   1.00236968E+21   1.67490885E+04   7.39646884E+04   5.18839869E+06   0.29207876      
  89               1.33007583E+02   1.45544494E+02   975.75324390     4.22968595E-03   1.08039264E+21   1.71284233E+04   7.35686382E+04   4.82998885E+06   0.29108798      
  90               1.57357229E+02   1.61598206E+02   1005.93829620    4.55530618E-03   1.16356602E+21   1.74847365E+04   7.31870495E+04   4.46425712E+06   0.29004455      
  91               1.86164557E+02   1.79219379E+02   1036.47038973    4.90321185E-03   1.25243129E+21   1.76567852E+04   7.30984270E+04   4.09140575E+06   0.28894997      
  92               2.20245630E+02   1.98507007E+02   1067.54437361    5.27282160E-03   1.34683919E+21   1.76752734E+04   7.32135525E+04   3.71207591E+06   0.28781311      
  93               2.60565913E+02   2.19549476E+02   1098.82084740    5.66578386E-03   1.44720933E+21   1.75566718E+04   7.32876005E+04   3.32708962E+06   0.28663288      
  94               3.08267614E+02   2.42431574E+02   1130.49721556    6.08102595E-03   1.55326488E+21   1.73641167E+04   7.34515114E+04   2.93725752E+06   0.28542417      
  95               3.64702046E+02   2.67287292E+02   1162.29192264    6.52116813E-03   1.66566987E+21   1.72253318E+04   7.35669674E+04   2.54254993E+06   0.28417952      
  96               4.31467909E+02   2.94421072E+02   1194.67144727    6.98859017E-03   1.78503298E+21   1.72854742E+04   7.34845891E+04   2.14061743E+06   0.28290147      
  97               5.10456573E+02   3.24134676E+02   1227.46021148    7.48836392E-03   1.91268702E+21   1.75674706E+04   7.31764606E+04   1.72987734E+06   0.28158143      
  98               6.03905660E+02   3.56697338E+02   1260.99377564    8.02149838E-03   2.04886227E+21   1.79167914E+04   7.28080819E+04   1.30973283E+06   0.28023446      
  99               7.14462436E+02   3.92313319E+02   1294.91415929    8.59132934E-03   2.19441070E+21   1.82105925E+04   7.24990476E+04   8.80703477E+05   0.27885876      
  100              8.45258798E+02   4.31153424E+02   1329.44977981    9.19661361E-03   2.34901474E+21   1.84100380E+04   7.22925879E+04   4.43748922E+05   0.2774443       
  101              1.00000000E+03   4.73364206E+02   1364.17471008    9.83884886E-03   2.51334010E+21   1.84395469E+04   7.22321021E+04   0.00000000E+00   0.27606188      
