# ATMO pressure-temperature profile
# Effective temperature = 1300.0K
# log(g) = 5.0cm/s^2
# M/H = 0.0
# Optical depth grid in band 17 (1.20-1.33microns)
# All parameters in cgs units
#
# Model Level      Optical Depth    Pressure         Temperature      Density          Number Density   Rad Flux         Conv Flux        Radial Extension Adiabatic Gradient
#                                   [Ba]             [K]              [g/cm^3]         [/cm^3]          [ergs/s/cm^2/sr] [ergs/s/cm^2/sr] [cm]             [K/Ba]          
  1                1.00000000E-07   1.00000000E-05   377.45859786     7.50683672E-10   1.91891844E+14   1.61935946E+08   0.00000000E+00   6.44470512E+06   0.29823756      
  2                1.25892541E-07   1.58636063E-05   399.89804422     1.12403256E-09   2.87328352E+14   1.61935946E+08   0.00000000E+00   6.38087188E+06   0.2976146       
  3                1.58489319E-07   2.29939983E-05   416.77859523     1.56327737E-09   3.99608694E+14   1.61935946E+08   0.00000000E+00   6.32708130E+06   0.29756128      
  4                1.99526231E-07   3.18244647E-05   418.43165492     2.15507990E-09   5.50886862E+14   1.61935946E+08   0.00000000E+00   6.27897146E+06   0.29748139      
  5                2.51188643E-07   4.27993400E-05   431.73490873     2.80898324E-09   7.18035218E+14   1.61935946E+08   0.00000000E+00   6.23436541E+06   0.29747063      
  6                3.16227766E-07   5.64402708E-05   433.26755593     3.69115406E-09   9.43536617E+14   1.61935946E+08   0.00000000E+00   6.19200226E+06   0.29743622      
  7                3.98107171E-07   7.34230691E-05   445.21261305     4.67298430E-09   1.19451309E+15   1.61935946E+08   0.00000000E+00   6.15111095E+06   0.29743247      
  8                5.01187234E-07   9.45627605E-05   446.93709283     5.99519068E-09   1.53249682E+15   1.61935946E+08   0.00000000E+00   6.11117169E+06   0.29742659      
  9                6.30957344E-07   1.20889921E-04   458.51125173     7.47083855E-09   1.90970346E+15   1.61935946E+08   0.00000000E+00   6.07183319E+06   0.29742793      
  10               7.94328235E-07   1.53664796E-04   460.62904785     9.45262277E-09   2.41628913E+15   1.61935946E+08   0.00000000E+00   6.03283179E+06   0.29744369      
  11               1.00000000E-06   1.94475878E-04   472.07571598     1.16730230E-08   2.98387015E+15   1.61935946E+08   0.00000000E+00   5.99398006E+06   0.29745067      
  12               1.25892541E-06   2.45270653E-04   474.61785848     1.46430244E-08   3.74306485E+15   1.61935946E+08   0.00000000E+00   5.95512819E+06   0.29928766      
  13               1.58489319E-06   3.08494336E-04   486.10235650     1.79824449E-08   4.59669097E+15   1.61935945E+08   0.00000000E+00   5.91616630E+06   0.29927335      
  14               1.99526231E-06   3.87149827E-04   489.05808536     2.24309625E-08   5.73382543E+15   1.61935945E+08   0.00000000E+00   5.87700287E+06   0.29921693      
  15               2.51188643E-06   4.84991582E-04   500.74108541     2.74441798E-08   7.01530915E+15   1.61935945E+08   0.00000000E+00   5.83756847E+06   0.29919972      
  16               3.16227766E-06   6.06631768E-04   504.14653566     3.40955465E-08   8.71553803E+15   1.61935945E+08   0.00000000E+00   5.79780328E+06   0.29914159      
  17               3.98107171E-06   7.57826347E-04   516.14851708     4.16029674E-08   1.06345926E+16   1.61935945E+08   0.00000000E+00   5.75765885E+06   0.29912325      
  18               5.01187234E-06   9.45716622E-04   519.89895879     5.15432005E-08   1.31755245E+16   1.61935945E+08   0.00000000E+00   5.71708405E+06   0.29906217      
  19               6.30957344E-06   1.17922912E-03   532.11846295     6.27941487E-08   1.60515031E+16   1.61935944E+08   0.00000000E+00   5.67603861E+06   0.29904029      
  20               7.94328235E-06   1.46940952E-03   536.01710807     7.76771928E-08   1.98559210E+16   1.61935944E+08   0.00000000E+00   5.63448950E+06   0.29897504      
  21               1.00000000E-05   1.83005230E-03   548.30988536     9.45729118E-08   2.41748209E+16   1.61935944E+08   0.00000000E+00   5.59241228E+06   0.29895069      
  22               1.25892541E-05   2.27823512E-03   552.21905260     1.16900538E-07   2.98822294E+16   1.61935943E+08   0.00000000E+00   5.54978736E+06   0.29887989      
  23               1.58489319E-05   2.83524668E-03   564.52396838     1.42310788E-07   3.63776219E+16   1.61935942E+08   0.00000000E+00   5.50660195E+06   0.29885211      
  24               1.99526231E-05   3.52742950E-03   568.41969626     1.75840376E-07   4.49484856E+16   1.61935942E+08   0.00000000E+00   5.46284545E+06   0.29877531      
  25               2.51188643E-05   4.38753980E-03   580.84108999     2.14039107E-07   5.47128801E+16   1.61935940E+08   0.00000000E+00   5.41851029E+06   0.29874587      
  26               3.16227766E-05   5.45614281E-03   584.68662217     2.64418593E-07   6.75909283E+16   1.61935939E+08   0.00000000E+00   5.37359193E+06   0.29866226      
  27               3.98107171E-05   6.78360165E-03   597.22819044     3.21847000E-07   8.22708297E+16   1.61935937E+08   0.00000000E+00   5.32808785E+06   0.29863021      
  28               5.01187234E-05   8.43224030E-03   601.09607654     3.97492133E-07   1.01607302E+17   1.61935934E+08   0.00000000E+00   5.28199469E+06   0.2985392       
  29               6.30957344E-05   1.04792721E-02   613.83743003     4.83734706E-07   1.23652696E+17   1.61935931E+08   0.00000000E+00   5.23531191E+06   0.29850605      
  30               7.94328235E-05   1.30199428E-02   617.80287221     5.97157215E-07   1.52645847E+17   1.61935927E+08   0.00000000E+00   5.18804030E+06   0.29840532      
  31               1.00000000E-04   1.61723110E-02   631.06110128     7.26156496E-07   1.85620745E+17   1.61935921E+08   0.00000000E+00   5.14016875E+06   0.29836695      
  32               1.25892541E-04   2.00825776E-02   635.41506438     8.95553499E-07   2.28922134E+17   1.61935914E+08   0.00000000E+00   5.09167950E+06   0.29825407      
  33               1.58489319E-04   2.49305434E-02   649.41903301     1.08776853E-06   2.78056193E+17   1.61935906E+08   0.00000000E+00   5.04256095E+06   0.29823055      
  34               1.99526231E-04   3.09367907E-02   654.56707441     1.33921684E-06   3.42331563E+17   1.61935895E+08   0.00000000E+00   4.99279761E+06   0.29812042      
  35               2.51188643E-04   3.83713422E-02   669.82972300     1.62320159E-06   4.14923866E+17   1.61935882E+08   0.00000000E+00   4.94237293E+06   0.29803433      
  36               3.16227766E-04   4.75623681E-02   676.14113095     1.99322357E-06   5.09509110E+17   1.61935865E+08   0.00000000E+00   4.89127542E+06   0.29786747      
  37               3.98107171E-04   5.89083852E-02   693.05936928     2.40844896E-06   6.15648065E+17   1.61935846E+08   0.00000000E+00   4.83949127E+06   0.29779087      
  38               5.01187234E-04   7.28898145E-02   701.20654370     2.94545147E-06   7.52916343E+17   1.61935823E+08   0.00000000E+00   4.78699760E+06   0.29759382      
  39               6.30957344E-04   9.00840899E-02   720.24190463     3.54405636E-06   9.05931894E+17   1.61935797E+08   0.00000000E+00   4.73377971E+06   0.29749834      
  40               7.94328235E-04   1.11173976E-01   730.64857853     4.31149647E-06   1.10209855E+18   1.61935766E+08   0.00000000E+00   4.67982738E+06   0.29725269      
  41               1.00000000E-03   1.36978667E-01   752.36533061     5.15890434E-06   1.31871213E+18   1.61935735E+08   0.00000000E+00   4.62511244E+06   0.29704875      
  42               1.25892541E-03   1.68455419E-01   765.58039215     6.23490665E-06   1.59374936E+18   1.61935697E+08   0.00000000E+00   4.56961198E+06   0.29667144      
  43               1.58489319E-03   2.06774520E-01   790.34358644     7.41338921E-06   1.89499002E+18   1.61935660E+08   0.00000000E+00   4.51324926E+06   0.29642457      
  44               1.99526231E-03   2.53314236E-01   807.04400964     8.89401955E-06   2.27346471E+18   1.61935621E+08   0.00000000E+00   4.45593452E+06   0.29600347      
  45               2.51188643E-03   3.09707744E-01   835.63304771     1.05020018E-05   2.68449313E+18   1.61935589E+08   0.00000000E+00   4.39758410E+06   0.29568994      
  46               3.16227766E-03   3.77781521E-01   856.60989403     1.24966405E-05   3.19435710E+18   1.61935557E+08   0.00000000E+00   4.33816211E+06   0.2951388       
  47               3.98107171E-03   4.59609448E-01   889.72507258     1.46375745E-05   3.74161379E+18   1.61935551E+08   0.00000000E+00   4.27766000E+06   0.29463562      
  48               5.01187234E-03   5.57492179E-01   915.80340800     1.72493791E-05   4.40922603E+18   1.61935562E+08   0.00000000E+00   4.21605941E+06   0.29382777      
  49               6.30957344E-03   6.74010372E-01   954.02707112     2.00192620E-05   5.11719210E+18   1.61935628E+08   0.00000000E+00   4.15335707E+06   0.29313084      
  50               7.94328235E-03   8.12170830E-01   985.55951779     2.33513761E-05   5.96884595E+18   1.61935728E+08   0.00000000E+00   4.08945663E+06   0.2921259       
  51               1.00000000E-02   9.75475728E-01   1029.06361369    2.68607074E-05   6.86594128E+18   1.61935918E+08   0.00000000E+00   4.02425111E+06   0.29124112      
  52               1.25892541E-02   1.16788089E+00   1065.99875370    3.10441432E-05   7.93537941E+18   1.61936168E+08   0.00000000E+00   3.95762134E+06   0.2900167       
  53               1.58489319E-02   1.39374901E+00   1114.36467654    3.54392821E-05   9.05905873E+18   1.61936471E+08   0.00000000E+00   3.88952515E+06   0.28890122      
  54               1.99526231E-02   1.65773565E+00   1155.63917602    4.06454016E-05   1.03900793E+19   1.61936805E+08   0.00000000E+00   3.81996926E+06   0.28734131      
  55               2.51188643E-02   1.96610071E+00   1207.63846656    4.61290905E-05   1.17921952E+19   1.61937098E+08   0.00000000E+00   3.74875413E+06   0.28582566      
  56               3.16227766E-02   2.32692261E+00   1252.01169753    5.26590787E-05   1.34616840E+19   1.61937437E+08   0.00000000E+00   3.67554436E+06   0.28383604      
  57               3.98107171E-02   2.75129033E+00   1306.67283604    5.96572518E-05   1.52508974E+19   1.61937740E+08   0.00000000E+00   3.59983066E+06   0.28200557      
  58               5.01187234E-02   3.25750624E+00   1353.12328290    6.82072594E-05   1.74370787E+19   1.61938096E+08   0.00000000E+00   3.52047280E+06   0.279853        
  59               6.30957344E-02   3.87778057E+00   1409.77047000    7.79270199E-05   1.99232718E+19   1.61938427E+08   0.00000000E+00   3.43539262E+06   0.27801363      
  60               7.94328235E-02   4.64669685E+00   1458.44011979    9.02595691E-05   2.30771184E+19   1.61938720E+08   0.00000000E+00   3.34370908E+06   0.27579871      
  61               1.00000000E-01   5.59312847E+00   1518.01459824    1.04377344E-04   2.66873030E+19   1.61938941E+08   0.00000000E+00   3.24620009E+06   0.27376548      
  62               1.25892541E-01   6.71970517E+00   1569.85633723    1.21267187E-04   3.10038872E+19   1.61938991E+08   0.00000000E+00   3.14606343E+06   0.27139037      
  63               1.58489319E-01   7.99767543E+00   1631.47589543    1.38933692E-04   3.55065890E+19   1.61938866E+08   0.00000000E+00   3.04760023E+06   0.26937236      
  64               1.99526231E-01   9.39282777E+00   1684.23074524    1.58070228E-04   4.03943485E+19   1.61938738E+08   0.00000000E+00   2.95345511E+06   0.26713264      
  65               2.51188643E-01   1.08249814E+01   1744.75713388    1.75905608E-04   4.49384423E+19   1.61910499E+08   0.00000000E+00   2.86756602E+06   0.26517232      
  66               3.16227766E-01   1.21163383E+01   1797.82639964    1.91253632E-04   4.88145712E+19   1.56545924E+08   5.30777451E+06   2.79715554E+06   0.2629187       
  67               3.98107171E-01   1.31524464E+01   1836.42323065    2.03367584E-04   5.18751782E+19   1.49271939E+08   1.24133771E+07   2.74461819E+06   0.261028        
  68               5.01187234E-01   1.43299742E+01   1878.32323116    2.16623828E-04   5.52587324E+19   1.40831525E+08   2.07821336E+07   2.68851628E+06   0.25940236      
  69               6.30957344E-01   1.53244161E+01   1910.69660279    2.27799279E-04   5.80922295E+19   1.31776477E+08   2.97874849E+07   2.64374802E+06   0.2579173       
  70               7.94328235E-01   1.61088028E+01   1935.87626323    2.36340048E-04   6.02714320E+19   1.23537732E+08   3.79832386E+07   2.60994266E+06   0.25667656      
  71               1.00000000E+00   1.70353058E+01   1963.31776417    2.46434108E-04   6.28470904E+19   1.15222727E+08   4.62896605E+07   2.57155179E+06   0.25545072      
  72               1.25892541E+00   1.81208535E+01   1994.96659201    2.57961843E-04   6.57913596E+19   1.05241510E+08   5.62657559E+07   2.52849703E+06   0.25463373      
  73               1.58489319E+00   1.89640886E+01   2017.68106738    2.67149469E-04   6.80777660E+19   9.52513164E+07   6.62628492E+07   2.49637213E+06   0.25392531      
  74               1.99526231E+00   1.96066829E+01   2035.29228593    2.73805983E-04   6.97755353E+19   8.73105587E+07   7.41973084E+07   2.47261257E+06   0.25322023      
  75               2.51188643E+00   2.03799799E+01   2054.80962571    2.81895193E-04   7.18386231E+19   8.06724270E+07   8.08196833E+07   2.44477821E+06   0.25231211      
  76               3.16227766E+00   2.13041709E+01   2078.38402205    2.91326343E-04   7.42445676E+19   7.47321503E+07   8.67472550E+07   2.41252832E+06   0.25136148      
  77               3.98107171E+00   2.24057600E+01   2104.34619344    3.02597810E-04   7.71202326E+19   6.92132218E+07   9.22571671E+07   2.37542634E+06   0.25014043      
  78               5.01187234E+00   2.37104158E+01   2134.77255772    3.15636741E-04   8.04476567E+19   6.39895407E+07   9.74746598E+07   2.33321106E+06   0.2488307       
  79               6.30957344E+00   2.52459151E+01   2167.77980900    3.30938690E-04   8.43532442E+19   5.88716877E+07   1.02589851E+08   2.28570132E+06   0.24726098      
  80               7.94328235E+00   2.70424413E+01   2205.32531197    3.48423720E-04   8.88176082E+19   5.39341952E+07   1.07528078E+08   2.23279511E+06   0.24553542      
  81               1.00000000E+01   2.91328915E+01   2245.36245209    3.68626309E-04   9.39773026E+19   4.90732397E+07   1.12393574E+08   2.17446487E+06   0.24343222      
  82               1.25892541E+01   3.15535413E+01   2289.72870482    3.91465837E-04   9.98136456E+19   4.44357264E+07   1.17038593E+08   2.11074232E+06   0.2411486       
  83               1.58489319E+01   3.43436722E+01   2336.25682170    4.17569666E-04   1.06476064E+20   3.99307455E+07   1.21553771E+08   2.04172978E+06   0.23857637      
  84               1.99526231E+01   3.75481558E+01   2386.75096838    4.46780819E-04   1.13948167E+20   3.57811701E+07   1.25715695E+08   1.96753926E+06   0.23579632      
  85               2.51188643E+01   4.12179343E+01   2438.96662891    4.79828387E-04   1.22406986E+20   3.18450164E+07   1.29666200E+08   1.88827963E+06   0.23280022      
  86               3.16227766E+01   4.54098203E+01   2494.75697576    5.16646190E-04   1.31840055E+20   2.82052611E+07   1.33320330E+08   1.80408722E+06   0.22963047      
  87               3.98107171E+01   5.01889617E+01   2551.79138092    5.58055230E-04   1.42458670E+20   2.47439591E+07   1.36795012E+08   1.71508146E+06   0.22613502      
  88               5.01187234E+01   5.56333826E+01   2611.98656610    6.04068665E-04   1.54273157E+20   2.16606028E+07   1.39890035E+08   1.62130924E+06   0.22268468      
  89               6.30957344E+01   6.18338622E+01   2673.16167955    6.55692291E-04   1.67543270E+20   1.88223506E+07   1.42738265E+08   1.52278643E+06   0.21880803      
  90               7.94328235E+01   6.88949737E+01   2737.08610618    7.13069522E-04   1.82316056E+20   1.63823014E+07   1.45185173E+08   1.41951918E+06   0.21505723      
  91               1.00000000E+02   7.69353890E+01   2801.78501832    7.77357835E-04   1.98891941E+20   1.41886973E+07   1.47383191E+08   1.31152308E+06   0.21107393      
  92               1.25892541E+02   8.60908772E+01   2868.89498370    8.48824130E-04   2.17354343E+20   1.22880119E+07   1.49284867E+08   1.19881136E+06   0.20736695      
  93               1.58489319E+02   9.65143637E+01   2936.66202098    9.28786767E-04   2.38047609E+20   1.05738818E+07   1.50997389E+08   1.08141530E+06   0.20354651      
  94               1.99526231E+02   1.08378397E+02   3006.53960655    1.01765123E-03   2.61096850E+20   9.07569558E+06   1.52494537E+08   9.59380656E+05   0.19987761      
  95               2.51188643E+02   1.21869584E+02   3076.82474920    1.11690334E-03   2.86891981E+20   7.73504255E+06   1.53838700E+08   8.32833752E+05   0.19616839      
  96               3.16227766E+02   1.37166459E+02   3148.73745432    1.22680295E-03   3.15527573E+20   6.58539211E+06   1.54993003E+08   7.02151421E+05   0.19255714      
  97               3.98107171E+02   1.54453903E+02   3220.46071267    1.34878839E-03   3.47381528E+20   5.59015923E+06   1.55991861E+08   5.67757098E+05   0.18912564      
  98               5.01187234E+02   1.73930649E+02   3293.37379989    1.48299662E-03   3.82525975E+20   4.73715203E+06   1.56847972E+08   4.30041088E+05   0.18583706      
  99               6.30957344E+02   1.95813140E+02   3365.63919527    1.63113206E-03   4.21405417E+20   3.99437009E+06   1.57593538E+08   2.89341779E+05   0.18287564      
  100              7.94328235E+02   2.20339968E+02   3438.94960991    1.79323480E-03   4.64080487E+20   3.36124040E+06   1.58229346E+08   1.45928769E+05   0.18015703      
  101              1.00000000E+03   2.47777103E+02   3511.42484257    1.97141698E-03   5.11097355E+20   3.04545959E+06   1.58531420E+08   0.00000000E+00   0.17770865      
