# ATMO pressure-temperature profile
# Effective temperature = 550.0K
# log(g) = 5.5cm/s^2
# M/H = 0.0
# Optical depth grid in band 17 (1.20-1.33microns)
# All parameters in cgs units
#
# Model Level      Optical Depth    Pressure         Temperature      Density          Number Density   Rad Flux         Conv Flux        Radial Extension Adiabatic Gradient
#                                   [Ba]             [K]              [g/cm^3]         [/cm^3]          [ergs/s/cm^2/sr] [ergs/s/cm^2/sr] [cm]             [K/Ba]          
  1                8.00000000E-07   1.00000000E-05   55.99460792      5.06310399E-09   1.29353931E+15   5.18551594E+06   0.00000000E+00   1.17050638E+06   0.34574468      
  2                9.86413681E-07   8.19008070E-05   68.64636119      3.38246814E-08   8.64164655E+15   5.18551594E+06   0.00000000E+00   1.15313203E+06   0.34574468      
  3                1.21626494E-06   1.70182642E-04   76.21455059      6.33053514E-08   1.61734700E+16   5.18551594E+06   0.00000000E+00   1.14709902E+06   0.3147937       
  4                1.49967547E-06   2.75949541E-04   82.51599977      9.48100915E-08   2.42224099E+16   5.18551594E+06   0.00000000E+00   1.14278182E+06   0.31480991      
  5                1.84912550E-06   4.01668249E-04   89.41555096      1.27355440E-07   3.25372081E+16   5.18551594E+06   0.00000000E+00   1.13916386E+06   0.3148233       
  6                2.28000336E-06   5.52327738E-04   94.32302956      1.66013027E-07   4.24135820E+16   5.18551594E+06   0.00000000E+00   1.13588731E+06   0.31483516      
  7                2.81128314E-06   7.33834712E-04   100.33734465     2.07346932E-07   5.29738439E+16   5.18551594E+06   0.00000000E+00   1.13279364E+06   0.31484611      
  8                3.46636019E-06   9.53165995E-04   104.72845919     2.58025417E-07   6.59218923E+16   5.18551594E+06   0.00000000E+00   1.12979503E+06   0.31485652      
  9                4.27408139E-06   1.21874578E-03   110.57849877     3.12434446E-07   7.98303942E+16   5.18551594E+06   0.00000000E+00   1.12683712E+06   0.31530994      
  10               5.27001545E-06   1.54090207E-03   114.70070429     3.80865902E-07   9.73049186E+16   5.18551594E+06   0.00000000E+00   1.12388387E+06   0.31783977      
  11               6.49801917E-06   1.93213352E-03   120.60370759     4.54192549E-07   1.16038556E+17   5.18551594E+06   0.00000000E+00   1.12090927E+06   0.3209748       
  12               8.01216876E-06   2.40737456E-03   124.93763230     5.46278271E-07   1.39564909E+17   5.18551594E+06   0.00000000E+00   1.11789219E+06   0.32250107      
  13               9.87914110E-06   2.98454868E-03   131.40635348     6.43910983E-07   1.64508424E+17   5.18551594E+06   0.00000000E+00   1.11481477E+06   0.32431468      
  14               1.21811499E-05   3.68562288E-03   136.08404428     7.67833786E-07   1.96168616E+17   5.18551594E+06   0.00000000E+00   1.11166182E+06   0.32509         
  15               1.50195662E-05   4.53753899E-03   142.82540666     9.00696403E-07   2.30112780E+17   5.18551594E+06   0.00000000E+00   1.10842235E+06   0.32582542      
  16               1.85193820E-05   5.57286337E-03   147.64314933     1.07011048E-06   2.73395231E+17   5.18551594E+06   0.00000000E+00   1.10508752E+06   0.32598291      
  17               2.28347147E-05   6.83105240E-03   154.68794739     1.25197208E-06   3.19857825E+17   5.18551594E+06   0.00000000E+00   1.10165009E+06   0.32579132      
  18               2.81555937E-05   8.36012097E-03   159.68950525     1.48422459E-06   3.79194497E+17   5.18551594E+06   0.00000000E+00   1.09810294E+06   0.32543845      
  19               3.47163285E-05   1.02187824E-02   167.02418184     1.73453488E-06   4.43144779E+17   5.18551595E+06   0.00000000E+00   1.09443975E+06   0.32455256      
  20               4.28058268E-05   1.24777618E-02   172.30585522     2.05304915E-06   5.24520535E+17   5.18551595E+06   0.00000000E+00   1.09065427E+06   0.32383374      
  21               5.27803164E-05   1.52228026E-02   179.98223346     2.39783959E-06   6.12619504E+17   5.18551596E+06   0.00000000E+00   1.08674191E+06   0.32246966      
  22               6.50790328E-05   1.85569887E-02   185.60577367     2.83452037E-06   7.24172219E+17   5.18551597E+06   0.00000000E+00   1.08269764E+06   0.32187854      
  23               8.02435604E-05   2.26041131E-02   193.67660322     3.30844067E-06   8.45349213E+17   5.18551598E+06   0.00000000E+00   1.07851842E+06   0.32009187      
  24               9.89416822E-05   2.75133334E-02   199.74931243     3.90500567E-06   9.97662750E+17   5.18551599E+06   0.00000000E+00   1.07419935E+06   0.31878144      
  25               1.21996786E-04   3.34645340E-02   208.10238551     4.55612483E-06   1.16475226E+18   5.18551601E+06   0.00000000E+00   1.06973770E+06   0.31695633      
  26               1.50424124E-04   4.06752251E-02   214.43027035     5.37786328E-06   1.37394615E+18   5.18551604E+06   0.00000000E+00   1.06513117E+06   0.31583675      
  27               1.85475517E-04   4.94122618E-02   222.91215744     6.28442586E-06   1.60556103E+18   5.18551607E+06   0.00000000E+00   1.06037862E+06   0.31422023      
  28               2.28694484E-04   5.99884165E-02   229.41260405     7.41338786E-06   1.89398251E+18   5.18551611E+06   0.00000000E+00   1.05547873E+06   0.3130994       
  29               2.81984210E-04   7.27845972E-02   238.00452742     8.67003525E-06   2.21503251E+18   5.18551615E+06   0.00000000E+00   1.05043140E+06   0.31153426      
  30               3.47691354E-04   8.82675282E-02   244.74751909     1.02246692E-05   2.61221252E+18   5.18551621E+06   0.00000000E+00   1.04523122E+06   0.31052025      
  31               4.28709385E-04   1.06999792E-01   253.60888184     1.19614843E-05   3.05593641E+18   5.18551626E+06   0.00000000E+00   1.03987482E+06   0.30919322      
  32               5.28606003E-04   1.29653922E-01   260.74124868     1.40975135E-05   3.60165209E+18   5.18551633E+06   0.00000000E+00   1.03435807E+06   0.30832491      
  33               6.51780242E-04   1.57045452E-01   269.96205010     1.64926045E-05   4.21355323E+18   5.18551643E+06   0.00000000E+00   1.02867738E+06   0.30722955      
  34               8.03656185E-04   1.90161615E-01   277.59048874     1.94215942E-05   4.96185554E+18   5.18551656E+06   0.00000000E+00   1.02282608E+06   0.30645757      
  35               9.90921819E-04   2.30200897E-01   287.39295919     2.27089726E-05   5.80171950E+18   5.18551676E+06   0.00000000E+00   1.01679708E+06   0.30543912      
  36               1.22182355E-03   2.78608683E-01   295.76539900     2.67063097E-05   6.82296465E+18   5.18551701E+06   0.00000000E+00   1.01058110E+06   0.30472767      
  37               1.50652933E-03   3.37122797E-01   306.32118406     3.12016592E-05   7.97144272E+18   5.18551732E+06   0.00000000E+00   1.00417100E+06   0.30394711      
  38               1.85757643E-03   4.07808692E-01   315.57560222     3.66369791E-05   9.36006571E+18   5.18551767E+06   0.00000000E+00   9.97559741E+05   0.30343676      
  39               2.29042351E-03   4.93132311E-01   327.11494649     4.27395230E-05   1.09191520E+19   5.18551817E+06   0.00000000E+00   9.90741151E+05   0.30281776      
  40               2.82413135E-03   5.96027813E-01   337.56583161     5.00581327E-05   1.27889204E+19   5.18551892E+06   0.00000000E+00   9.83706473E+05   0.30232064      
  41               3.48220225E-03   7.19968280E-01   350.51973815     5.82327756E-05   1.48773892E+19   5.18552005E+06   0.00000000E+00   9.76447218E+05   0.30179173      
  42               4.29361493E-03   8.69083170E-01   362.71575009     6.79299869E-05   1.73548460E+19   5.18552164E+06   0.00000000E+00   9.68949890E+05   0.30143799      
  43               5.29410063E-03   1.04835849E+00   377.66874402     7.86983106E-05   2.01059507E+19   5.18552389E+06   0.00000000E+00   9.61196225E+05   0.30106373      
  44               6.52771662E-03   1.26361863E+00   392.15854473     9.13525970E-05   2.33388889E+19   5.18552713E+06   0.00000000E+00   9.53167983E+05   0.30077574      
  45               8.04878622E-03   1.52142858E+00   409.75604638     1.05267560E-04   2.68937919E+19   5.18553178E+06   0.00000000E+00   9.44854315E+05   0.30049859      
  46               9.92429106E-03   1.82901044E+00   427.44775452     1.21311372E-04   3.09926694E+19   5.18553836E+06   0.00000000E+00   9.36247100E+05   0.30032168      
  47               1.22368206E-02   2.19511638E+00   448.63610861     1.38717641E-04   3.54396289E+19   5.18554742E+06   0.00000000E+00   9.27322471E+05   0.3001424       
  48               1.50882091E-02   2.62957820E+00   470.11646840     1.58580158E-04   4.05141252E+19   5.18555960E+06   0.00000000E+00   9.18059264E+05   0.29997561      
  49               1.86040198E-02   3.14279952E+00   495.24195255     1.79915699E-04   4.59647699E+19   5.18557565E+06   0.00000000E+00   9.08450957E+05   0.29978967      
  50               2.29390746E-02   3.74583471E+00   520.81738659     2.03924610E-04   5.20941523E+19   5.18559627E+06   0.00000000E+00   8.98494952E+05   0.29963094      
  51               2.82842712E-02   4.45441708E+00   547.88404547     2.30520246E-04   5.88881709E+19   5.18562246E+06   0.00000000E+00   8.88160178E+05   0.29945912      
  52               3.48749902E-02   5.28618284E+00   575.52157419     2.60427835E-04   6.65282978E+19   5.18565466E+06   0.00000000E+00   8.77425159E+05   0.29927639      
  53               4.30014593E-02   6.25923099E+00   604.03401446     2.93809866E-04   7.50560013E+19   5.18569179E+06   0.00000000E+00   8.66301250E+05   0.29907654      
  54               5.30215347E-02   7.39176807E+00   632.54537407     3.31331996E-04   8.46413316E+19   5.18573305E+06   0.00000000E+00   8.54822686E+05   0.2988708       
  55               6.53764590E-02   8.70897786E+00   661.71001511     3.73169476E-04   9.53290616E+19   5.18577676E+06   0.00000000E+00   8.42976727E+05   0.29858681      
  56               8.06102920E-02   1.02410716E+01   691.12035503     4.20144054E-04   1.07329117E+20   5.18582280E+06   0.00000000E+00   8.30740905E+05   0.29824876      
  57               9.93938685E-02   1.20174279E+01   721.86112331     4.72024105E-04   1.20582341E+20   5.18586881E+06   0.00000000E+00   8.18127020E+05   0.29782352      
  58               1.22554340E-01   1.40666495E+01   753.83790581     5.29076841E-04   1.35156997E+20   5.18596433E+06   0.00000000E+00   8.05159782E+05   0.29735146      
  59               1.51111597E-01   1.64239664E+01   788.45386173     5.90619171E-04   1.50878585E+20   5.18236180E+06   3.65317034E+03   7.91824419E+05   0.29675205      
  60               1.86323183E-01   1.91470243E+01   826.06881443     6.57189605E-04   1.67884616E+20   5.09854617E+06   8.75913619E+04   7.78002834E+05   0.2960468       
  61               2.29739671E-01   2.22924030E+01   863.08875863     7.32334130E-04   1.87079958E+20   4.99123231E+06   1.94979724E+05   7.63665330E+05   0.29517925      
  62               2.83272943E-01   2.59081101E+01   903.19905925     8.13321671E-04   2.07767731E+20   4.88480909E+06   3.01404332E+05   7.48850110E+05   0.29416732      
  63               3.49280383E-01   3.00306648E+01   942.15668991     9.03756567E-04   2.30870078E+20   4.81300588E+06   3.73193838E+05   7.33644301E+05   0.29303704      
  64               4.30668686E-01   3.47192840E+01   984.09902655     1.00032567E-03   2.55539357E+20   4.79135451E+06   3.94859125E+05   7.18050622E+05   0.29175065      
  65               5.31021855E-01   4.00575809E+01   1024.77131641    1.10832693E-03   2.83128506E+20   4.82919693E+06   3.57018224E+05   7.02018234E+05   0.29036728      
  66               6.54759028E-01   4.61168558E+01   1068.65596404    1.22358746E-03   3.12570232E+20   4.91453601E+06   2.71690066E+05   6.85564306E+05   0.28886833      
  67               8.07329079E-01   5.29555653E+01   1110.82488358    1.35173411E-03   3.45296239E+20   5.04105345E+06   1.45186467E+05   6.68748714E+05   0.28733161      
  68               9.95450561E-01   6.06324598E+01   1156.07497282    1.48711332E-03   3.79878774E+20   5.18328170E+06   2.96103538E+03   6.51626183E+05   0.28570304      
  69               1.22740757E+00   6.92692176E+01   1199.40751909    1.63756450E-03   4.18311067E+20   5.18641494E+06   0.00000000E+00   6.34124509E+05   0.28417014      
  70               1.51341452E+00   7.90334286E+01   1241.06330058    1.80568590E-03   4.61256744E+20   5.18582739E+06   0.00000000E+00   6.16168204E+05   0.28259641      
  71               1.86606598E+00   9.00627272E+01   1282.17376998    1.99170134E-03   5.08772988E+20   5.18563646E+06   0.00000000E+00   5.97776803E+05   0.28110352      
  72               2.30089127E+00   1.02467125E+02   1322.90618075    2.19625174E-03   5.61023878E+20   5.18537582E+06   0.00000000E+00   5.79021560E+05   0.27953845      
  73               2.83703828E+00   1.16332607E+02   1364.31153427    2.41776753E-03   6.17609188E+20   5.18505629E+06   0.00000000E+00   5.59993837E+05   0.27803883      
  74               3.49811672E+00   1.31759128E+02   1406.49142646    2.65625399E-03   6.78530637E+20   5.18473476E+06   0.00000000E+00   5.40744038E+05   0.27643861      
  75               4.31323774E+00   1.49026661E+02   1450.53862846    2.91312770E-03   7.44150045E+20   5.18449325E+06   0.00000000E+00   5.21114229E+05   0.27483389      
  76               5.31829590E+00   1.68366147E+02   1496.37680954    3.19034120E-03   8.14966286E+20   5.18431051E+06   0.00000000E+00   5.01053486E+05   0.27310698      
  77               6.55754979E+00   1.89918169E+02   1544.59732813    3.48636357E-03   8.90588482E+20   5.18326706E+06   0.00000000E+00   4.80618059E+05   0.27141845      
  78               8.08557104E+00   2.13742543E+02   1594.84211108    3.80007697E-03   9.70731487E+20   5.06298266E+06   1.18238191E+05   4.59919516E+05   0.26964305      
  79               9.96964736E+00   2.39853750E+02   1644.94619125    4.13440412E-03   1.05613797E+21   4.82838206E+06   3.49777018E+05   4.39087784E+05   0.26790696      
  80               1.22927457E+01   2.68298356E+02   1694.99087133    4.48810327E-03   1.14650641E+21   4.56586521E+06   6.09409033E+05   4.18206195E+05   0.26618802      
  81               1.51571657E+01   2.99287031E+02   1744.79091554    4.86601125E-03   1.24242547E+21   4.29796562E+06   8.75691922E+05   3.97234212E+05   0.26449387      
  82               1.86890445E+01   3.33075665E+02   1794.77467946    5.26452416E-03   1.34418427E+21   4.02706274E+06   1.14652087E+06   3.76123362E+05   0.26281392      
  83               2.30439114E+01   3.69896196E+02   1844.67632348    5.68837618E-03   1.45239763E+21   3.73199440E+06   1.44302566E+06   3.54845988E+05   0.26116776      
  84               2.84135369E+01   4.09758502E+02   1894.57213932    6.13563116E-03   1.56654425E+21   3.39678397E+06   1.78099730E+06   3.33508591E+05   0.2595416       
  85               3.50343769E+01   4.52464587E+02   1943.70926253    6.60437027E-03   1.68608370E+21   3.08905076E+06   2.09251796E+06   3.12293367E+05   0.25795353      
  86               4.31979859E+01   4.99311670E+02   1993.67726643    7.10709488E-03   1.81402263E+21   2.77282589E+06   2.41387568E+06   2.90669807E+05   0.25637939      
  87               5.32638553E+01   5.48593531E+02   2042.12150480    7.62713065E-03   1.94578541E+21   2.41583538E+06   2.77508522E+06   2.69502075E+05   0.25486289      
  88               6.56752445E+01   5.99941507E+02   2089.18510694    8.16114780E-03   2.07997362E+21   2.17841483E+06   3.01366649E+06   2.48919912E+05   0.25329732      
  89               8.09786996E+01   6.57654858E+02   2138.10035053    8.74128500E-03   2.22790048E+21   1.98117992E+06   3.21048035E+06   2.27311952E+05   0.25175278      
  90               9.98481215E+01   7.18718309E+02   2186.38625598    9.34268242E-03   2.38099048E+21   1.72378383E+06   3.46571071E+06   2.05943917E+05   0.25024562      
  91               1.23114441E+02   7.81504418E+02   2232.44029537    9.94893392E-03   2.53558062E+21   1.55157439E+06   3.63562854E+06   1.85349939E+05   0.24862877      
  92               1.51802212E+02   8.54432241E+02   2282.46236069    1.06384453E-02   2.71143903E+21   1.38518275E+06   3.79971243E+06   1.62933504E+05   0.24713686      
  93               1.87174723E+02   9.25972277E+02   2328.01397317    1.13067341E-02   2.88096672E+21   1.14213569E+06   4.04021347E+06   1.42305396E+05   0.24586098      
  94               2.30789634E+02   9.91463268E+02   2367.47830239    1.19053549E-02   3.03330765E+21   9.95930409E+05   4.18537515E+06   1.24454606E+05   0.24444865      
  95               2.84567566E+02   1.06774974E+03   2410.51586126    1.25918697E-02   3.20837646E+21   9.42318562E+05   4.23856371E+06   1.04751623E+05   0.2429187       
  96               3.50876675E+02   1.15687130E+03   2457.89662943    1.33788543E-02   3.40915913E+21   8.21628616E+05   4.35894092E+06   8.30381827E+04   0.24173341      
  97               4.32636941E+02   1.23301587E+03   2495.84806419    1.40539846E-02   3.57829682E+21   6.51920862E+05   4.53104331E+06   6.54761343E+04   0.24086667      
  98               5.33448747E+02   1.29465269E+03   2525.42426067    1.45831441E-02   3.71316946E+21   5.64866423E+05   4.62232380E+06   5.18612100E+04   0.23985221      
  99               6.57751428E+02   1.36715592E+03   2558.44080202    1.52004038E-02   3.87051286E+21   5.39479800E+05   4.64994267E+06   3.64617821E+04   0.23868477      
  100              8.11018759E+02   1.45207180E+03   2595.54859684    1.59128282E-02   4.05214303E+21   5.13830585E+05   4.67836145E+06   1.91959237E+04   0.23734285      
  101              1.00000000E+03   1.55113032E+03   2636.26427139    1.67347587E-02   4.26172264E+21   4.98876905E+05   4.69489915E+06   0.00000000E+00   0.2358594       
