# ATMO pressure-temperature profile
# Effective temperature = 300.0K
# log(g) = 2.5cm/s^2
# M/H = 0.0
# Optical depth grid in band 17 (1.20-1.33microns)
# All parameters in cgs units
#
# Model Level      Optical Depth    Pressure         Temperature      Density          Number Density   Rad Flux         Conv Flux        Radial Extension Adiabatic Gradient
#                                   [Ba]             [K]              [g/cm^3]         [/cm^3]          [ergs/s/cm^2/sr] [ergs/s/cm^2/sr] [cm]             [K/Ba]          
  1                5.00000000E-04   1.00000000E-05   41.45955291      6.83387665E-09   1.74703347E+15   4.59188978E+05   0.00000000E+00   7.52386372E+08   0.34574449      
  2                5.78069831E-04   7.52929300E-05   51.90449452      4.10999207E-08   1.05069114E+16   4.59188978E+05   0.00000000E+00   7.40066333E+08   0.34574449      
  3                6.68329458E-04   1.50686777E-04   58.06193390      7.35318343E-08   1.87979065E+16   4.59188978E+05   0.00000000E+00   7.35729450E+08   0.31479457      
  4                7.72682194E-04   2.37749877E-04   62.62768359      1.07558740E-07   2.74966503E+16   4.59188978E+05   0.00000000E+00   7.32633645E+08   0.31480994      
  5                8.93328530E-04   3.38281183E-04   66.45662417      1.44221935E-07   3.68693434E+16   4.59188978E+05   0.00000000E+00   7.30081162E+08   0.31482239      
  6                1.03281254E-03   4.54344596E-04   70.06503122      1.83728192E-07   4.69688456E+16   4.59188978E+05   0.00000000E+00   7.27826447E+08   0.3148332       
  7                1.19407555E-03   5.88062214E-04   73.46216464      2.26804313E-07   5.79809588E+16   4.59188978E+05   0.00000000E+00   7.25754994E+08   0.31484297      
  8                1.38051810E-03   7.40362639E-04   76.99004633      2.72459321E-07   6.96523468E+16   4.59188978E+05   0.00000000E+00   7.23817570E+08   0.31485206      
  9                1.59607173E-03   9.12473136E-04   80.40163884      3.21548836E-07   8.22017429E+16   4.59188978E+05   0.00000000E+00   7.21978776E+08   0.31486064      
  10               1.84528182E-03   1.10627987E-03   83.95453922      3.73346929E-07   9.54435680E+16   4.59188978E+05   0.00000000E+00   7.20209934E+08   0.31486881      
  11               2.13340350E-03   1.32438391E-03   87.45455229      4.29065140E-07   1.09687544E+17   4.59188978E+05   0.00000000E+00   7.18486694E+08   0.31487665      
  12               2.46651240E-03   1.57029057E-03   91.21831003      4.87741554E-07   1.24687765E+17   4.59188978E+05   0.00000000E+00   7.16786831E+08   0.31488423      
  13               2.85163282E-03   1.84797017E-03   94.87282268      5.51880302E-07   1.41084393E+17   4.59188978E+05   0.00000000E+00   7.15094339E+08   0.3148916       
  14               3.29688580E-03   2.16191145E-03   98.84701689      6.19677717E-07   1.58416412E+17   4.59188978E+05   0.00000000E+00   7.13396709E+08   0.31489884      
  15               3.81166043E-03   2.51708070E-03   102.87880939     6.93205615E-07   1.77213601E+17   4.59188969E+05   0.00000000E+00   7.11683062E+08   0.314906        
  16               4.40681180E-03   2.91888132E-03   107.56713683     7.68819396E-07   1.96545302E+17   4.59188396E+05   5.85351679E-01   7.09942589E+08   0.31491311      
  17               5.09488990E-03   3.37317633E-03   112.81441366     8.47070092E-07   2.16570996E+17   4.59180230E+05   8.74769365E+00   7.08162399E+08   0.31492022      
  18               5.89040429E-03   3.88755591E-03   117.72662313     9.35608465E-07   2.39181619E+17   4.59165802E+05   2.31759590E+01   7.06335238E+08   0.31492735      
  19               6.81013002E-03   4.47050951E-03   123.27810109     1.02745603E-06   2.62661806E+17   4.59145584E+05   4.33943592E+01   7.04455032E+08   0.31842749      
  20               7.87346142E-03   5.13139272E-03   128.60680644     1.13048062E-06   2.88999532E+17   4.59118668E+05   7.03103008E+01   7.02515882E+08   0.31887053      
  21               9.10282102E-03   5.88083018E-03   134.54193444     1.23843487E-06   3.16597011E+17   4.59086649E+05   1.02329309E+02   7.00512945E+08   0.32282715      
  22               1.05241324E-02   6.73093232E-03   140.38025452     1.35850549E-06   3.47292207E+17   4.59047875E+05   1.41102815E+02   6.98440401E+08   0.32325034      
  23               1.21673669E-02   7.69564516E-03   146.76264113     1.48566780E-06   3.79800346E+17   4.59002446E+05   1.86532272E+02   6.96293033E+08   0.32536216      
  24               1.40671754E-02   8.79063024E-03   153.11940334     1.62660445E-06   4.15829814E+17   4.58948340E+05   2.40637648E+02   6.94065591E+08   0.32560177      
  25               1.62636194E-02   1.00338172E-02   160.00438834     1.77675016E-06   4.54213596E+17   4.58887254E+05   3.01723707E+02   6.91753088E+08   0.32600033      
  26               1.88030155E-02   1.14460257E-02   166.87887054     1.94332327E-06   4.96797276E+17   4.58821137E+05   3.67841026E+02   6.89349759E+08   0.32590943      
  27               2.17389119E-02   1.30507033E-02   174.31726802     2.12121096E-06   5.42274703E+17   4.58751743E+05   4.37235091E+02   6.86850431E+08   0.32492329      
  28               2.51332183E-02   1.48739517E-02   181.70571478     2.31922765E-06   5.92902960E+17   4.58680364E+05   5.08613353E+02   6.84250977E+08   0.32442053      
  29               2.90575105E-02   1.69445273E-02   189.72668904     2.53030476E-06   6.46884684E+17   4.58590479E+05   5.98498544E+02   6.81548058E+08   0.32293828      
  30               3.35945403E-02   1.92942653E-02   197.63387935     2.76563218E-06   7.07119299E+17   4.58552684E+05   6.36293687E+02   6.78739161E+08   0.32228106      
  31               3.88399805E-02   2.19591483E-02   206.25901470     3.01476432E-06   7.71131409E+17   4.58660611E+05   5.28365713E+02   6.75820697E+08   0.31949242      
  32               4.49044419E-02   2.49802906E-02   214.63411283     3.29756673E-06   8.42994185E+17   4.58951510E+05   2.37466099E+02   6.72790662E+08   0.31864582      
  33               5.19158062E-02   2.84039091E-02   223.88536234     3.59457043E-06   9.18921162E+17   4.59188976E+05   0.00000000E+00   6.69646065E+08   0.31583033      
  34               6.00219227E-02   3.22853872E-02   231.77656238     3.94665733E-06   1.00893299E+18   4.59188976E+05   0.00000000E+00   6.66387255E+08   0.31505277      
  35               6.93937253E-02   3.66903782E-02   239.64590038     4.33787712E-06   1.10893994E+18   4.59188976E+05   0.00000000E+00   6.63020654E+08   0.31249563      
  36               8.02288381E-02   4.16899349E-02   247.32725701     4.77588978E-06   1.22091401E+18   4.59188976E+05   0.00000000E+00   6.59547167E+08   0.31189797      
  37               9.27557418E-02   4.73648392E-02   255.47848330     5.25287179E-06   1.34285023E+18   4.59188976E+05   0.00000000E+00   6.55964281E+08   0.30976037      
  38               1.07238592E-01   5.38028857E-02   263.80094937     5.77862165E-06   1.47725359E+18   4.59188976E+05   0.00000000E+00   6.52269033E+08   0.30926531      
  39               1.23982789E-01   6.11001007E-02   273.05470355     6.33997184E-06   1.62075774E+18   4.59188977E+05   0.00000000E+00   6.48456607E+08   0.30748541      
  40               1.43341420E-01   6.93519380E-02   283.98005710     6.91935840E-06   1.76887278E+18   4.57507350E+05   1.68162679E+03   6.44516808E+08   0.30696331      
  41               1.65722701E-01   7.86690521E-02   295.08197330     7.55364040E-06   1.93102136E+18   4.52797904E+05   6.39107371E+03   6.40441407E+08   0.30538059      
  42               1.91598587E-01   8.91871302E-02   306.65423099     8.24040007E-06   2.10658539E+18   4.45106442E+05   1.40825361E+04   6.36225567E+08   0.30478483      
  43               2.21514726E-01   1.01057154E-01   318.48751695     8.99020762E-06   2.29826704E+18   4.34278948E+05   2.49100315E+04   6.31864502E+08   0.30358288      
  44               2.56101960E-01   1.14448923E-01   330.77324729     9.80339281E-06   2.50615064E+18   4.20493379E+05   3.86956020E+04   6.27353585E+08   0.30309736      
  45               2.96089634E-01   1.29551558E-01   343.39172411     1.06892664E-05   2.73261630E+18   4.03781199E+05   5.54077840E+04   6.22688167E+08   0.30223308      
  46               3.42320969E-01   1.46578350E-01   356.45808772     1.16508184E-05   2.97842862E+18   3.84319460E+05   7.48695250E+04   6.17863352E+08   0.30187212      
  47               3.95770849E-01   1.65772857E-01   369.92380646     1.26968649E-05   3.24583905E+18   3.62245792E+05   9.69431964E+04   6.12872777E+08   0.30126511      
  48               4.57566375E-01   1.87400491E-01   383.84382747     1.38328454E-05   3.53624221E+18   3.37902815E+05   1.21286177E+05   6.07712120E+08   0.30105049      
  49               5.29010634E-01   2.11748337E-01   398.21425752     1.50660208E-05   3.85149237E+18   3.12039257E+05   1.47149740E+05   6.02378703E+08   0.30066957      
  50               6.11610175E-01   2.39131543E-01   413.03436737     1.64038507E-05   4.19349873E+18   2.85928762E+05   1.73260239E+05   5.96870473E+08   0.30051721      
  51               7.07106781E-01   2.69892102E-01   428.33470630     1.78528525E-05   4.56386459E+18   2.60415662E+05   1.98773343E+05   5.91186273E+08   0.30020594      
  52               8.17514195E-01   3.04425853E-01   444.08089085     1.94231734E-05   4.96529763E+18   2.35867578E+05   2.23321431E+05   5.85321789E+08   0.30006804      
  53               9.45160584E-01   3.43166594E-01   460.34740396     2.11212687E-05   5.39939557E+18   2.10838340E+05   2.48350673E+05   5.79273286E+08   0.29986846      
  54               1.09273764E+00   3.86582181E-01   477.06481801     2.29597975E-05   5.86935369E+18   1.83440567E+05   2.75748451E+05   5.73038773E+08   0.29981123      
  55               1.26335732E+00   4.35178592E-01   494.32869300     2.49432981E-05   6.37642921E+18   1.59258468E+05   2.99930553E+05   5.66617174E+08   0.2996865       
  56               1.46061751E+00   4.89536138E-01   512.04593959     2.70900969E-05   6.92471128E+18   1.43463648E+05   3.15725376E+05   5.60004382E+08   0.29960058      
  57               1.68867783E+00   5.50309078E-01   530.34393534     2.94024504E-05   7.51579473E+18   1.30843103E+05   3.28345922E+05   5.53194914E+08   0.29940893      
  58               1.95234742E+00   6.18244922E-01   549.11392020     3.19030678E-05   8.15499961E+18   1.20171322E+05   3.39017705E+05   5.46180507E+08   0.29931144      
  59               2.25718628E+00   6.94147266E-01   568.51549807     3.45973726E-05   8.84372335E+18   1.10848495E+05   3.48340535E+05   5.38955847E+08   0.29916009      
  60               2.60962258E+00   7.78874713E-01   588.39764597     3.75085115E-05   9.58787840E+18   1.02616159E+05   3.56572871E+05   5.31518164E+08   0.29907119      
  61               3.01708817E+00   8.73342074E-01   608.93378116     4.06393455E-05   1.03881965E+19   9.54148522E+04   3.63774180E+05   5.23866718E+08   0.29881392      
  62               3.48817529E+00   9.78582831E-01   629.93083190     4.40186097E-05   1.12520218E+19   8.93921273E+04   3.69796905E+05   5.15998209E+08   0.29862344      
  63               4.03281780E+00   1.09583373E+00   651.63282853     4.76510520E-05   1.21805682E+19   8.45865532E+04   3.74602480E+05   5.07902372E+08   0.29826313      
  64               4.66250061E+00   1.22646095E+00   673.81369457     5.15755564E-05   1.31837734E+19   8.09182176E+04   3.78270817E+05   4.99569869E+08   0.29804677      
  65               5.39050188E+00   1.37186523E+00   696.75937940     5.57902067E-05   1.42611472E+19   7.81335546E+04   3.81055481E+05   4.90997986E+08   0.2976193       
  66               6.23217301E+00   1.53348715E+00   720.14033602     6.03381206E-05   1.54237097E+19   7.61363573E+04   3.83052680E+05   4.82189010E+08   0.29732317      
  67               7.20526240E+00   1.71280908E+00   744.29375436     6.52068748E-05   1.66682659E+19   7.48696564E+04   3.84319383E+05   4.73148541E+08   0.29669618      
  68               8.33028963E+00   1.91153535E+00   768.79742737     7.04528790E-05   1.80092759E+19   7.45098892E+04   3.84679155E+05   4.63876844E+08   0.29627145      
  69               9.63097823E+00   2.13191844E+00   794.16126996     7.60664607E-05   1.94440945E+19   7.50128383E+04   3.84176210E+05   4.54356931E+08   0.29549784      
  70               1.11347559E+01   2.37642582E+00   819.87777692     8.21308011E-05   2.09942801E+19   7.64883024E+04   3.82700744E+05   4.44574601E+08   0.29506239      
  71               1.28733329E+01   2.64752319E+00   846.57456677     8.86150127E-05   2.26516788E+19   7.86887355E+04   3.80500314E+05   4.34525692E+08   0.29414562      
  72               1.48833708E+01   2.94768759E+00   873.51178083     9.56192285E-05   2.44421005E+19   8.16993295E+04   3.77489746E+05   4.24213929E+08   0.29332302      
  73               1.72072553E+01   3.27937523E+00   901.42620409     1.03084517E-04   2.63503733E+19   8.53219754E+04   3.73867109E+05   4.13649160E+08   0.29233627      
  74               1.98939903E+01   3.64509197E+00   929.45903168     1.11124823E-04   2.84056073E+19   8.96698976E+04   3.69519182E+05   4.02843716E+08   0.29152487      
  75               2.30002312E+01   4.04821133E+00   958.51015953     1.19674216E-04   3.05909029E+19   9.43333492E+04   3.64855697E+05   3.91789499E+08   0.29038301      
  76               2.65914795E+01   4.49269989E+00   987.63588168     1.28898525E-04   3.29485562E+19   9.91803191E+04   3.60008673E+05   3.80472361E+08   0.28918242      
  77               3.07434641E+01   4.98257404E+00   1017.83735116    1.38715108E-04   3.54569371E+19   1.04013162E+05   3.55175798E+05   3.68887266E+08   0.28803382      
  78               3.55437382E+01   5.52197740E+00   1048.09615338    1.49293644E-04   3.81609640E+19   1.09528107E+05   3.49660850E+05   3.57034188E+08   0.28687256      
  79               4.10935254E+01   6.11528887E+00   1079.44271072    1.60533117E-04   4.10339400E+19   1.15314266E+05   3.43874709E+05   3.44914825E+08   0.28562014      
  80               4.75098546E+01   6.76699932E+00   1110.76430402    1.72631983E-04   4.41265585E+19   1.21041744E+05   3.38147247E+05   3.32535078E+08   0.28409716      
  81               5.49280272E+01   7.48216318E+00   1143.11387279    1.85475111E-04   4.74092975E+19   1.26789129E+05   3.32399883E+05   3.19896385E+08   0.28290002      
  82               6.35044707E+01   8.26793552E+00   1175.53229567    1.99303346E-04   5.09434503E+19   1.32582435E+05   3.26606607E+05   3.06972392E+08   0.28142572      
  83               7.34200373E+01   9.13203341E+00   1209.04993945    2.14035790E-04   5.47077800E+19   1.38206643E+05   3.20982433E+05   2.93742307E+08   0.28021737      
  84               8.48838171E+01   1.00825327E+01   1242.74401302    2.29918843E-04   5.87643315E+19   1.43391992E+05   3.15797120E+05   2.80192848E+08   0.27874361      
  85               9.81375475E+01   1.11286651E+01   1277.56077994    2.46880346E-04   6.30938956E+19   1.48172032E+05   3.11017122E+05   2.66307468E+08   0.27752298      
  86               1.13460711E+02   1.22825892E+01   1312.71692304    2.65208379E-04   6.77711228E+19   1.52590132E+05   3.06599065E+05   2.52046686E+08   0.27600736      
  87               1.31176428E+02   1.35622635E+01   1349.23515010    2.84930859E-04   7.28065365E+19   1.57119781E+05   3.02069467E+05   2.37325581E+08   0.27469615      
  88               1.51658271E+02   1.49922414E+01   1386.60704171    3.06481170E-04   7.83139277E+19   1.62083599E+05   2.97105721E+05   2.22023065E+08   0.27308962      
  89               1.75338142E+02   1.66058959E+01   1425.93752388    3.30088260E-04   8.43504986E+19   1.67741977E+05   2.91447437E+05   2.05979553E+08   0.27170171      
  90               2.02715380E+02   1.84354577E+01   1466.72542321    3.56243298E-04   9.10397262E+19   1.73004648E+05   2.86184939E+05   1.89107630E+08   0.27001251      
  91               2.34367291E+02   2.05065255E+01   1509.52989958    3.85003674E-04   9.83957188E+19   1.77133906E+05   2.82055998E+05   1.71423071E+08   0.26855745      
  92               2.70961321E+02   2.28341119E+01   1553.48102277    4.16553917E-04   1.06464302E+20   1.78559181E+05   2.80631305E+05   1.53043150E+08   0.26677916      
  93               3.13269130E+02   2.54118859E+01   1598.41978538    4.50591575E-04   1.15152107E+20   1.76813696E+05   2.82493276E+05   1.34226836E+08   0.26524578      
  94               3.62182865E+02   2.82200782E+01   1643.24273509    4.86714436E-04   1.24389102E+20   1.71099759E+05   2.88134588E+05   1.15264039E+08   0.26347556      
  95               4.18733975E+02   3.12103503E+01   1687.36548659    5.24371683E-04   1.33972395E+20   1.62736504E+05   2.96650675E+05   9.65455288E+07   0.26203566      
  96               4.84114957E+02   3.43556126E+01   1730.17461858    5.62939860E-04   1.43824741E+20   1.52681703E+05   3.06736041E+05   7.82388647E+07   0.26040699      
  97               5.59704502E+02   3.76183076E+01   1771.44775966    6.02079903E-04   1.53814311E+20   1.39878050E+05   3.19595965E+05   6.05164877E+07   0.25905048      
  98               6.47096573E+02   4.08557280E+01   1809.60949234    6.40238772E-04   1.63528678E+20   1.23693542E+05   3.35528196E+05   4.40269535E+07   0.25752136      
  99               7.48134013E+02   4.38951194E+01   1843.26030192    6.75480767E-04   1.72486617E+20   1.11798703E+05   3.47397930E+05   2.94114485E+07   0.25644847      
  100              8.64947405E+02   4.71255182E+01   1877.09175534    7.12409952E-04   1.81842953E+20   1.04421831E+05   3.55790830E+05   1.46852120E+07   0.25495923      
  101              1.00000000E+03   5.05219920E+01   1910.53753016    7.50922725E-04   1.91536140E+20   1.00287314E+05   3.58910166E+05   0.00000000E+00   0.25377123      
