# ATMO pressure-temperature profile
# Effective temperature = 1500.0K
# log(g) = 2.5cm/s^2
# M/H = 0.0
# Optical depth grid in band 17 (1.20-1.33microns)
# All parameters in cgs units
#
# Model Level      Optical Depth    Pressure         Temperature      Density          Number Density   Rad Flux         Conv Flux        Radial Extension Adiabatic Gradient
#                                   [Ba]             [K]              [g/cm^3]         [/cm^3]          [ergs/s/cm^2/sr] [ergs/s/cm^2/sr] [cm]             [K/Ba]          
  1                1.00000000E-04   1.00000000E-05   397.99949553     7.12349066E-10   1.81988237E+14   2.87038874E+08   0.00000000E+00   1.91281875E+09   0.29801046      
  2                1.17489755E-04   2.73039798E-05   501.61868668     1.54322977E-09   3.94255796E+14   2.87038873E+08   0.00000000E+00   1.86062898E+09   0.29767241      
  3                1.38038426E-04   4.55351677E-05   535.56183945     2.41054618E-09   6.15833281E+14   2.87038873E+08   0.00000000E+00   1.83073787E+09   0.29727079      
  4                1.62181010E-04   6.60467303E-05   562.50651017     3.32890574E-09   8.50451613E+14   2.87038874E+08   0.00000000E+00   1.80784026E+09   0.29697937      
  5                1.90546072E-04   8.94260821E-05   579.02917721     4.37865788E-09   1.11863807E+15   2.87038875E+08   0.00000000E+00   1.78847554E+09   0.29661416      
  6                2.23872114E-04   1.16227426E-04   597.83157503     5.51196154E-09   1.40817170E+15   2.87038877E+08   0.00000000E+00   1.77122379E+09   0.29681209      
  7                2.63026799E-04   1.47029824E-04   610.22015130     6.83115571E-09   1.74519810E+15   2.87038879E+08   0.00000000E+00   1.75534986E+09   0.29657118      
  8                3.09029543E-04   1.82493098E-04   626.23205147     8.26201135E-09   2.11075094E+15   2.87038882E+08   0.00000000E+00   1.74042228E+09   0.29642263      
  9                3.63078055E-04   2.23388654E-04   636.67614558     9.94753842E-09   2.54137277E+15   2.87038885E+08   0.00000000E+00   1.72615716E+09   0.29618806      
  10               4.26579519E-04   2.70624440E-04   651.13858672     1.17831459E-08   3.01036685E+15   2.87038888E+08   0.00000000E+00   1.71236022E+09   0.29604661      
  11               5.01187234E-04   3.25235701E-04   660.44145957     1.39614583E-08   3.56689005E+15   2.87038892E+08   0.00000000E+00   1.69889584E+09   0.29580483      
  12               5.88843655E-04   3.88415510E-04   674.15380615     1.63341858E-08   4.17314440E+15   2.87038896E+08   0.00000000E+00   1.68566570E+09   0.29566131      
  13               6.91830971E-04   4.61528261E-04   682.94518832     1.91588287E-08   4.89483763E+15   2.87038900E+08   0.00000000E+00   1.67259618E+09   0.29540873      
  14               8.12830516E-04   5.46146493E-04   696.40339590     2.22329454E-08   5.68033708E+15   2.87038905E+08   0.00000000E+00   1.65963092E+09   0.29526136      
  15               9.54992586E-04   6.44069799E-04   705.04882262     2.58975722E-08   6.61667164E+15   2.87038911E+08   0.00000000E+00   1.64672592E+09   0.29499361      
  16               1.12201845E-03   7.57365843E-04   718.58585845     2.98788983E-08   7.63401288E+15   2.87038917E+08   0.00000000E+00   1.63384630E+09   0.29483773      
  17               1.31825674E-03   8.88392618E-04   727.39842992     3.46231671E-08   8.84623397E+15   2.87038924E+08   0.00000000E+00   1.62096398E+09   0.29455179      
  18               1.54881662E-03   1.03984718E-03   741.30646998     3.97647962E-08   1.01600903E+16   2.87038932E+08   0.00000000E+00   1.60805625E+09   0.29438574      
  19               1.81970086E-03   1.21479251E-03   750.53834203     4.58831305E-08   1.17234399E+16   2.87038942E+08   0.00000000E+00   1.59510456E+09   0.29407825      
  20               2.13796209E-03   1.41673938E-03   765.06624010     5.24939060E-08   1.34127172E+16   2.87038953E+08   0.00000000E+00   1.58209220E+09   0.29389615      
  21               2.51188643E-03   1.64982666E-03   774.93273510     6.03516551E-08   1.54205602E+16   2.87038965E+08   0.00000000E+00   1.56899677E+09   0.29356004      
  22               2.95120923E-03   1.91881558E-03   790.22298982     6.88327801E-08   1.75877149E+16   2.87038978E+08   0.00000000E+00   1.55579925E+09   0.29335745      
  23               3.46736850E-03   2.22911614E-03   800.84584964     7.89028492E-08   2.01608857E+16   2.87038992E+08   0.00000000E+00   1.54248433E+09   0.29299065      
  24               4.07380278E-03   2.58687751E-03   817.05790990     8.97491892E-08   2.29323660E+16   2.87039007E+08   0.00000000E+00   1.52904022E+09   0.29276328      
  25               4.78630092E-03   2.99896093E-03   828.67154101     1.02589624E-07   2.62128489E+16   2.87039022E+08   0.00000000E+00   1.51545962E+09   0.29235551      
  26               5.62341325E-03   3.47317832E-03   846.05055735     1.16370181E-07   2.97342237E+16   2.87039037E+08   0.00000000E+00   1.50173485E+09   0.29209543      
  27               6.60693448E-03   4.01828157E-03   858.81704295     1.32632090E-07   3.38895304E+16   2.87039052E+08   0.00000000E+00   1.48785983E+09   0.29163961      
  28               7.76247117E-03   4.64395955E-03   877.57516405     1.50006410E-07   3.83292167E+16   2.87039067E+08   0.00000000E+00   1.47383261E+09   0.29134016      
  29               9.12010839E-03   5.36076512E-03   891.89929483     1.70378577E-07   4.35348245E+16   2.87039082E+08   0.00000000E+00   1.45965382E+09   0.29082847      
  30               1.07151931E-02   6.18024443E-03   912.46372301     1.91995786E-07   4.90586829E+16   2.87039095E+08   0.00000000E+00   1.44532585E+09   0.29047862      
  31               1.25892541E-02   7.11481617E-03   928.71057042     2.17161886E-07   5.54892857E+16   2.87039106E+08   0.00000000E+00   1.43085230E+09   0.28989838      
  32               1.47910839E-02   8.17968511E-03   951.14560123     2.43774456E-07   6.22895827E+16   2.87039116E+08   0.00000000E+00   1.41621671E+09   0.28950302      
  33               1.73780083E-02   9.39200622E-03   969.29429215     2.74663075E-07   7.01824550E+16   2.87039123E+08   0.00000000E+00   1.40140097E+09   0.28884607      
  34               2.04173794E-02   1.07704646E-02   993.90170806     3.07176021E-07   7.84904538E+16   2.87039128E+08   0.00000000E+00   1.38639376E+09   0.28818387      
  35               2.39883292E-02   1.23346281E-02   1014.50484022    3.44641377E-07   8.80638721E+16   2.87039129E+08   0.00000000E+00   1.37119161E+09   0.28711184      
  36               2.81838293E-02   1.41049956E-02   1041.96785626    3.83718910E-07   9.80492944E+16   2.87039127E+08   0.00000000E+00   1.35579685E+09   0.28630887      
  37               3.31131121E-02   1.61020397E-02   1065.65772999    4.28308915E-07   1.09443253E+17   2.87039121E+08   0.00000000E+00   1.34021918E+09   0.28519359      
  38               3.89045145E-02   1.83463101E-02   1096.45197927    4.74299249E-07   1.21195070E+17   2.87039111E+08   0.00000000E+00   1.32447317E+09   0.28438022      
  39               4.57088190E-02   2.08566735E-02   1123.80850408    5.26072498E-07   1.34424543E+17   2.87039098E+08   0.00000000E+00   1.30858084E+09   0.28343277      
  40               5.37031796E-02   2.36546160E-02   1158.61796465    5.78719388E-07   1.47877290E+17   2.87039081E+08   0.00000000E+00   1.29254535E+09   0.28278897      
  41               6.30957344E-02   2.67668839E-02   1190.66676995    6.37234959E-07   1.62829625E+17   2.87039069E+08   0.00000000E+00   1.27633870E+09   0.28188271      
  42               7.41310241E-02   3.02149801E-02   1232.01153865    6.95183037E-07   1.77636978E+17   2.86928220E+08   1.11605183E+05   1.25995621E+09   0.28105574      
  43               8.70963590E-02   3.40064076E-02   1273.53666146    7.56904335E-07   1.93408316E+17   2.86129264E+08   9.09889314E+05   1.24342773E+09   0.27954088      
  44               1.02329299E-01   3.81705777E-02   1315.21428151    8.22670731E-07   2.10212267E+17   2.84731799E+08   2.30699317E+06   1.22674006E+09   0.27770831      
  45               1.20226443E-01   4.27359815E-02   1357.00086825    8.92727944E-07   2.28107412E+17   2.82722136E+08   4.31599146E+06   1.20989356E+09   0.27587228      
  46               1.41253754E-01   4.77256475E-02   1398.86970747    9.67184315E-07   2.47115737E+17   2.80090671E+08   6.94633512E+06   1.19291253E+09   0.27397346      
  47               1.65958691E-01   5.31749213E-02   1440.79444226    1.04655832E-06   2.67319519E+17   2.76864678E+08   1.01706585E+07   1.17578377E+09   0.27196035      
  48               1.94984460E-01   5.90933519E-02   1482.62970486    1.13035423E-06   2.88690018E+17   2.73049283E+08   1.39835259E+07   1.15857593E+09   0.26997913      
  49               2.29086765E-01   6.53729961E-02   1523.49183912    1.21714310E-06   3.10802209E+17   2.68710598E+08   1.83188837E+07   1.14164555E+09   0.26826671      
  50               2.69153480E-01   7.18427890E-02   1562.49306349    1.30512134E-06   3.33035803E+17   2.63912385E+08   2.31152925E+07   1.12541139E+09   0.26679914      
  51               3.16227766E-01   7.82398231E-02   1598.38987449    1.38999028E-06   3.54544685E+17   2.58795258E+08   2.82330009E+07   1.11039179E+09   0.26552096      
  52               3.71535229E-01   8.40183208E-02   1628.89790610    1.46612991E-06   3.73599230E+17   2.53898083E+08   3.31304884E+07   1.09758923E+09   0.26438967      
  53               4.36515832E-01   8.89172459E-02   1653.45094950    1.52853382E-06   3.89511717E+17   2.49609560E+08   3.74192828E+07   1.08724073E+09   0.26314233      
  54               5.12861384E-01   9.43430386E-02   1679.41397103    1.59667714E-06   4.06890863E+17   2.44759716E+08   4.22691211E+07   1.07625782E+09   0.26164769      
  55               6.02559586E-01   1.00333815E-01   1706.62266706    1.67091846E-06   4.25829414E+17   2.39202609E+08   4.78261556E+07   1.06465944E+09   0.25997752      
  56               7.07945784E-01   1.06923751E-01   1735.05170297    1.75138781E-06   4.46362402E+17   2.32825651E+08   5.42030707E+07   1.05247759E+09   0.25809826      
  57               8.31763771E-01   1.14133721E-01   1764.43150920    1.83822423E-06   4.68527419E+17   2.25510653E+08   6.15184149E+07   1.03977057E+09   0.25596115      
  58               9.77237221E-01   1.21952821E-01   1794.55090615    1.93101913E-06   4.92223005E+17   2.17230648E+08   6.98001680E+07   1.02664659E+09   0.25356476      
  59               1.14815362E+00   1.30288711E-01   1824.76571025    2.02863389E-06   5.17160701E+17   2.08366347E+08   7.86673750E+07   1.01332801E+09   0.25103246      
  60               1.34896288E+00   1.39212207E-01   1855.28686235    2.13163646E-06   5.43490664E+17   1.99612137E+08   8.74246978E+07   9.99758067E+08   0.24829015      
  61               1.58489319E+00   1.49029355E-01   1886.79064456    2.24349318E-06   5.72102633E+17   1.90814417E+08   9.62232750E+07   9.85562000E+08   0.24516744      
  62               1.86208714E+00   1.59817686E-01   1919.26095911    2.36472901E-06   6.03137940E+17   1.81611587E+08   1.05425963E+08   9.70750358E+08   0.24166932      
  63               2.18776162E+00   1.71662724E-01   1952.49280213    2.49616236E-06   6.36813701E+17   1.71941319E+08   1.15095075E+08   9.55332936E+08   0.23787149      
  64               2.57039578E+00   1.84658926E-01   1986.48767252    2.63842575E-06   6.73302566E+17   1.61822693E+08   1.25211606E+08   9.39318547E+08   0.23372398      
  65               3.01995172E+00   1.98910967E-01   2021.01858383    2.79253748E-06   7.12876439E+17   1.51328681E+08   1.35702996E+08   9.22714713E+08   0.22917047      
  66               3.54813389E+00   2.14535936E-01   2056.07122678    2.95934150E-06   7.55766668E+17   1.40591940E+08   1.46436435E+08   9.05526692E+08   0.22423218      
  67               4.16869383E+00   2.31666460E-01   2091.42202385    3.14012909E-06   8.02319459E+17   1.29791963E+08   1.57232389E+08   8.87756031E+08   0.21907249      
  68               4.89778819E+00   2.50449486E-01   2127.11032940    3.33591827E-06   8.52817234E+17   1.19074539E+08   1.67945522E+08   8.69403800E+08   0.21381567      
  69               5.75439937E+00   2.71046801E-01   2162.94305864    3.54820181E-06   9.07663850E+17   1.08538850E+08   1.78476832E+08   8.50471473E+08   0.20844372      
  70               6.76082975E+00   2.93636538E-01   2198.95281893    3.77822871E-06   9.67208319E+17   9.82756137E+07   1.88735303E+08   8.30960962E+08   0.20297921      
  71               7.94328235E+00   3.18414526E-01   2234.94543032    4.02777619E-06   1.03193368E+18   8.83746304E+07   1.98631165E+08   8.10874869E+08   0.19752076      
  72               9.33254301E+00   3.45595158E-01   2270.98790959    4.29828037E-06   1.10224634E+18   7.89010351E+07   2.08099907E+08   7.90216968E+08   0.19203573      
  73               1.09647820E+01   3.75410044E-01   2306.86302200    4.59183994E-06   1.17871801E+18   6.98486977E+07   2.17147867E+08   7.68994327E+08   0.18641839      
  74               1.28824955E+01   4.08049498E-01   2342.52792830    4.91010439E-06   1.26169363E+18   6.13844791E+07   2.25608262E+08   7.47256127E+08   0.18094308      
  75               1.51356125E+01   4.43794063E-01   2377.88918004    5.25449543E-06   1.35181019E+18   5.38242158E+07   2.33165451E+08   7.25002197E+08   0.17583832      
  76               1.77827941E+01   4.83018162E-01   2413.14599747    5.62800359E-06   1.44979201E+18   4.71859689E+07   2.39801360E+08   7.02192572E+08   0.171013        
  77               2.08929613E+01   5.26052527E-01   2448.14972160    6.03334020E-06   1.55638479E+18   4.12876770E+07   2.45698195E+08   6.78838246E+08   0.16635034      
  78               2.45470892E+01   5.73247050E-01   2482.97779907    6.47270145E-06   1.67222546E+18   3.60270302E+07   2.50958069E+08   6.54955838E+08   0.16196274      
  79               2.88403150E+01   6.24959630E-01   2517.51341275    6.94877602E-06   1.79806758E+18   3.13883223E+07   2.55596247E+08   6.30571692E+08   0.15796081      
  80               3.38844156E+01   6.81611914E-01   2551.90807824    7.46398406E-06   1.93463030E+18   2.73740978E+07   2.59610298E+08   6.05695361E+08   0.15423992      
  81               3.98107171E+01   7.43655018E-01   2586.02787689    8.02179750E-06   2.08287952E+18   2.38793421E+07   2.63105473E+08   5.80339362E+08   0.15071531      
  82               4.67735141E+01   8.11571152E-01   2619.99214589    8.62496486E-06   2.24363627E+18   2.08423524E+07   2.66143452E+08   5.54518729E+08   0.14741893      
  83               5.49540874E+01   8.85875454E-01   2653.68061251    9.27728251E-06   2.41796414E+18   1.82070921E+07   2.68780190E+08   5.28250349E+08   0.14440972      
  84               6.45654229E+01   9.67116738E-01   2687.24782031    9.98157894E-06   2.60673582E+18   1.59264338E+07   2.71062559E+08   5.01552569E+08   0.14166314      
  85               7.58577575E+01   1.05587476E+00   2720.56319110    1.07420075E-05   2.81112030E+18   1.39345474E+07   2.73057079E+08   4.74446062E+08   0.13907572      
  86               8.91250938E+01   1.15276432E+00   2753.73991353    1.15617488E-05   3.03209947E+18   1.22006521E+07   2.74794867E+08   4.46952521E+08   0.13665179      
  87               1.04712855E+02   1.25843776E+00   2786.65170365    1.24453532E-05   3.27095740E+18   1.06913182E+07   2.76309539E+08   4.19093971E+08   0.13444681      
  88               1.23026877E+02   1.37358666E+00   2819.44828775    1.33960342E-05   3.52872465E+18   9.38347442E+06   2.77624551E+08   3.90892223E+08   0.13248486      
  89               1.44543977E+02   1.49894394E+00   2852.01975051    1.44186550E-05   3.80678809E+18   8.24622489E+06   2.78770985E+08   3.62368460E+08   0.13076588      
  90               1.69824365E+02   1.63528742E+00   2884.52738684    1.55165288E-05   4.10624887E+18   7.25701312E+06   2.79772574E+08   3.33542591E+08   0.12920442      
  91               1.99526231E+02   1.78344921E+00   2916.82488656    1.66952994E-05   4.42869966E+18   6.39388595E+06   2.80652120E+08   3.04432114E+08   0.12778571      
  92               2.34422882E+02   1.94432588E+00   2949.08008497    1.79586485E-05   4.77538433E+18   5.64325713E+06   2.81424452E+08   2.75051116E+08   0.12647933      
  93               2.75422870E+02   2.11888189E+00   2981.13755237    1.93131320E-05   5.14814266E+18   4.98730242E+06   2.82108650E+08   2.45411073E+08   0.12529782      
  94               3.23593657E+02   2.30815566E+00   3013.18329655    2.07627700E-05   5.54836959E+18   4.41406305E+06   2.82718591E+08   2.15520892E+08   0.12421772      
  95               3.80189396E+02   2.51323640E+00   3045.04899239    2.23149282E-05   5.97812368E+18   3.90783147E+06   2.83271297E+08   1.85391430E+08   0.12323197      
  96               4.46683592E+02   2.73526004E+00   3076.91839631    2.39736019E-05   6.43885258E+18   3.46139297E+06   2.83775512E+08   1.55035634E+08   0.12232406      
  97               5.24807460E+02   2.97546410E+00   3108.61577118    2.57471366E-05   6.93287722E+18   3.06623675E+06   2.84241089E+08   1.24461383E+08   0.12151137      
  98               6.16595002E+02   3.23519602E+00   3140.34896300    2.76400903E-05   7.46188460E+18   2.71814937E+06   2.84673740E+08   9.36722375E+07   0.12078374      
  99               7.24435960E+02   3.51592257E+00   3171.94217736    2.96622876E-05   8.02860109E+18   2.41061286E+06   2.85081458E+08   6.26682365E+07   0.12016507      
  100              8.51138038E+02   3.81924387E+00   3203.62774584    3.18188297E-05   8.63497696E+18   2.14053483E+06   2.85469624E+08   3.14459477E+07   0.11963849      
  101              1.00000000E+03   4.14689609E+00   3235.22298104    3.41212409E-05   9.28420614E+18   2.01028838E+06   2.85690042E+08   0.00000000E+00   0.11919911      
