# ATMO pressure-temperature profile
# Effective temperature = 500.0K
# log(g) = 4.0cm/s^2
# M/H = 0.0
# Optical depth grid in band 17 (1.20-1.33microns)
# All parameters in cgs units
#
# Model Level      Optical Depth    Pressure         Temperature      Density          Number Density   Rad Flux         Conv Flux        Radial Extension Adiabatic Gradient
#                                   [Ba]             [K]              [g/cm^3]         [/cm^3]          [ergs/s/cm^2/sr] [ergs/s/cm^2/sr] [cm]             [K/Ba]          
  1                5.00000000E-05   1.00000000E-05   68.37498398      4.14432771E-09   1.05932349E+15   3.54356485E+06   0.00000000E+00   3.23137939E+07   0.34574726      
  2                5.91534807E-05   2.26980379E-04   90.88817629      7.07659900E-08   1.80886755E+16   3.54356485E+06   0.00000000E+00   3.10467807E+07   0.31479472      
  3                6.99826855E-05   4.52278565E-04   108.06406895     1.18585582E-07   3.03145083E+16   3.54356485E+06   0.00000000E+00   3.08008405E+07   0.31481899      
  4                8.27943887E-05   7.02189811E-04   119.13540618     1.67018832E-07   4.26913131E+16   3.54356485E+06   0.00000000E+00   3.06232634E+07   0.31630818      
  5                9.79515255E-05   9.86456172E-04   129.42201421     2.15983916E-07   5.52071693E+16   3.54356485E+06   0.00000000E+00   3.04735943E+07   0.32059867      
  6                1.15883473E-04   1.31258225E-03   137.52305444     2.70459838E-07   6.91316394E+16   3.54356485E+06   0.00000000E+00   3.03386597E+07   0.3237789       
  7                1.37098216E-04   1.68862820E-03   146.27059533     3.27136314E-07   8.36185917E+16   3.54356485E+06   0.00000000E+00   3.02122369E+07   0.32511324      
  8                1.62196734E-04   2.12363130E-03   153.31442748     3.92507277E-07   1.00327948E+17   3.54356485E+06   0.00000000E+00   3.00908410E+07   0.32587047      
  9                1.91890027E-04   2.62793832E-03   161.43404757     4.61287103E-07   1.17908705E+17   3.54356485E+06   0.00000000E+00   2.99723227E+07   0.32592568      
  10               2.27019260E-04   3.21363662E-03   168.06193971     5.41847443E-07   1.38501104E+17   3.54356485E+06   0.00000000E+00   2.98551707E+07   0.32549009      
  11               2.68579588E-04   3.89473820E-03   175.97400831     6.27156823E-07   1.60308143E+17   3.54356485E+06   0.00000000E+00   2.97383324E+07   0.32490388      
  12               3.17748350E-04   4.68719180E-03   182.49774100     7.27685532E-07   1.86029180E+17   3.54356485E+06   0.00000000E+00   2.96210281E+07   0.32380333      
  13               3.75918418E-04   5.60920637E-03   190.47031625     8.34500302E-07   2.13304469E+17   3.54356485E+06   0.00000000E+00   2.95027096E+07   0.32287071      
  14               4.44737657E-04   6.68165381E-03   197.25419586     9.59272936E-07   2.45348586E+17   3.54356485E+06   0.00000000E+00   2.93828448E+07   0.32138255      
  15               5.26155608E-04   7.92921959E-03   205.37250751     1.09406421E-06   2.79649456E+17   3.54356485E+06   0.00000000E+00   2.92610662E+07   0.3202533       
  16               6.22478712E-04   9.38066028E-03   212.17651355     1.25282604E-06   3.20229944E+17   3.54356485E+06   0.00000000E+00   2.91370916E+07   0.31862227      
  17               7.36435649E-04   1.10698121E-02   220.25995690     1.42416187E-06   3.64024438E+17   3.54356485E+06   0.00000000E+00   2.90106344E+07   0.31742527      
  18               8.71254639E-04   1.30350864E-02   227.04351133     1.62689489E-06   4.15844211E+17   3.54356485E+06   0.00000000E+00   2.88815233E+07   0.31577538      
  19               1.03075489E-03   1.53214439E-02   235.02639579     1.84730127E-06   4.72181421E+17   3.54356485E+06   0.00000000E+00   2.87496382E+07   0.31460807      
  20               1.21945479E-03   1.79813933E-02   241.68439737     2.10828539E-06   5.38890547E+17   3.54356485E+06   0.00000000E+00   2.86148538E+07   0.31307648      
  21               1.44269991E-03   2.10761997E-02   249.60769156     2.39270422E-06   6.11589726E+17   3.54356485E+06   0.00000000E+00   2.84770617E+07   0.31196283      
  22               1.70681442E-03   2.46761829E-02   256.39038006     2.72728754E-06   6.97111254E+17   3.54356485E+06   0.00000000E+00   2.83361359E+07   0.31062609      
  23               2.01928028E-03   2.88633890E-02   264.50006409     3.09226151E-06   7.90400817E+17   3.54356485E+06   0.00000000E+00   2.81919507E+07   0.30967779      
  24               2.38894914E-03   3.37325452E-02   271.54034536     3.52021686E-06   8.99788803E+17   3.54356485E+06   0.00000000E+00   2.80443695E+07   0.30850934      
  25               2.82629313E-03   3.93929541E-02   280.00472158     3.98664780E-06   1.01901138E+18   3.54356485E+06   0.00000000E+00   2.78932713E+07   0.30770239      
  26               3.34370152E-03   4.59694899E-02   287.54553868     4.53020365E-06   1.15794756E+18   3.54356485E+06   0.00000000E+00   2.77385200E+07   0.30667712      
  27               3.95583167E-03   5.36074944E-02   296.51608527     5.12308929E-06   1.30949273E+18   3.54356485E+06   0.00000000E+00   2.75799741E+07   0.30594773      
  28               4.68002425E-03   6.24753881E-02   304.53632889     5.81332401E-06   1.48592091E+18   3.54356485E+06   0.00000000E+00   2.74174783E+07   0.30508418      
  29               5.53679448E-03   7.27681959E-02   313.98401375     6.56732859E-06   1.67864906E+18   3.54356485E+06   0.00000000E+00   2.72508966E+07   0.30447415      
  30               6.55041330E-03   8.47086222E-02   322.64961178     7.43962674E-06   1.90161376E+18   3.54356485E+06   0.00000000E+00   2.70800722E+07   0.3037468       
  31               7.74959494E-03   9.85511215E-02   332.96168084     8.38729649E-06   2.14384388E+18   3.54356485E+06   0.00000000E+00   2.69048343E+07   0.30322415      
  32               9.16831029E-03   1.14584502E-01   342.72279924     9.47409129E-06   2.42163522E+18   3.54356485E+06   0.00000000E+00   2.67249699E+07   0.30265788      
  33               1.08467493E-02   1.33141746E-01   354.24803488     1.06502916E-05   2.72227904E+18   3.54356485E+06   0.00000000E+00   2.65402286E+07   0.30224162      
  34               1.28324595E-02   1.54606351E-01   365.30742526     1.19928810E-05   3.06545306E+18   3.54356485E+06   0.00000000E+00   2.63503044E+07   0.30176242      
  35               1.51816929E-02   1.79410522E-01   378.23343988     1.34413456E-05   3.43568886E+18   3.54356485E+06   0.00000000E+00   2.61549417E+07   0.30138322      
  36               1.79609996E-02   2.08031938E-01   390.90534317     1.50804067E-05   3.85464377E+18   3.54356485E+06   0.00000000E+00   2.59539106E+07   0.3010105       
  37               2.12491128E-02   2.41001755E-01   405.74978982     1.68313673E-05   4.30217172E+18   3.54356485E+06   0.00000000E+00   2.57469673E+07   0.30077125      
  38               2.51391797E-02   2.78891837E-01   420.76855444     1.87823556E-05   4.80085254E+18   3.54356485E+06   0.00000000E+00   2.55338637E+07   0.30053722      
  39               2.97413996E-02   3.22323840E-01   438.55468446     2.08269750E-05   5.32346636E+18   3.54356485E+06   0.00000000E+00   2.53142691E+07   0.30033028      
  40               3.51861462E-02   3.71924528E-01   458.51596677     2.29856996E-05   5.87524791E+18   3.52746677E+06   1.60980705E+04   2.50875721E+07   0.30008402      
  41               4.16276604E-02   4.28493534E-01   477.67207738     2.54198724E-05   6.49740978E+18   3.49875072E+06   4.48141315E+04   2.48535461E+07   0.29990874      
  42               4.92484201E-02   4.92934548E-01   498.93492752     2.79988265E-05   7.15601413E+18   3.46232245E+06   8.12423923E+04   2.46119912E+07   0.29978413      
  43               5.82643093E-02   5.66270526E-01   519.31155921     3.09022833E-05   7.89808508E+18   3.41442487E+06   1.29139985E+05   2.43626742E+07   0.2996898       
  44               6.89307339E-02   6.49695072E-01   541.97998264     3.39719616E-05   8.68264741E+18   3.35311639E+06   1.90448453E+05   2.41051973E+07   0.29952665      
  45               8.15498567E-02   7.44560569E-01   563.68315327     3.74333624E-05   9.56733139E+18   3.28002990E+06   2.63534948E+05   2.38391747E+07   0.29937996      
  46               9.64791575E-02   8.52319167E-01   587.86624381     4.10881819E-05   1.05014573E+19   3.19469985E+06   3.48864997E+05   2.35644080E+07   0.29924323      
  47               1.14141560E-01   9.74603977E-01   610.97807342     4.52058856E-05   1.15538944E+19   3.10205221E+06   4.41512642E+05   2.32806706E+07   0.29913893      
  48               1.35037411E-01   1.11321508E+00   636.75497640     4.95448168E-05   1.26628823E+19   3.00487838E+06   5.38686468E+05   2.29877827E+07   0.29893134      
  49               1.59758657E-01   1.27031889E+00   661.34590252     5.44345580E-05   1.39126522E+19   2.90955002E+06   6.34014823E+05   2.26852654E+07   0.29868878      
  50               1.89005613E-01   1.44825604E+00   688.81572959     5.95843195E-05   1.52288859E+19   2.81729520E+06   7.26269654E+05   2.23728278E+07   0.29838427      
  51               2.23606798E-01   1.64943910E+00   714.94578099     6.53810863E-05   1.67104835E+19   2.73313426E+06   8.10430576E+05   2.20504988E+07   0.29812485      
  52               2.64542408E-01   1.87646170E+00   744.11668174     7.14639468E-05   1.82652030E+19   2.65832992E+06   8.85234948E+05   2.17183754E+07   0.29775288      
  53               3.12972084E-01   2.13234352E+00   771.75484437     7.83007425E-05   2.00126060E+19   2.59800227E+06   9.45562563E+05   2.13763069E+07   0.29732481      
  54               3.70267763E-01   2.42087796E+00   802.66733417     8.54727241E-05   2.18455582E+19   2.55244984E+06   9.91115032E+05   2.10236101E+07   0.29669428      
  55               4.38052539E-01   2.74620901E+00   831.91620632     9.35506253E-05   2.39100147E+19   2.52493555E+06   1.01862928E+06   2.06597880E+07   0.29609711      
  56               5.18246648E-01   3.11248928E+00   864.67043663     1.02011603E-04   2.60725251E+19   2.51463413E+06   1.02893073E+06   2.02848448E+07   0.29534099      
  57               6.13121862E-01   3.52385830E+00   895.49046858     1.11519181E-04   2.85025232E+19   2.52679658E+06   1.01676826E+06   1.98991605E+07   0.29462154      
  58               7.25365844E-01   3.98496404E+00   929.96961167     1.21436108E-04   3.10371252E+19   2.56256157E+06   9.81003289E+05   1.95029263E+07   0.29363318      
  59               8.58158289E-01   4.50139057E+00   962.23867704     1.32573579E-04   3.38836141E+19   2.62614693E+06   9.17417919E+05   1.90959152E+07   0.29269525      
  60               1.01526100E+00   5.07963895E+00   998.43913797     1.44180870E-04   3.68499656E+19   2.71136005E+06   8.32204798E+05   1.86776685E+07   0.29146498      
  61               1.20112443E+00   5.72633918E+00   1032.16706448    1.57229859E-04   4.01839765E+19   2.82255604E+06   7.21008827E+05   1.82481492E+07   0.29036329      
  62               1.42101382E+00   6.44835148E+00   1070.05977406    1.70784297E-04   4.36482165E+19   2.95263289E+06   5.90931946E+05   1.78075404E+07   0.28896766      
  63               1.68115827E+00   7.25307514E+00   1105.12466530    1.86002050E-04   4.75375444E+19   3.10456203E+06   4.39002865E+05   1.73560339E+07   0.28775841      
  64               1.98892727E+00   8.14982835E+00   1144.65106738    2.01781998E-04   5.15704812E+19   3.26415075E+06   2.79414059E+05   1.68931491E+07   0.28622828      
  65               2.35303941E+00   9.15028158E+00   1181.12347010    2.19558168E-04   5.61131952E+19   3.43130090E+06   1.12264059E+05   1.64178348E+07   0.28482544      
  66               2.78380943E+00   1.02667822E+01   1222.46695495    2.38022648E-04   6.08307345E+19   3.54356464E+06   0.00000000E+00   1.59294352E+07   0.28342282      
  67               3.29344035E+00   1.15131232E+01   1259.07245479    2.59171675E-04   6.62320610E+19   3.54356483E+06   0.00000000E+00   1.54276304E+07   0.28214726      
  68               3.89636920E+00   1.29075616E+01   1296.98644549    2.82092008E-04   7.20832913E+19   3.54356487E+06   0.00000000E+00   1.49119127E+07   0.28080022      
  69               4.60967600E+00   1.44712724E+01   1332.44638865    3.07871823E-04   7.86652297E+19   3.54356483E+06   0.00000000E+00   1.43812986E+07   0.27953567      
  70               5.45356761E+00   1.62346098E+01   1370.55980965    3.35791806E-04   8.57965258E+19   3.54356486E+06   0.00000000E+00   1.38328715E+07   0.27818357      
  71               6.45195012E+00   1.82365161E+01   1407.30393577    3.67341348E-04   9.38598404E+19   3.54356483E+06   0.00000000E+00   1.32628684E+07   0.27688313      
  72               7.63310614E+00   2.05208161E+01   1447.43094493    4.01878039E-04   1.02688690E+20   3.54356485E+06   0.00000000E+00   1.26683364E+07   0.27544083      
  73               9.03049593E+00   2.31244765E+01   1486.88926858    4.40829810E-04   1.12646869E+20   3.54356486E+06   0.00000000E+00   1.20497430E+07   0.27402407      
  74               1.06837053E+01   2.60784389E+01   1530.13484242    4.83067204E-04   1.23446200E+20   3.54356483E+06   0.00000000E+00   1.14096103E+07   0.27249279      
  75               1.26395671E+01   2.94014895E+01   1573.08466120    5.29730809E-04   1.35376436E+20   3.54356487E+06   0.00000000E+00   1.07526947E+07   0.27099799      
  76               1.49534878E+01   3.31062127E+01   1619.99327615    5.79190914E-04   1.48020589E+20   3.54356479E+06   0.00000000E+00   1.00838540E+07   0.2694041       
  77               1.76910170E+01   3.71906983E+01   1666.62744215    6.32459816E-04   1.61629878E+20   3.54358204E+06   0.00000000E+00   9.40898756E+06   0.26785487      
  78               2.09297047E+01   4.16046960E+01   1717.30497286    6.86889147E-04   1.75477228E+20   3.50248470E+06   4.10925728E+04   8.73925740E+06   0.26616527      
  79               2.47612977E+01   4.62843647E+01   1766.54306080    7.42842801E-04   1.89773653E+20   3.22809501E+06   3.15600090E+05   8.08412765E+06   0.26449459      
  80               2.92943389E+01   5.10875285E+01   1813.14735767    7.98952139E-04   2.04083376E+20   2.86859414E+06   6.75797864E+05   7.46064177E+06   0.26291197      
  81               3.46572422E+01   5.57401732E+01   1855.02681611    8.52254700E-04   2.17642628E+20   2.57622804E+06   9.72399458E+05   6.89679238E+06   0.2614986       
  82               4.10019301E+01   6.06962266E+01   1896.72978831    9.08123941E-04   2.31783260E+20   2.28241442E+06   1.26434677E+06   6.33342306E+06   0.26009939      
  83               4.85081376E+01   6.52428396E+01   1932.55471170    9.58866979E-04   2.44527043E+20   1.90570812E+06   1.64373698E+06   5.84616711E+06   0.25891896      
  84               5.73885036E+01   6.92000351E+01   1962.22830255    1.00161901E-03   2.55436303E+20   1.69015895E+06   1.86375292E+06   5.44237531E+06   0.25791971      
  85               6.78945948E+01   7.35807692E+01   1993.44083246    1.04832159E-03   2.67354078E+20   1.60839315E+06   1.94405534E+06   5.01486284E+06   0.25684891      
  86               8.03240320E+01   7.84149104E+01   2026.25682290    1.09905312E-03   2.80304455E+20   1.42394700E+06   2.11961767E+06   4.56449933E+06   0.25573858      
  87               9.50289215E+01   8.23822369E+01   2051.88150404    1.14057305E-03   2.90808531E+20   1.15962688E+06   2.38393777E+06   4.21013752E+06   0.25487594      
  88               1.12425830E+02   8.54263804E+01   2070.97187593    1.17179439E-03   2.98774579E+20   1.01895449E+06   2.52461026E+06   3.94682105E+06   0.25420324      
  89               1.33007583E+02   8.88750432E+01   2091.83457244    1.20691477E-03   3.07736017E+20   9.80716534E+05   2.56284821E+06   3.65682847E+06   0.25345988      
  90               1.57357229E+02   9.27714629E+01   2114.72432658    1.24616093E-03   3.17750676E+20   9.40265777E+05   2.60329900E+06   3.33911138E+06   0.25263187      
  91               1.86164557E+02   9.71537497E+01   2139.43497784    1.28991788E-03   3.28916996E+20   8.95088405E+05   2.64847632E+06   2.99346426E+06   0.25173324      
  92               2.20245630E+02   1.02055388E+02   2166.11225060    1.33822056E-03   3.41256411E+20   7.88364255E+05   2.75520036E+06   2.62038879E+06   0.25080119      
  93               2.60565913E+02   1.05750465E+02   2185.41687174    1.37556997E-03   3.50488549E+20   6.43932956E+05   2.89963190E+06   2.34801436E+06   0.25011747      
  94               3.08267614E+02   1.08465601E+02   2199.36901265    1.40191069E-03   3.57206840E+20   5.73744850E+05   2.96982004E+06   2.15249480E+06   0.24959108      
  95               3.64702046E+02   1.11587169E+02   2214.91852552    1.43210019E-03   3.64907125E+20   5.56294527E+05   2.98727027E+06   1.93218898E+06   0.24899814      
  96               4.31467909E+02   1.15165133E+02   2232.43736846    1.46638290E-03   3.73652222E+20   5.37841264E+05   3.00572350E+06   1.68528636E+06   0.24831984      
  97               5.10456573E+02   1.19253520E+02   2251.76736918    1.50535998E-03   3.83595518E+20   5.17449980E+05   3.02611467E+06   1.41011183E+06   0.24755973      
  98               6.03905660E+02   1.23910569E+02   2273.25713763    1.54930599E-03   3.94807713E+20   4.96377366E+05   3.04718734E+06   1.10516629E+06   0.24671023      
  99               7.14462436E+02   1.29198941E+02   2296.70930876    1.59886826E-03   4.07454167E+20   4.74049610E+05   3.06951523E+06   7.69160117E+05   0.2457784       
  100              8.45258798E+02   1.35186082E+02   2322.44164629    1.65434147E-03   4.21612045E+20   4.50975306E+05   3.09258956E+06   4.01030438E+05   0.24474648      
  101              1.00000000E+03   1.41943953E+02   2350.20575275    1.71659719E-03   4.37458490E+20   4.37877303E+05   3.10568742E+06   0.00000000E+00   0.24361985      
