# ATMO pressure-temperature profile
# Effective temperature = 500.0K
# log(g) = 3.0cm/s^2
# M/H = 0.0
# Optical depth grid in band 17 (1.20-1.33microns)
# All parameters in cgs units
#
# Model Level      Optical Depth    Pressure         Temperature      Density          Number Density   Rad Flux         Conv Flux        Radial Extension Adiabatic Gradient
#                                   [Ba]             [K]              [g/cm^3]         [/cm^3]          [ergs/s/cm^2/sr] [ergs/s/cm^2/sr] [cm]             [K/Ba]          
  1                1.00000000E-04   1.00000000E-05   78.75759018      3.59719629E-09   9.19672966E+14   3.54356485E+06   0.00000000E+00   2.98207527E+08   0.34574495      
  2                1.17489755E-04   8.39765213E-05   103.04475080     2.30861429E-08   5.90279698E+15   3.54356485E+06   0.00000000E+00   2.90089768E+08   0.3449632       
  3                1.38038426E-04   1.61173468E-04   121.88993380     3.74612769E-08   9.57748649E+15   3.54356485E+06   0.00000000E+00   2.87464745E+08   0.32181734      
  4                1.62181010E-04   2.46465878E-04   133.14108739     5.24446934E-08   1.34082019E+16   3.54356485E+06   0.00000000E+00   2.85540464E+08   0.32479198      
  5                1.90546072E-04   3.42654587E-04   144.96521681     6.69652335E-08   1.71205842E+16   3.54356485E+06   0.00000000E+00   2.83917352E+08   0.32588139      
  6                2.23872114E-04   4.52091979E-04   152.91710331     8.37580120E-08   2.14139399E+16   3.54356485E+06   0.00000000E+00   2.82456091E+08   0.32572667      
  7                2.63026799E-04   5.77298390E-04   162.84577632     1.00432775E-07   2.56773196E+16   3.54356485E+06   0.00000000E+00   2.81090955E+08   0.32478668      
  8                3.09029543E-04   7.21126462E-04   169.22818416     1.20719489E-07   3.08648789E+16   3.54356485E+06   0.00000000E+00   2.79784733E+08   0.32395624      
  9                3.63078055E-04   8.86744762E-04   178.35510694     1.40836496E-07   3.60113102E+16   3.54356485E+06   0.00000000E+00   2.78514562E+08   0.3224289       
  10               4.26579519E-04   1.07762952E-03   184.23335543     1.65614865E-07   4.23669362E+16   3.54356485E+06   0.00000000E+00   2.77264695E+08   0.32143052      
  11               5.01187234E-04   1.29772083E-03   193.11409768     1.90382490E-07   4.86735625E+16   3.54356485E+06   0.00000000E+00   2.76025214E+08   0.31966949      
  12               5.88843655E-04   1.55155373E-03   199.07834732     2.20801756E-07   5.64506091E+16   3.54356485E+06   0.00000000E+00   2.74787178E+08   0.31860147      
  13               6.91830971E-04   1.84461348E-03   207.85513514     2.51422623E-07   6.42791994E+16   3.54356485E+06   0.00000000E+00   2.73543372E+08   0.31678849      
  14               8.12830516E-04   2.18306531E-03   213.67373343     2.89451183E-07   7.40016545E+16   3.54356485E+06   0.00000000E+00   2.72288767E+08   0.31572498      
  15               9.54992586E-04   2.57410699E-03   222.21165744     3.28185583E-07   8.39045659E+16   3.54356485E+06   0.00000000E+00   2.71020018E+08   0.31400017      
  16               1.12201845E-03   3.02588422E-03   227.91470875     3.76131495E-07   9.61625103E+16   3.54356485E+06   0.00000000E+00   2.69734155E+08   0.31302462      
  17               1.31825674E-03   3.54795989E-03   236.24407811     4.25478406E-07   1.08778636E+17   3.54356485E+06   0.00000000E+00   2.68429112E+08   0.31150279      
  18               1.54881662E-03   4.15142834E-03   241.71312743     4.86583151E-07   1.24400793E+17   3.54356485E+06   0.00000000E+00   2.67102826E+08   0.31065982      
  19               1.81970086E-03   4.84924999E-03   249.86188464     5.49837462E-07   1.40572511E+17   3.54356485E+06   0.00000000E+00   2.65753712E+08   0.30934932      
  20               2.13796209E-03   5.65612705E-03   255.36611468     6.27502783E-07   1.60428575E+17   3.54356485E+06   0.00000000E+00   2.64380042E+08   0.30863783      
  21               2.51188643E-03   6.58916635E-03   263.61015677     7.08154643E-07   1.81048184E+17   3.54356485E+06   0.00000000E+00   2.62980364E+08   0.30753088      
  22               2.95120923E-03   7.66798322E-03   269.25514978     8.06820483E-07   2.06273280E+17   3.54356485E+06   0.00000000E+00   2.61553130E+08   0.30691675      
  23               3.46736850E-03   8.91541528E-03   277.60572503     9.09856588E-07   2.32615687E+17   3.54356485E+06   0.00000000E+00   2.60097195E+08   0.30596754      
  24               4.07380278E-03   1.03573928E-02   283.51700046     1.03497804E-06   2.64604474E+17   3.54356485E+06   0.00000000E+00   2.58611237E+08   0.30542674      
  25               4.78630092E-03   1.20239643E-02   292.20509543     1.16578830E-06   2.98047672E+17   3.54356485E+06   0.00000000E+00   2.57094017E+08   0.30463047      
  26               5.62341325E-03   1.39494908E-02   298.56481577     1.32366940E-06   3.38411854E+17   3.54356485E+06   0.00000000E+00   2.55543952E+08   0.30410727      
  27               6.60693448E-03   1.61737600E-02   307.71930424     1.48907326E-06   3.80699313E+17   3.54356485E+06   0.00000000E+00   2.53959645E+08   0.30350656      
  28               7.76247117E-03   1.87418744E-02   314.65171019     1.68749597E-06   4.31428436E+17   3.54356485E+06   0.00000000E+00   2.52339570E+08   0.30315364      
  29               9.12010839E-03   2.17056645E-02   324.43061479     1.89544457E-06   4.84592956E+17   3.54356485E+06   0.00000000E+00   2.50682387E+08   0.30260583      
  30               1.07151931E-02   2.51237182E-02   332.08569078     2.14335243E-06   5.47973543E+17   3.54356485E+06   0.00000000E+00   2.48986580E+08   0.30224712      
  31               1.25892541E-02   2.90638844E-02   342.57640475     2.40356612E-06   6.14500230E+17   3.54356485E+06   0.00000000E+00   2.47250620E+08   0.30179789      
  32               1.47910839E-02   3.36033550E-02   351.00915926     2.71221465E-06   6.93409889E+17   3.54356485E+06   0.00000000E+00   2.45472688E+08   0.30153008      
  33               1.73780083E-02   3.88314897E-02   362.40668926     3.03562304E-06   7.76092857E+17   3.54356485E+06   0.00000000E+00   2.43650635E+08   0.30119582      
  34               2.04173794E-02   4.48476780E-02   372.05627917     3.41500484E-06   8.73086279E+17   3.54356485E+06   0.00000000E+00   2.41782098E+08   0.3009761       
  35               2.39883292E-02   5.17634899E-02   384.92235191     3.80987099E-06   9.74038803E+17   3.54356485E+06   0.00000000E+00   2.39864787E+08   0.30069746      
  36               2.81838293E-02   5.97031691E-02   396.22522030     4.26892784E-06   1.09139286E+18   3.54356485E+06   0.00000000E+00   2.37896042E+08   0.30049757      
  37               3.31131121E-02   6.88054006E-02   410.86789713     4.74442780E-06   1.21295910E+18   3.54356485E+06   0.00000000E+00   2.35873504E+08   0.3002707       
  38               3.89045145E-02   7.92172385E-02   424.48009703     5.28720113E-06   1.35172457E+18   3.54356485E+06   0.00000000E+00   2.33794657E+08   0.30010174      
  39               4.57088190E-02   9.10943514E-02   442.91477487     5.82685978E-06   1.48969417E+18   3.53821239E+06   5.35245883E+03   2.31654820E+08   0.29992419      
  40               5.37031796E-02   1.04593910E-01   461.37534565     6.42265115E-06   1.64201777E+18   3.51161035E+06   3.19544987E+04   2.29448109E+08   0.2998113       
  41               6.30957344E-02   1.19923835E-01   480.97490005     7.06451101E-06   1.80596336E+18   3.46721448E+06   7.63503641E+04   2.27172220E+08   0.29969597      
  42               7.41310241E-02   1.37312776E-01   500.58830982     7.77192225E-06   1.98680884E+18   3.40668475E+06   1.36880094E+05   2.24825464E+08   0.29961437      
  43               8.70963590E-02   1.57010563E-01   521.41733953     8.53179724E-06   2.18106817E+18   3.32979369E+06   2.13771153E+05   2.22406480E+08   0.2994656       
  44               1.02329299E-01   1.79313134E-01   542.23871822     9.36952540E-06   2.39523106E+18   3.23697756E+06   3.06587289E+05   2.19912024E+08   0.29934752      
  45               1.20226443E-01   2.04549837E-01   564.38206827     1.02688263E-05   2.62513577E+18   3.12901335E+06   4.14551501E+05   2.17339181E+08   0.29921119      
  46               1.41253754E-01   2.33080661E-01   586.50360754     1.12597689E-05   2.87846792E+18   3.00881318E+06   5.34751665E+05   2.14685863E+08   0.2990975       
  47               1.65958691E-01   2.65295532E-01   610.03169170     1.23216996E-05   3.14994795E+18   2.87829133E+06   6.65273519E+05   2.11950869E+08   0.29889149      
  48               1.94984460E-01   3.01613693E-01   633.47864650     1.34899861E-05   3.44861660E+18   2.74204319E+06   8.01521658E+05   2.09133896E+08   0.29870247      
  49               2.29086765E-01   3.42555891E-01   658.43179606     1.47405106E-05   3.76830880E+18   2.60535498E+06   9.38209870E+05   2.06230481E+08   0.29844916      
  50               2.69153480E-01   3.88701268E-01   683.30181494     1.61173968E-05   4.12030365E+18   2.47493043E+06   1.06863441E+06   2.03236669E+08   0.29822755      
  51               3.16227766E-01   4.40654714E-01   709.78853212     1.75897943E-05   4.49671416E+18   2.35694102E+06   1.18662383E+06   2.00151091E+08   0.29786284      
  52               3.71535229E-01   4.99067738E-01   736.11476758     1.92090292E-05   4.91065932E+18   2.25734403E+06   1.28622082E+06   1.96973290E+08   0.29748882      
  53               4.36515832E-01   5.64613493E-01   764.11067878     2.09357691E-05   5.35205814E+18   2.17887542E+06   1.36468943E+06   1.93704794E+08   0.29693353      
  54               5.12861384E-01   6.38114586E-01   791.84765687     2.28325131E-05   5.83690837E+18   2.12350587E+06   1.42005898E+06   1.90342984E+08   0.29643699      
  55               6.02559586E-01   7.20566296E-01   821.40476430     2.48549737E-05   6.35393206E+18   2.09008252E+06   1.45348233E+06   1.86881868E+08   0.29574645      
  56               7.07945784E-01   8.12974373E-01   850.64651476     2.70784798E-05   6.92235023E+18   2.07694854E+06   1.46661631E+06   1.83319890E+08   0.29513203      
  57               8.31763771E-01   9.16374141E-01   881.79972450     2.94441871E-05   7.52711768E+18   2.08331422E+06   1.46025063E+06   1.79657980E+08   0.29424518      
  58               9.77237221E-01   1.03186516E+00   912.46922434     3.20407089E-05   8.19087999E+18   2.11077211E+06   1.43279274E+06   1.75897897E+08   0.29346478      
  59               1.14815362E+00   1.16056162E+00   945.10296036     3.47927562E-05   8.89436440E+18   2.15821022E+06   1.38535463E+06   1.72043367E+08   0.2923875       
  60               1.34896288E+00   1.30391121E+00   977.08656120     3.78117385E-05   9.66586710E+18   2.22798350E+06   1.31558135E+06   1.68091156E+08   0.29147895      
  61               1.58489319E+00   1.46350353E+00   1011.20522957    4.10075965E-05   1.04828726E+19   2.31604217E+06   1.22752267E+06   1.64038250E+08   0.29025627      
  62               1.86208714E+00   1.64101837E+00   1044.52850453    4.45143995E-05   1.13793901E+19   2.42241200E+06   1.12115285E+06   1.59883429E+08   0.28922208      
  63               2.18776162E+00   1.83824909E+00   1080.12978941    4.82205215E-05   1.23269109E+19   2.54192797E+06   1.00163688E+06   1.55626382E+08   0.28782886      
  64               2.57039578E+00   2.05727721E+00   1114.75556549    5.22891784E-05   1.33671557E+19   2.67718702E+06   8.66377826E+05   1.51264458E+08   0.2866452       
  65               3.01995172E+00   2.30034460E+00   1151.84040912    5.65838892E-05   1.44652661E+19   2.82003209E+06   7.23537747E+05   1.46795827E+08   0.28510261      
  66               3.54813389E+00   2.57022547E+00   1187.79979240    6.13076222E-05   1.56730608E+19   2.97412231E+06   5.69444021E+05   1.42213685E+08   0.2838221       
  67               4.16869383E+00   2.87001832E+00   1226.49430061    6.62981832E-05   1.69490349E+19   3.12718039E+06   4.16384539E+05   1.37511352E+08   0.28230538      
  68               4.89778819E+00   3.20350207E+00   1263.99982176    7.18064664E-05   1.83570899E+19   3.28574797E+06   2.57817034E+05   1.32678068E+08   0.28110556      
  69               5.75439937E+00   3.57629400E+00   1304.74273539    7.76610285E-05   1.98533668E+19   3.43877395E+06   1.04791293E+05   1.27685964E+08   0.27970061      
  70               6.76082975E+00   3.99861835E+00   1344.86296740    8.42430219E-05   2.15356388E+19   3.54356484E+06   0.00000000E+00   1.22464661E+08   0.27852319      
  71               7.94328235E+00   4.48751789E+00   1387.35513105    9.16454808E-05   2.34284948E+19   3.54356485E+06   0.00000000E+00   1.16900490E+08   0.27708854      
  72               9.33254301E+00   5.06281263E+00   1427.06087003    1.00513707E-04   2.56965723E+19   3.54356485E+06   0.00000000E+00   1.10906364E+08   0.27578667      
  73               1.09647820E+01   5.74188514E+00   1471.06807809    1.10580048E-04   2.82714165E+19   3.54356485E+06   0.00000000E+00   1.04465130E+08   0.27417835      
  74               1.28824955E+01   6.53265257E+00   1513.67331975    1.22265779E-04   3.12595877E+19   3.54356485E+06   0.00000000E+00   9.76643085E+07   0.27272783      
  75               1.51356125E+01   7.43545596E+00   1561.25417970    1.34921586E-04   3.44952924E+19   3.54356485E+06   0.00000000E+00   9.06351175E+07   0.27101223      
  76               1.77827941E+01   8.43297112E+00   1607.68466095    1.48667660E-04   3.79931747E+19   3.54356485E+06   0.00000000E+00   8.35913215E+07   0.26948704      
  77               2.08929613E+01   9.50373906E+00   1658.97532918    1.62364296E-04   4.14935331E+19   3.54356477E+06   0.00000000E+00   7.66993315E+07   0.26771932      
  78               2.45470892E+01   1.06189917E+01   1709.00041376    1.76128348E-04   4.50056413E+19   3.22914858E+06   3.14416142E+05   7.01042529E+07   0.26608574      
  79               2.88403150E+01   1.17117335E+01   1753.80399914    1.89348233E-04   4.83688727E+19   2.76621990E+06   7.77344786E+05   6.41203841E+07   0.2643601       
  80               3.38844156E+01   1.26773265E+01   1790.94921904    2.00847267E-04   5.12708175E+19   2.24511748E+06   1.29844720E+06   5.91686958E+07   0.2630329       
  81               3.98107171E+01   1.34382461E+01   1818.40170626    2.09847445E-04   5.35277022E+19   1.92108139E+06   1.62248328E+06   5.54621633E+07   0.26172455      
  82               4.67735141E+01   1.42641800E+01   1847.09252836    2.19281819E-04   5.59350457E+19   1.82117153E+06   1.72257746E+06   5.16118837E+07   0.26076876      
  83               5.49540874E+01   1.51758848E+01   1876.98791848    2.29575041E-04   5.85623347E+19   1.64393605E+06   1.89962868E+06   4.75484723E+07   0.25943635      
  84               6.45654229E+01   1.59317788E+01   1900.84277640    2.38044898E-04   6.07077185E+19   1.38770848E+06   2.15585630E+06   4.43148817E+07   0.25860225      
  85               7.58577575E+01   1.65170082E+01   1918.54611798    2.44507703E-04   6.23569667E+19   1.24231063E+06   2.30125413E+06   4.18891064E+07   0.25771312      
  86               8.91250938E+01   1.71731029E+01   1937.95505769    2.51670541E-04   6.41846104E+19   1.19623072E+06   2.34801036E+06   3.92442378E+07   0.25699843      
  87               1.04712855E+02   1.79101868E+01   1958.89250974    2.59662834E-04   6.62239910E+19   1.14536152E+06   2.39901043E+06   3.63608969E+07   0.2558791       
  88               1.23026877E+02   1.87349281E+01   1981.60377939    2.68491475E-04   6.84795736E+19   1.01480337E+06   2.52876145E+06   3.32373524E+07   0.25503777      
  89               1.44543977E+02   1.93182752E+01   1997.07003748    2.74952073E-04   7.00649624E+19   8.26609338E+05   2.71695573E+06   3.10900651E+07   0.2542537       
  90               1.69824365E+02   1.97104412E+01   2007.34353821    2.79090813E-04   7.11214300E+19   7.30009231E+05   2.81355605E+06   2.96743730E+07   0.25382379      
  91               1.99526231E+02   2.01508964E+01   2018.57506548    2.83733805E-04   7.23061613E+19   7.05843944E+05   2.83772105E+06   2.81091595E+07   0.25323805      
  92               2.34422882E+02   2.06510500E+01   2031.18153742    2.88967092E-04   7.36409254E+19   6.83568993E+05   2.86297851E+06   2.63624378E+07   0.2523951       
  93               2.75422870E+02   2.12203600E+01   2045.09422503    2.94907669E-04   7.51562780E+19   6.61415227E+05   2.88608457E+06   2.44122265E+07   0.25154117      
  94               3.23593657E+02   2.18679443E+01   2060.64678116    3.01606827E-04   7.68652854E+19   6.39749565E+05   2.90772514E+06   2.22408616E+07   0.250439        
  95               3.80189396E+02   2.26024066E+01   2077.66668379    3.09174817E-04   7.87960864E+19   6.16262066E+05   2.93177055E+06   1.98356849E+07   0.24933556      
  96               4.46683592E+02   2.34329089E+01   2096.46788212    3.17650630E-04   8.09587566E+19   5.91528452E+05   2.95654209E+06   1.71855740E+07   0.24793968      
  97               5.24807460E+02   2.43691898E+01   2116.80171309    3.27157492E-04   8.33847730E+19   5.65351305E+05   2.98344641E+06   1.42811967E+07   0.24656481      
  98               6.16595002E+02   2.54216021E+01   2139.00063728    3.37729741E-04   8.60830891E+19   5.37948843E+05   3.01101563E+06   1.11151079E+07   0.24476261      
  99               7.24435960E+02   2.66012077E+01   2162.69839593    3.49511209E-04   8.90904671E+19   5.09470144E+05   3.04050247E+06   7.68172776E+06   0.24296275      
  100              8.51138038E+02   2.79198085E+01   2188.27481562    3.62527387E-04   9.24137114E+19   4.80044919E+05   3.07029980E+06   3.97737196E+06   0.24060853      
  101              1.00000000E+03   2.93901212E+01   2215.20726099    3.76952793E-04   9.60976683E+19   4.62864902E+05   3.08434221E+06   0.00000000E+00   0.23834589      
