# ATMO pressure-temperature profile
# Effective temperature = 450.0K
# log(g) = 5.5cm/s^2
# M/H = 0.0
# Optical depth grid in band 17 (1.20-1.33microns)
# All parameters in cgs units
#
# Model Level      Optical Depth    Pressure         Temperature      Density          Number Density   Rad Flux         Conv Flux        Radial Extension Adiabatic Gradient
#                                   [Ba]             [K]              [g/cm^3]         [/cm^3]          [ergs/s/cm^2/sr] [ergs/s/cm^2/sr] [cm]             [K/Ba]          
  1                8.00000000E-07   1.00000000E-05   40.38514081      7.02024512E-09   1.79351180E+15   2.32490272E+06   0.00000000E+00   1.09396151E+06   0.34574479      
  2                9.86413681E-07   6.71062292E-05   51.85372204      3.66907660E-08   9.37365014E+15   2.32490272E+06   0.00000000E+00   1.08270953E+06   0.34574479      
  3                1.21626494E-06   1.37412216E-04   55.85997191      6.97426602E-08   1.78176519E+16   2.32490272E+06   0.00000000E+00   1.07831447E+06   0.31479362      
  4                1.49967547E-06   2.23964292E-04   59.31444523      1.07051359E-07   2.73491699E+16   2.32490272E+06   0.00000000E+00   1.07514686E+06   0.31481011      
  5                1.84912550E-06   3.30500614E-04   62.82164813      1.49154659E-07   3.81055983E+16   2.32490272E+06   0.00000000E+00   1.07248071E+06   0.3148239       
  6                2.28000336E-06   4.61599540E-04   65.79418358      1.98907767E-07   5.08163777E+16   2.32490272E+06   0.00000000E+00   1.07007383E+06   0.31483624      
  7                2.81128314E-06   6.22888442E-04   68.77037464      2.56792751E-07   6.56046649E+16   2.32490272E+06   0.00000000E+00   1.06781706E+06   0.31484771      
  8                3.46636019E-06   8.21235052E-04   71.45483598      3.25844000E-07   8.32456772E+16   2.32490272E+06   0.00000000E+00   1.06564872E+06   0.31485865      
  9                4.27408139E-06   1.06427816E-03   74.43771051      4.05355454E-07   1.03559032E+17   2.32490272E+06   0.00000000E+00   1.06353396E+06   0.31486927      
  10               5.27001545E-06   1.36038314E-03   77.40147464      4.98294260E-07   1.27302768E+17   2.32490272E+06   0.00000000E+00   1.06145050E+06   0.31487969      
  11               6.49801917E-06   1.71961224E-03   80.69164030      6.04193238E-07   1.54357531E+17   2.32490272E+06   0.00000000E+00   1.05938017E+06   0.31488998      
  12               8.01216876E-06   2.15441408E-03   83.86964976      7.28279739E-07   1.86058789E+17   2.32490272E+06   0.00000000E+00   1.05730738E+06   0.3149002       
  13               9.87914110E-06   2.68018776E-03   87.39824312      8.69433550E-07   2.22120354E+17   2.32490272E+06   0.00000000E+00   1.05521793E+06   0.31491042      
  14               1.21811499E-05   3.31669097E-03   90.85952746      1.03492389E-06   2.64399344E+17   2.32490272E+06   0.00000000E+00   1.05309602E+06   0.31492069      
  15               1.50195662E-05   4.08777934E-03   94.67013687      1.22418856E-06   3.12752132E+17   2.32490272E+06   0.00000000E+00   1.05092968E+06   0.3149311       
  16               1.85193820E-05   5.02211454E-03   98.46218263      1.44607571E-06   3.69439216E+17   2.32490272E+06   0.00000000E+00   1.04870902E+06   0.31494171      
  17               2.28347147E-05   6.15413717E-03   102.69958141     1.69891683E-06   4.34034586E+17   2.32490272E+06   0.00000000E+00   1.04642514E+06   0.31495258      
  18               2.81555937E-05   7.52589420E-03   106.93559713     1.99530241E-06   5.09755182E+17   2.32490272E+06   0.00000000E+00   1.04406907E+06   0.31496377      
  19               3.47163285E-05   9.18861611E-03   111.60989765     2.33409350E-06   5.96311572E+17   2.32490272E+06   0.00000000E+00   1.04163263E+06   0.31511539      
  20               4.28058268E-05   1.12039405E-02   116.29304311     2.73136968E-06   6.97819171E+17   2.32490272E+06   0.00000000E+00   1.03910860E+06   0.31878549      
  21               5.27803164E-05   1.36459488E-02   121.51388721     3.18356833E-06   8.13399054E+17   2.32490272E+06   0.00000000E+00   1.03648981E+06   0.3206529       
  22               6.50790328E-05   1.66047444E-02   126.72776181     3.71479178E-06   9.49043828E+17   2.32490272E+06   0.00000000E+00   1.03376905E+06   0.3231006       
  23               8.02435604E-05   2.01888637E-02   132.51715080     4.31930768E-06   1.10348295E+18   2.32490272E+06   0.00000000E+00   1.03093956E+06   0.32425476      
  24               9.89416822E-05   2.45295185E-02   138.27639473     5.02939021E-06   1.28489257E+18   2.32490272E+06   0.00000000E+00   1.02799452E+06   0.32588652      
  25               1.21996786E-04   2.97853533E-02   144.64710209     5.83804413E-06   1.49148489E+18   2.32490272E+06   0.00000000E+00   1.02492726E+06   0.32581219      
  26               1.50424124E-04   3.61480278E-02   150.98487500     6.78774495E-06   1.73411144E+18   2.32490272E+06   0.00000000E+00   1.02173100E+06   0.32515029      
  27               1.85475517E-04   4.38494005E-02   157.96428936     7.87007884E-06   2.01062270E+18   2.32490272E+06   0.00000000E+00   1.01839891E+06   0.32494616      
  28               2.28694484E-04   5.31706564E-02   164.90146986     9.14159101E-06   2.33546485E+18   2.32490272E+06   0.00000000E+00   1.01492376E+06   0.3246177       
  29               2.81984210E-04   6.44500751E-02   172.45200409     1.05956918E-05   2.70695491E+18   2.32490272E+06   0.00000000E+00   1.01129957E+06   0.32411441      
  30               3.47691354E-04   7.80948635E-02   179.96868408     1.23026623E-05   3.14305057E+18   2.32490272E+06   0.00000000E+00   1.00752034E+06   0.32284693      
  31               4.28709385E-04   9.45973666E-02   188.08627221     1.42591585E-05   3.64290451E+18   2.32490272E+06   0.00000000E+00   1.00358028E+06   0.32162234      
  32               5.28606003E-04   1.14545642E-01   196.23812773     1.65486321E-05   4.22786411E+18   2.32490272E+06   0.00000000E+00   9.99473727E+05   0.3194502       
  33               6.51780242E-04   1.38632244E-01   204.97538111     1.91720613E-05   4.89878513E+18   2.32490272E+06   0.00000000E+00   9.95197506E+05   0.31790891      
  34               8.03656185E-04   1.67703515E-01   213.47297766     2.22727750E-05   5.69016809E+18   2.32490272E+06   0.00000000E+00   9.90748711E+05   0.31583914      
  35               9.90921819E-04   2.02787006E-01   222.41586350     2.58339964E-05   6.60389568E+18   2.32490272E+06   0.00000000E+00   9.86123624E+05   0.31441652      
  36               1.22182355E-03   2.45147566E-01   231.05710559     3.00803751E-05   7.68482701E+18   2.32490272E+06   0.00000000E+00   9.81318283E+05   0.31253148      
  37               1.50652933E-03   2.96318649E-01   240.03443117     3.49995819E-05   8.94151856E+18   2.32490272E+06   0.00000000E+00   9.76331143E+05   0.31121105      
  38               1.85757643E-03   3.58169094E-01   248.75878316     4.08213269E-05   1.04288285E+19   2.32490272E+06   0.00000000E+00   9.71156649E+05   0.30961675      
  39               2.29042351E-03   4.33006192E-01   257.96115450     4.75901669E-05   1.21580979E+19   2.32490272E+06   0.00000000E+00   9.65787385E+05   0.30854777      
  40               2.82413135E-03   5.23596250E-01   267.13884657     5.55695543E-05   1.41966319E+19   2.32490272E+06   0.00000000E+00   9.60216766E+05   0.30727456      
  41               3.48220225E-03   6.33226838E-01   277.04028469     6.48028074E-05   1.65554972E+19   2.32490272E+06   0.00000000E+00   9.54439580E+05   0.30634661      
  42               4.29361493E-03   7.65765002E-01   287.20530528     7.55928098E-05   1.93120731E+19   2.32490272E+06   0.00000000E+00   9.48451276E+05   0.3052296       
  43               5.29410063E-03   9.25837334E-01   298.39460467     8.79672784E-05   2.24734404E+19   2.32490272E+06   0.00000000E+00   9.42243795E+05   0.30443312      
  44               6.52771662E-03   1.11907132E+00   310.17326598     1.02289448E-04   2.61323966E+19   2.32490272E+06   0.00000000E+00   9.35801991E+05   0.30356502      
  45               8.04878622E-03   1.35204809E+00   323.21192443     1.18599319E-04   3.02991610E+19   2.32490272E+06   0.00000000E+00   9.29113069E+05   0.30292411      
  46               9.92429106E-03   1.63229955E+00   337.20070328     1.37242563E-04   3.50620438E+19   2.32490272E+06   0.00000000E+00   9.22166628E+05   0.30223023      
  47               1.22368206E-02   1.96852365E+00   353.07285804     1.58071559E-04   4.03833314E+19   2.32490272E+06   0.00000000E+00   9.14947952E+05   0.30172028      
  48               1.50882091E-02   2.37146709E+00   370.60581420     1.81418771E-04   4.63479695E+19   2.32490272E+06   0.00000000E+00   9.07423478E+05   0.30121752      
  49               1.86040198E-02   2.85312098E+00   390.52127963     2.07135748E-04   5.29177443E+19   2.32490169E+06   0.00000000E+00   8.99566285E+05   0.30084145      
  50               2.29390746E-02   3.42600636E+00   413.07974008     2.35143981E-04   6.00731090E+19   2.31701638E+06   7.88659690E+03   8.91357606E+05   0.30047981      
  51               2.82842712E-02   4.10416785E+00   435.60411689     2.67123893E-04   6.82431363E+19   2.30347880E+06   2.14238980E+04   8.82800837E+05   0.30019697      
  52               3.48749902E-02   4.90505229E+00   460.06721459     3.02274799E-04   7.72232714E+19   2.28906150E+06   3.58415180E+04   8.73888070E+05   0.2999833       
  53               4.30014593E-02   5.84691158E+00   484.39526889     3.42220730E-04   8.74283884E+19   2.27883628E+06   4.60664521E+04   8.64627622E+05   0.29979886      
  54               5.30215347E-02   6.94873675E+00   510.70438473     3.85760121E-04   9.85512443E+19   2.27957168E+06   4.53315632E+04   8.55037998E+05   0.29962621      
  55               6.53764590E-02   8.23370468E+00   536.71656802     4.34978361E-04   1.11115878E+20   2.29822617E+06   2.66769568E+04   8.45118015E+05   0.29947921      
  56               8.06102920E-02   9.73397221E+00   564.94823375     4.88538884E-04   1.24797903E+20   2.32239634E+06   2.50786865E+03   8.34826357E+05   0.29932691      
  57               9.93938685E-02   1.14809736E+01   592.87461243     5.49077370E-04   1.40262541E+20   2.32486064E+06   0.00000000E+00   8.24159735E+05   0.29911565      
  58               1.22554340E-01   1.35061767E+01   619.75219652     6.17919673E-04   1.57848403E+20   2.32490239E+06   0.00000000E+00   8.13164974E+05   0.29885251      
  59               1.51111597E-01   1.58408443E+01   647.89452034     6.93252852E-04   1.77092373E+20   2.32490246E+06   0.00000000E+00   8.01884867E+05   0.29856494      
  60               1.86323183E-01   1.85354714E+01   676.66410988     7.76690708E-04   1.98406700E+20   2.32497373E+06   0.00000000E+00   7.90272285E+05   0.29825288      
  61               2.29739671E-01   2.16411648E+01   708.35743480     8.66254982E-04   2.21286040E+20   2.31484926E+06   1.00511352E+04   7.78299046E+05   0.29786053      
  62               2.83272943E-01   2.52051290E+01   741.53755244     9.63769692E-04   2.46196353E+20   2.25623058E+06   6.86708485E+04   7.65964481E+05   0.2973644       
  63               3.49280383E-01   2.92760518E+01   774.95443250     1.07115850E-03   2.73629035E+20   2.17018210E+06   1.54719803E+05   7.53294401E+05   0.29672618      
  64               4.30668686E-01   3.39316218E+01   809.92571719     1.18789150E-03   3.03448691E+20   2.06984413E+06   2.55057982E+05   7.40242985E+05   0.29603881      
  65               5.31021855E-01   3.92864766E+01   845.45289545     1.31756220E-03   3.36573179E+20   1.97281378E+06   3.52088372E+05   7.26707501E+05   0.29520185      
  66               6.54759028E-01   4.54377457E+01   882.83678255     1.45933937E-03   3.72788235E+20   1.89446205E+06   4.30440039E+05   7.12679311E+05   0.29427499      
  67               8.07329079E-01   5.24573972E+01   920.53372850     1.61580700E-03   4.12755503E+20   1.84642695E+06   4.78475036E+05   6.98223473E+05   0.2931487       
  68               9.95450561E-01   6.03915326E+01   959.62533050     1.78441793E-03   4.55827148E+20   1.83415332E+06   4.90748552E+05   6.83447482E+05   0.29199224      
  69               1.22740757E+00   6.93341391E+01   998.64653117     1.96860017E-03   5.02876301E+20   1.85607412E+06   4.68827650E+05   6.68359293E+05   0.29067843      
  70               1.51341452E+00   7.94407363E+01   1039.23079277    2.16747460E-03   5.53677779E+20   1.90430903E+06   4.20592636E+05   6.52887192E+05   0.2893649       
  71               1.86606598E+00   9.08384362E+01   1079.84356736    2.38524893E-03   6.09304861E+20   1.96449534E+06   3.60406236E+05   6.37035574E+05   0.28786684      
  72               2.30089127E+00   1.03628576E+02   1121.86940256    2.61919800E-03   6.69056921E+20   2.02478235E+06   3.00119182E+05   6.20853849E+05   0.28639658      
  73               2.83703828E+00   1.17903615E+02   1163.58312822    2.87321286E-03   7.33931530E+20   2.08260831E+06   2.42305382E+05   6.04398406E+05   0.28476703      
  74               3.49811672E+00   1.33809791E+02   1206.57365128    3.14464598E-03   8.03266942E+20   2.14176822E+06   1.83133193E+05   5.87664549E+05   0.2832023       
  75               4.31323774E+00   1.51645973E+02   1249.54672547    3.44124677E-03   8.79031057E+20   2.19824572E+06   1.26657297E+05   5.70518733E+05   0.28149936      
  76               5.31829590E+00   1.71655114E+02   1294.20569688    3.76089073E-03   9.60681173E+20   2.23762283E+06   8.72812430E+04   5.52930375E+05   0.27988128      
  77               6.55754979E+00   1.94025575E+02   1338.77522250    4.10949498E-03   1.04972889E+21   2.25720312E+06   6.76987095E+04   5.34936055E+05   0.27811047      
  78               8.08557104E+00   2.18908612E+02   1384.75669360    4.48256117E-03   1.14502565E+21   2.25710306E+06   6.77998953E+04   5.16602521E+05   0.27649766      
  79               9.96964736E+00   2.46515136E+02   1430.40549737    4.88675756E-03   1.24827496E+21   2.24749709E+06   7.74060180E+04   4.97949965E+05   0.27470291      
  80               1.22927457E+01   2.77220349E+02   1477.56851169    5.32001981E-03   1.35894950E+21   2.23447519E+06   9.04282735E+04   4.78906530E+05   0.27301541      
  81               1.51571657E+01   3.11571360E+02   1524.85534549    5.79380661E-03   1.47997617E+21   2.21277275E+06   1.12132396E+05   4.59340570E+05   0.27119136      
  82               1.86890445E+01   3.49940493E+02   1573.92420809    6.30441661E-03   1.61040913E+21   2.17090183E+06   1.54006782E+05   4.39264540E+05   0.26946153      
  83               2.30439114E+01   3.92505113E+02   1622.75274167    6.85846409E-03   1.75193830E+21   2.09899150E+06   2.25938586E+05   4.18794756E+05   0.26762575      
  84               2.84135369E+01   4.39264370E+02   1672.65736095    7.44638019E-03   1.90215031E+21   1.99332302E+06   3.31578867E+05   3.98103721E+05   0.26591344      
  85               3.50343769E+01   4.90042808E+02   1721.40637754    8.07610127E-03   2.06194203E+21   1.85180309E+06   4.73098925E+05   3.77394105E+05   0.26412094      
  86               4.31979859E+01   5.44203573E+02   1770.02577849    8.72232791E-03   2.22693549E+21   1.70022830E+06   6.24673848E+05   3.56987615E+05   0.26249674      
  87               5.32638553E+01   6.02114611E+02   1817.03157040    9.40083262E-03   2.40017292E+21   1.56298790E+06   7.61914311E+05   3.36763830E+05   0.26079065      
  88               6.56752445E+01   6.65141606E+02   1865.12615978    1.01172411E-02   2.58304362E+21   1.45040806E+06   8.74494255E+05   3.16326981E+05   0.25921413      
  89               8.09786996E+01   7.34816937E+02   1913.30629178    1.08957480E-02   2.78176538E+21   1.35227010E+06   9.73459260E+05   2.95341431E+05   0.25746526      
  90               9.98481215E+01   8.12997081E+02   1964.05081764    1.17442948E-02   2.99821040E+21   1.26987686E+06   1.05605890E+06   2.73486127E+05   0.2558059       
  91               1.23114441E+02   9.01963075E+02   2016.29320700    1.26939573E-02   3.24011863E+21   1.19061280E+06   1.13514411E+06   2.50444318E+05   0.25389552      
  92               1.51802212E+02   1.00368125E+03   2071.98162342    1.37518882E-02   3.50861529E+21   1.11822916E+06   1.20667318E+06   2.26098061E+05   0.25210051      
  93               1.87174723E+02   1.11864570E+03   2128.75679649    1.49359469E-02   3.80620652E+21   1.06690163E+06   1.25849388E+06   2.00729176E+05   0.24994254      
  94               2.30789634E+02   1.25511224E+03   2191.04862116    1.62811382E-02   4.14912376E+21   9.92836059E+05   1.33888511E+06   1.73055418E+05   0.24795755      
  95               2.84567566E+02   1.40399005E+03   2252.12447292    1.77200052E-02   4.51541302E+21   8.61181986E+05   1.46429734E+06   1.45337327E+05   0.24579241      
  96               3.50876675E+02   1.55526626E+03   2309.62114053    1.91399775E-02   4.87741650E+21   7.68701565E+05   1.55637113E+06   1.19361537E+05   0.2439902       
  97               4.32636941E+02   1.73172829E+03   2370.41145809    2.07662741E-02   5.29153720E+21   6.76326908E+05   1.64869378E+06   9.13706154E+04   0.24205093      
  98               5.33448747E+02   1.89905391E+03   2424.01020281    2.22751289E-02   5.67451423E+21   5.45647999E+05   1.77962675E+06   6.67675334E+04   0.24084432      
  99               6.57751428E+02   2.04637848E+03   2467.66641213    2.35776839E-02   6.00655350E+21   4.66108710E+05   1.85887862E+06   4.64385787E+04   0.23907498      
  100              8.11018759E+02   2.21704316E+03   2515.41181593    2.50580609E-02   6.38397079E+21   4.34555851E+05   1.89034678E+06   2.42351507E+04   0.23752314      
  101              1.00000000E+03   2.41546955E+03   2566.79879349    2.67522730E-02   6.81609414E+21   4.17770795E+05   1.90713285E+06   0.00000000E+00   0.23592096      
