# ATMO pressure-temperature profile
# Effective temperature = 1500.0K
# log(g) = 5.0cm/s^2
# M/H = 0.0
# Optical depth grid in band 17 (1.20-1.33microns)
# All parameters in cgs units
#
# Model Level      Optical Depth    Pressure         Temperature      Density          Number Density   Rad Flux         Conv Flux        Radial Extension Adiabatic Gradient
#                                   [Ba]             [K]              [g/cm^3]         [/cm^3]          [ergs/s/cm^2/sr] [ergs/s/cm^2/sr] [cm]             [K/Ba]          
  1                1.00000000E-07   1.00000000E-05   457.94967627     6.18732707E-10   1.58164161E+14   2.87038460E+08   0.00000000E+00   7.15657310E+06   0.29759929      
  2                1.25892541E-07   1.71334265E-05   484.76445182     1.00146152E-09   2.55999609E+14   2.87038460E+08   0.00000000E+00   7.06595195E+06   0.29768605      
  3                1.58489319E-07   2.58329897E-05   497.96850245     1.46991970E-09   3.75749695E+14   2.87038460E+08   0.00000000E+00   6.99424958E+06   0.29779607      
  4                1.99526231E-07   3.65918802E-05   507.09932770     2.04461954E-09   5.22657913E+14   2.87038460E+08   0.00000000E+00   6.93218920E+06   0.29778127      
  5                2.51188643E-07   4.99317072E-05   517.10965461     2.73599051E-09   6.99390306E+14   2.87038460E+08   0.00000000E+00   6.87578822E+06   0.29785364      
  6                3.16227766E-07   6.64913277E-05   525.05386738     3.58824397E-09   9.17248443E+14   2.87038460E+08   0.00000000E+00   6.82293736E+06   0.29783783      
  7                3.98107171E-07   8.70645234E-05   534.31218681     4.61707549E-09   1.18024450E+15   2.87038460E+08   0.00000000E+00   6.77239247E+06   0.29788957      
  8                5.01187234E-07   1.12634024E-04   541.89874985     5.88941673E-09   1.50548798E+15   2.87038460E+08   0.00000000E+00   6.72335787E+06   0.29787822      
  9                6.30957344E-07   1.44423127E-04   550.87853431     7.42851037E-09   1.89892029E+15   2.87038460E+08   0.00000000E+00   6.67529704E+06   0.29790868      
  10               7.94328235E-07   1.83948627E-04   558.36507019     9.33467452E-09   2.38618521E+15   2.87038460E+08   0.00000000E+00   6.62783166E+06   0.29790184      
  11               1.00000000E-06   2.33097860E-04   567.25611151     1.16434047E-08   2.97635646E+15   2.87038460E+08   0.00000000E+00   6.58068758E+06   0.29790716      
  12               1.25892541E-06   2.94210308E-04   574.77549031     1.45037581E-08   3.70753692E+15   2.87038460E+08   0.00000000E+00   6.53366035E+06   0.29851294      
  13               1.58489319E-06   3.70191734E-04   583.73265171     1.79694063E-08   4.59344552E+15   2.87038460E+08   0.00000000E+00   6.48659511E+06   0.29838166      
  14               1.99526231E-06   4.64640995E-04   591.41100412     2.22612309E-08   5.69054632E+15   2.87038460E+08   0.00000000E+00   6.43937172E+06   0.29839175      
  15               2.51188643E-06   5.82019699E-04   600.57783764     2.74592998E-08   7.01930675E+15   2.87038460E+08   0.00000000E+00   6.39189617E+06   0.29824747      
  16               3.16227766E-06   7.27850384E-04   608.48927818     3.38930396E-08   8.66393180E+15   2.87038460E+08   0.00000000E+00   6.34409386E+06   0.29825088      
  17               3.98107171E-06   9.08981134E-04   617.86953883     4.16849742E-08   1.06557476E+16   2.87038460E+08   0.00000000E+00   6.29590494E+06   0.29809231      
  18               5.01187234E-06   1.13391410E-03   625.93611292     5.13300450E-08   1.31212735E+16   2.87038460E+08   0.00000000E+00   6.24727793E+06   0.29808907      
  19               6.30957344E-06   1.41328971E-03   635.40353530     6.30236716E-08   1.61104403E+16   2.87038460E+08   0.00000000E+00   6.19815878E+06   0.29791298      
  20               7.94328235E-06   1.76032594E-03   643.55291338     7.75052690E-08   1.98122896E+16   2.87038460E+08   0.00000000E+00   6.14850442E+06   0.29790352      
  21               1.00000000E-05   2.19143339E-03   653.14314865     9.50697440E-08   2.43022083E+16   2.87038460E+08   0.00000000E+00   6.09828187E+06   0.29770922      
  22               1.25892541E-05   2.72695252E-03   661.42888648     1.16820483E-07   2.98620939E+16   2.87038460E+08   0.00000000E+00   6.04746655E+06   0.29769521      
  23               1.58489319E-05   3.39209692E-03   671.21250141     1.43196898E-07   3.66044644E+16   2.87038460E+08   0.00000000E+00   5.99603973E+06   0.29748322      
  24               1.99526231E-05   4.21808316E-03   679.71363904     1.75838794E-07   4.49484782E+16   2.87038460E+08   0.00000000E+00   5.94398638E+06   0.29746586      
  25               2.51188643E-05   5.24360945E-03   689.65791508     2.15437987E-07   5.50709352E+16   2.87038460E+08   0.00000000E+00   5.89129637E+06   0.29723327      
  26               3.16227766E-05   6.51660573E-03   698.24435141     2.64447667E-07   6.75989351E+16   2.87038460E+08   0.00000000E+00   5.83796335E+06   0.29721384      
  27               3.98107171E-05   8.09641146E-03   708.34513047     3.23873848E-07   8.27891641E+16   2.87038460E+08   0.00000000E+00   5.78398169E+06   0.29696227      
  28               5.01187234E-05   1.00563961E-02   717.03593517     3.97401818E-07   1.01584463E+17   2.87038460E+08   0.00000000E+00   5.72934935E+06   0.29694101      
  29               6.30957344E-05   1.24871692E-02   727.26900254     4.86516412E-07   1.24364022E+17   2.87038460E+08   0.00000000E+00   5.67406773E+06   0.2966653       
  30               7.94328235E-05   1.55004831E-02   736.20717286     5.96587201E-07   1.52500416E+17   2.87038460E+08   0.00000000E+00   5.61813595E+06   0.29664182      
  31               1.00000000E-04   1.92340090E-02   746.75885417     7.29824372E-07   1.86558600E+17   2.87038460E+08   0.00000000E+00   5.56155464E+06   0.2963407       
  32               1.25892541E-04   2.38565897E-02   756.08648512     8.94058582E-07   2.28540265E+17   2.87038460E+08   0.00000000E+00   5.50432878E+06   0.2963106       
  33               1.58489319E-04   2.95762694E-02   767.36951470     1.09211440E-06   2.79167393E+17   2.87038460E+08   0.00000000E+00   5.44644529E+06   0.29588401      
  34               1.99526231E-04   3.66491085E-02   777.74355412     1.33523100E-06   3.41313003E+17   2.87038460E+08   0.00000000E+00   5.38787445E+06   0.29589712      
  35               2.51188643E-04   4.53865972E-02   790.34385038     1.62720089E-06   4.15946414E+17   2.87038460E+08   0.00000000E+00   5.32859722E+06   0.29549435      
  36               3.16227766E-04   5.61663823E-02   802.26322958     1.98376050E-06   5.07090418E+17   2.87038459E+08   0.00000000E+00   5.26859810E+06   0.29542525      
  37               3.98107171E-04   6.94471735E-02   816.75307280     2.40931627E-06   6.15870834E+17   2.87038459E+08   0.00000000E+00   5.20785004E+06   0.2950347       
  38               5.01187234E-04   8.57795256E-02   830.72827809     2.92586687E-06   7.47911972E+17   2.87038459E+08   0.00000000E+00   5.14633595E+06   0.29498108      
  39               6.30957344E-04   1.05818754E-01   847.57054913     3.53766617E-06   9.04300199E+17   2.87038459E+08   0.00000000E+00   5.08404925E+06   0.29448349      
  40               7.94328235E-04   1.30343884E-01   864.35005598     4.27298477E-06   1.09226202E+18   2.87038458E+08   0.00000000E+00   5.02096990E+06   0.2942744       
  41               1.00000000E-03   1.60268744E-01   884.36561506     5.13508907E-06   1.31263150E+18   2.87038457E+08   0.00000000E+00   4.95708583E+06   0.2936272       
  42               1.25892541E-03   1.96645141E-01   904.55252337     6.16001475E-06   1.57461821E+18   2.87038457E+08   0.00000000E+00   4.89240807E+06   0.29341758      
  43               1.58489319E-03   2.40678583E-01   928.27988033     7.34685065E-06   1.87795140E+18   2.87038456E+08   0.00000000E+00   4.82695316E+06   0.29269577      
  44               1.99526231E-03   2.93815490E-01   952.58580880     8.73998093E-06   2.23406816E+18   2.87038456E+08   0.00000000E+00   4.76064141E+06   0.29231061      
  45               2.51188643E-03   3.57755559E-01   980.74105313     1.03363659E-05   2.64215247E+18   2.87038454E+08   0.00000000E+00   4.69336947E+06   0.29134309      
  46               3.16227766E-03   4.34384375E-01   1009.94899146    1.21872307E-05   3.11530516E+18   2.87038455E+08   0.00000000E+00   4.62509541E+06   0.29083703      
  47               3.98107171E-03   5.25859099E-01   1043.45096383    1.42797351E-05   3.65025486E+18   2.87038453E+08   0.00000000E+00   4.55575465E+06   0.28974103      
  48               5.01187234E-03   6.34549315E-01   1078.31110168    1.66738144E-05   4.26233071E+18   2.87038454E+08   0.00000000E+00   4.48531567E+06   0.28904983      
  49               6.30957344E-03   7.62979495E-01   1117.52638201    1.93445323E-05   4.94516653E+18   2.87038454E+08   0.00000000E+00   4.41380503E+06   0.28770186      
  50               7.94328235E-03   9.13901214E-01   1158.16532073    2.23573879E-05   5.71550406E+18   2.87038456E+08   0.00000000E+00   4.34123417E+06   0.2867545       
  51               1.00000000E-02   1.09103293E+00   1203.02679758    2.56947635E-05   6.56883567E+18   2.87038456E+08   0.00000000E+00   4.26733090E+06   0.28504675      
  52               1.25892541E-02   1.29865881E+00   1249.09602141    2.94558722E-05   7.53052198E+18   2.87038459E+08   0.00000000E+00   4.19186106E+06   0.28370352      
  53               1.58489319E-02   1.54216061E+00   1298.82482895    3.36388127E-05   8.60012700E+18   2.87038461E+08   0.00000000E+00   4.11450468E+06   0.2815833       
  54               1.99526231E-02   1.82972677E+00   1348.96092884    3.84263682E-05   9.82455098E+18   2.87038463E+08   0.00000000E+00   4.03452064E+06   0.28001073      
  55               2.51188643E-02   2.17483122E+00   1401.64506504    4.39542859E-05   1.12386293E+19   2.87038465E+08   0.00000000E+00   3.95054817E+06   0.27781604      
  56               3.16227766E-02   2.59391328E+00   1453.92936159    5.05368214E-05   1.29222454E+19   2.87038466E+08   0.00000000E+00   3.86162859E+06   0.27613006      
  57               3.98107171E-02   3.09849496E+00   1508.55226340    5.81820905E-05   1.48770312E+19   2.87038467E+08   0.00000000E+00   3.76857421E+06   0.27370663      
  58               5.01187234E-02   3.68798895E+00   1562.91595127    6.68519738E-05   1.70914862E+19   2.87038468E+08   0.00000000E+00   3.67405105E+06   0.27189805      
  59               6.30957344E-02   4.34493630E+00   1619.13712428    7.60508605E-05   1.94368384E+19   2.87038460E+08   0.00000000E+00   3.58191351E+06   0.26941549      
  60               7.94328235E-02   5.04368455E+00   1674.11821665    8.53959784E-05   2.18216524E+19   2.87036459E+08   0.00000000E+00   3.49520565E+06   0.26758528      
  61               1.00000000E-01   5.72385907E+00   1731.35583167    9.37554720E-05   2.39457496E+19   2.84450101E+08   2.58350171E+06   3.41918664E+06   0.2651108       
  62               1.25892541E-01   6.34138511E+00   1778.88591212    1.01221140E-04   2.58203350E+19   2.78007115E+08   9.02572906E+06   3.35579050E+06   0.26309626      
  63               1.58489319E-01   6.89449827E+00   1818.22969207    1.07665108E-04   2.74650100E+19   2.70672447E+08   1.63606302E+07   3.30280693E+06   0.26144959      
  64               1.99526231E-01   7.37230293E+00   1850.34442311    1.13163184E-04   2.88586783E+19   2.63337096E+08   2.36962552E+07   3.25951748E+06   0.25994712      
  65               2.51188643E-01   7.75018596E+00   1874.37798080    1.17436222E-04   2.99488940E+19   2.56548147E+08   3.04868032E+07   3.22673786E+06   0.25856795      
  66               3.16227766E-01   8.19699370E+00   1901.78174661    1.22414084E-04   3.12190560E+19   2.48851569E+08   3.81859855E+07   3.18947260E+06   0.25730175      
  67               3.98107171E-01   8.72115660E+00   1932.18097321    1.28184529E-04   3.26928004E+19   2.39220604E+08   4.78188055E+07   3.14762861E+06   0.25645282      
  68               5.01187234E-01   9.13171376E+00   1955.18817789    1.32750692E-04   3.38290317E+19   2.29563550E+08   5.74749179E+07   3.11615215E+06   0.25580185      
  69               6.30957344E-01   9.44536271E+00   1972.01684421    1.36135836E-04   3.46923612E+19   2.21180268E+08   6.58565497E+07   3.09282083E+06   0.25503344      
  70               7.94328235E-01   9.82285635E+00   1991.91171432    1.40159112E-04   3.57185275E+19   2.12690689E+08   7.43473738E+07   3.06549251E+06   0.25408687      
  71               1.00000000E+00   1.02723376E+01   2014.52679235    1.44922874E-04   3.69336369E+19   2.03585372E+08   8.34543707E+07   3.03395461E+06   0.25299553      
  72               1.25892541E+00   1.08042127E+01   2040.48657422    1.50481175E-04   3.83517533E+19   1.94002089E+08   9.30373161E+07   2.99793821E+06   0.25171185      
  73               1.58489319E+00   1.14334387E+01   2069.57252287    1.56998837E-04   4.00149297E+19   1.83962993E+08   1.03075957E+08   2.95700104E+06   0.25024987      
  74               1.99526231E+00   1.21732220E+01   2102.33071552    1.64541578E-04   4.19401855E+19   1.73182239E+08   1.13857415E+08   2.91097336E+06   0.2485357       
  75               2.51188643E+00   1.30378256E+01   2138.23584377    1.73254313E-04   4.41647119E+19   1.61570939E+08   1.25469229E+08   2.85976535E+06   0.24661931      
  76               3.16227766E+00   1.40427856E+01   2177.73345829    1.83204516E-04   4.67061836E+19   1.49194556E+08   1.37845888E+08   2.80335748E+06   0.24446927      
  77               3.98107171E+00   1.52051860E+01   2220.16119592    1.94552219E-04   4.96058699E+19   1.36253029E+08   1.50787385E+08   2.74178724E+06   0.24204152      
  78               5.01187234E+00   1.65440369E+01   2265.88029719    2.07376424E-04   5.28847392E+19   1.23057288E+08   1.63982751E+08   2.67513172E+06   0.2392722       
  79               6.30957344E+00   1.80805819E+01   2314.11279751    2.21865707E-04   5.65918274E+19   1.09860904E+08   1.77178382E+08   2.60349716E+06   0.23622617      
  80               7.94328235E+00   1.98379828E+01   2365.19341934    2.38134989E-04   6.07514553E+19   9.70320834E+07   1.90006035E+08   2.52703796E+06   0.23292561      
  81               1.00000000E+01   2.18431883E+01   2418.30134709    2.56365790E-04   6.54231501E+19   8.50346411E+07   2.02001951E+08   2.44588200E+06   0.22936217      
  82               1.25892541E+01   2.41272748E+01   2473.81236780    2.76712042E-04   7.06427105E+19   7.41192653E+07   2.12915432E+08   2.36012446E+06   0.22561948      
  83               1.58489319E+01   2.67249814E+01   2530.91056107    2.99452168E-04   7.64832709E+19   6.42552713E+07   2.22777217E+08   2.26988080E+06   0.2216992       
  84               1.99526231E+01   2.96765677E+01   2590.00410989    3.24759577E-04   8.29925401E+19   5.55913742E+07   2.31438686E+08   2.17523182E+06   0.21761992      
  85               2.51188643E+01   3.30281336E+01   2650.28289049    3.52990797E-04   9.02646369E+19   4.80565802E+07   2.38970854E+08   2.07624194E+06   0.21343811      
  86               3.16227766E+01   3.68322705E+01   2712.22484492    3.84371200E-04   9.83622923E+19   4.15326910E+07   2.45492042E+08   1.97296448E+06   0.209177        
  87               3.98107171E+01   4.11488454E+01   2775.01030959    4.19346027E-04   1.07403613E+20   3.57858366E+07   2.51236104E+08   1.86544560E+06   0.20487161      
  88               5.01187234E+01   4.60456819E+01   2839.17073977    4.58200623E-04   1.17468991E+20   3.07739514E+07   2.56245093E+08   1.75373116E+06   0.20075024      
  89               6.30957344E+01   5.15987326E+01   2903.99521606    5.01453422E-04   1.28697164E+20   2.63454344E+07   2.60670569E+08   1.63788093E+06   0.19673904      
  90               7.94328235E+01   5.78926185E+01   2969.99216584    5.49449229E-04   1.41186681E+20   2.24900517E+07   2.64522851E+08   1.51797275E+06   0.19285418      
  91               1.00000000E+02   6.50204571E+01   3036.41876585    6.02795012E-04   1.55100855E+20   1.91550786E+07   2.67855052E+08   1.39411629E+06   0.18910454      
  92               1.25892541E+02   7.30740922E+01   3103.71890063    6.61800468E-04   1.70532393E+20   1.63035716E+07   2.70705030E+08   1.26660357E+06   0.18547089      
  93               1.58489319E+02   8.21455692E+01   3170.98510392    7.27035642E-04   1.87635834E+20   1.38370635E+07   2.73172545E+08   1.13582196E+06   0.1821713       
  94               1.99526231E+02   9.23348831E+01   3238.86050888    7.98740239E-04   2.06490178E+20   1.17141287E+07   2.75301478E+08   1.00210863E+06   0.17904763      
  95               2.51188643E+02   1.03752125E+02   3306.37936302    8.77618976E-04   2.27284677E+20   9.87704320E+06   2.77153109E+08   8.65739619E+05   0.1762173       
  96               3.16227766E+02   1.16519444E+02   3374.40038641    9.63927589E-04   2.50108028E+20   8.31028439E+06   2.78748392E+08   7.26925066E+05   0.17368355      
  97               3.98107171E+02   1.30772701E+02   3442.00881457    1.05852073E-03   2.75188928E+20   6.97943219E+06   2.80128970E+08   5.85816788E+05   0.1714147       
  98               5.01187234E+02   1.46661014E+02   3510.13873159    1.16169452E-03   3.02632971E+20   5.87714955E+06   2.81312296E+08   4.42534493E+05   0.16936693      
  99               6.30957344E+02   1.64351455E+02   3577.85912512    1.27449246E-03   3.32717892E+20   4.94759895E+06   2.82366855E+08   2.97144621E+05   0.16757424      
  100              7.94328235E+02   1.84033584E+02   3646.23454922    1.39727967E-03   3.65576543E+20   4.16671923E+06   2.83333590E+08   1.49651406E+05   0.16590964      
  101              1.00000000E+03   2.05924323E+02   3714.25617014    1.53142514E-03   4.01570344E+20   3.79096998E+06   2.83854369E+08   0.00000000E+00   0.16445348      
