# ATMO pressure-temperature profile
# Effective temperature = 1000.0K
# log(g) = 3.0cm/s^2
# M/H = 0.0
# Optical depth grid in band 17 (1.20-1.33microns)
# All parameters in cgs units
#
# Model Level      Optical Depth    Pressure         Temperature      Density          Number Density   Rad Flux         Conv Flux        Radial Extension Adiabatic Gradient
#                                   [Ba]             [K]              [g/cm^3]         [/cm^3]          [ergs/s/cm^2/sr] [ergs/s/cm^2/sr] [cm]             [K/Ba]          
  1                1.00000000E-04   1.00000000E-05   300.91980418     9.41501688E-10   2.40699434E+14   5.66987813E+07   0.00000000E+00   4.57958873E+08   0.30138529      
  2                1.17489755E-04   9.67040910E-05   356.07109718     7.69447467E-09   1.96713409E+15   5.66987813E+07   0.00000000E+00   4.25745252E+08   0.29849225      
  3                1.38038426E-04   1.90535956E-04   380.26758809     1.41957391E-08   3.62922148E+15   5.66987813E+07   0.00000000E+00   4.16767205E+08   0.30014237      
  4                1.62181010E-04   2.96900274E-04   394.74375050     2.13091260E-08   5.44780024E+15   5.66987813E+07   0.00000000E+00   4.10651674E+08   0.29989589      
  5                1.90546072E-04   4.18767776E-04   408.61030503     2.90357283E-08   7.42317637E+15   5.66987813E+07   0.00000000E+00   4.05752321E+08   0.29978937      
  6                2.23872114E-04   5.58982423E-04   418.93927922     3.78049739E-08   9.66435580E+15   5.66987813E+07   0.00000000E+00   4.01520181E+08   0.29966489      
  7                2.63026799E-04   7.20697113E-04   430.68736004     4.74124825E-08   1.21203873E+16   5.66987813E+07   0.00000000E+00   3.97700485E+08   0.29962549      
  8                3.09029543E-04   9.07345296E-04   440.52001202     5.83595121E-08   1.49187621E+16   5.66987813E+07   0.00000000E+00   3.94152170E+08   0.29954112      
  9                3.63078055E-04   1.12309608E-03   450.69484817     7.06055726E-08   1.80492914E+16   5.66987813E+07   0.00000000E+00   3.90791104E+08   0.29951656      
  10               4.26579519E-04   1.37318592E-03   457.84109398     8.49804917E-08   2.17240308E+16   5.66987813E+07   0.00000000E+00   3.87562484E+08   0.29944934      
  11               5.01187234E-04   1.66333681E-03   467.09334087     1.00897676E-07   2.57930299E+16   5.66987813E+07   0.00000000E+00   3.84429027E+08   0.29943043      
  12               5.88843655E-04   2.00010667E-03   473.76880831     1.19616570E-07   3.05782433E+16   5.66987813E+07   0.00000000E+00   3.81363558E+08   0.29936894      
  13               6.91830971E-04   2.39113842E-03   482.58712223     1.40389175E-07   3.58884605E+16   5.66987813E+07   0.00000000E+00   3.78346042E+08   0.29935339      
  14               8.12830516E-04   2.84527893E-03   488.90791239     1.64893079E-07   4.21525276E+16   5.66987813E+07   0.00000000E+00   3.75361194E+08   0.29929522      
  15               9.54992586E-04   3.37276201E-03   497.62639543     1.92037887E-07   4.90917065E+16   5.66987813E+07   0.00000000E+00   3.72396951E+08   0.29928021      
  16               1.12201845E-03   3.98539350E-03   503.96245355     2.24066883E-07   5.72794536E+16   5.66987813E+07   0.00000000E+00   3.69443587E+08   0.29922061      
  17               1.31825674E-03   4.69679875E-03   512.87692594     2.59473745E-07   6.63307076E+16   5.66987813E+07   0.00000000E+00   3.66493183E+08   0.29920491      
  18               1.54881662E-03   5.52281729E-03   519.48334897     3.01226855E-07   7.70042835E+16   5.66987813E+07   0.00000000E+00   3.63538599E+08   0.29914158      
  19               1.81970086E-03   6.48177352E-03   528.86109049     3.47261681E-07   8.87724234E+16   5.66987813E+07   0.00000000E+00   3.60573607E+08   0.29912204      
  20               2.13796209E-03   7.59479483E-03   535.98633650     4.01482820E-07   1.02633270E+17   5.66987813E+07   0.00000000E+00   3.57592747E+08   0.29905108      
  21               2.51188643E-03   8.88627441E-03   545.91575186     4.61210001E-07   1.17901664E+17   5.66987813E+07   0.00000000E+00   3.54591480E+08   0.2990275       
  22               2.95120923E-03   1.03841990E-02   553.61427471     5.31459718E-07   1.35859984E+17   5.66987813E+07   0.00000000E+00   3.51565922E+08   0.29895444      
  23               3.46736850E-03   1.21205712E-02   564.33876855     6.08538155E-07   1.55563978E+17   5.66987813E+07   0.00000000E+00   3.48512663E+08   0.29895435      
  24               4.07380278E-03   1.41319392E-02   572.98374940     6.98817996E-07   1.78642709E+17   5.66987813E+07   0.00000000E+00   3.45428299E+08   0.29885409      
  25               4.78630092E-03   1.64601608E-02   584.70474790     7.97631060E-07   2.03902849E+17   5.66987813E+07   0.00000000E+00   3.42309831E+08   0.29878244      
  26               5.62341325E-03   1.91526376E-02   594.39600246     9.12971705E-07   2.33388015E+17   5.66987813E+07   0.00000000E+00   3.39154665E+08   0.29864513      
  27               6.60693448E-03   2.22629120E-02   607.35184221     1.03859493E-06   2.65501791E+17   5.66987813E+07   0.00000000E+00   3.35960576E+08   0.29858703      
  28               7.76247117E-03   2.58508209E-02   618.47993518     1.18427707E-06   3.02743316E+17   5.66987813E+07   0.00000000E+00   3.32725447E+08   0.29845457      
  29               9.12010839E-03   2.99847501E-02   633.12565967     1.34188435E-06   3.43033360E+17   5.66987813E+07   0.00000000E+00   3.29446164E+08   0.29838385      
  30               1.07151931E-02   3.47439096E-02   646.00782694     1.52386174E-06   3.89553173E+17   5.66987813E+07   0.00000000E+00   3.26118037E+08   0.2982043       
  31               1.25892541E-02   4.02170907E-02   662.59610707     1.71975421E-06   4.39630293E+17   5.66987813E+07   0.00000000E+00   3.22737125E+08   0.29808904      
  32               1.47910839E-02   4.65016487E-02   677.66529749     1.94427742E-06   4.97025812E+17   5.66987813E+07   0.00000000E+00   3.19300260E+08   0.29785478      
  33               1.73780083E-02   5.37044200E-02   696.75486377     2.18391137E-06   5.58284874E+17   5.66987813E+07   0.00000000E+00   3.15804810E+08   0.29769307      
  34               2.04173794E-02   6.19411968E-02   714.59114020     2.45600947E-06   6.27838299E+17   5.66987813E+07   0.00000000E+00   3.12248289E+08   0.29734834      
  35               2.39883292E-02   7.13355224E-02   736.58813221     2.74403109E-06   7.01466553E+17   5.66987813E+07   0.00000000E+00   3.08629560E+08   0.29705847      
  36               2.81838293E-02   8.20138286E-02   757.61275631     3.06725719E-06   7.84089516E+17   5.66987813E+07   0.00000000E+00   3.04948836E+08   0.29657438      
  37               3.31131121E-02   9.41174009E-02   783.06106617     3.40552838E-06   8.70562857E+17   5.66987813E+07   0.00000000E+00   3.01203884E+08   0.29620096      
  38               3.89045145E-02   1.07815602E-01   807.79844863     3.78171271E-06   9.66728311E+17   5.66987813E+07   0.00000000E+00   2.97386842E+08   0.29561599      
  39               4.57088190E-02   1.23287251E-01   836.98255027     4.17360341E-06   1.06690955E+18   5.66987813E+07   0.00000000E+00   2.93492475E+08   0.29512398      
  40               5.37031796E-02   1.40704395E-01   865.45647041     4.60650154E-06   1.17757418E+18   5.66987813E+07   0.00000000E+00   2.89520232E+08   0.29433942      
  41               6.30957344E-02   1.60226495E-01   898.38584567     5.05335747E-06   1.29180592E+18   5.66987813E+07   0.00000000E+00   2.85473994E+08   0.2936328       
  42               7.41310241E-02   1.81975179E-01   931.26602592     5.53672987E-06   1.41535126E+18   5.66367823E+07   6.19975747E+04   2.81362330E+08   0.2925864       
  43               8.70963590E-02   2.06142549E-01   967.12373252     6.03933762E-06   1.54387253E+18   5.64823314E+07   2.16444454E+05   2.77182985E+08   0.2916515       
  44               1.02329299E-01   2.33024737E-01   1000.91010473    6.59625791E-06   1.68629205E+18   5.63139919E+07   3.84786187E+05   2.72923851E+08   0.29048721      
  45               1.20226443E-01   2.62901336E-01   1037.92499685    7.17632449E-06   1.83464762E+18   5.61477898E+07   5.50992783E+05   2.68581434E+08   0.28948874      
  46               1.41253754E-01   2.96035492E-01   1072.71999630    7.81843143E-06   1.99886399E+18   5.60039029E+07   6.94886714E+05   2.64157942E+08   0.28823633      
  47               1.65958691E-01   3.32681254E-01   1110.79870493    8.48482689E-06   2.16929595E+18   5.58781588E+07   8.20640411E+05   2.59658665E+08   0.28716117      
  48               1.94984460E-01   3.73101036E-01   1146.41668416    9.21988233E-06   2.35727254E+18   5.57880381E+07   9.10773635E+05   2.55088731E+08   0.28580364      
  49               2.29086765E-01   4.17721072E-01   1185.47037916    9.98228346E-06   2.55224004E+18   5.57345780E+07   9.64248788E+05   2.50437665E+08   0.28462102      
  50               2.69153480E-01   4.67023053E-01   1222.07452196    1.08260524E-05   2.76800244E+18   5.57294062E+07   9.69437113E+05   2.45695088E+08   0.2830783       
  51               3.16227766E-01   5.21492876E-01   1262.32111916    1.17031853E-05   2.99229476E+18   5.57622551E+07   9.36606995E+05   2.40855939E+08   0.28175249      
  52               3.71535229E-01   5.81620294E-01   1300.02010669    1.26739509E-05   3.24052460E+18   5.58375327E+07   8.61349823E+05   2.35918922E+08   0.28005054      
  53               4.36515832E-01   6.47930320E-01   1341.44807983    1.36827633E-05   3.49848708E+18   5.59503401E+07   7.48565781E+05   2.30883493E+08   0.27876171      
  54               5.12861384E-01   7.20959438E-01   1380.22934078    1.47971107E-05   3.78342749E+18   5.61099857E+07   5.88966930E+05   2.25751084E+08   0.27731723      
  55               6.02559586E-01   8.01420839E-01   1422.91768348    1.59549797E-05   4.07949771E+18   5.62414927E+07   4.57501384E+05   2.20514453E+08   0.27607051      
  56               7.07945784E-01   8.89954460E-01   1462.85155461    1.72344418E-05   4.40649586E+18   5.62297087E+07   4.69431161E+05   2.15175390E+08   0.27436516      
  57               8.31763771E-01   9.86624896E-01   1506.44403592    1.85550839E-05   4.74378402E+18   5.58345510E+07   8.64550070E+05   2.09769469E+08   0.27294245      
  58               9.77237221E-01   1.09056991E+00   1546.31410871    1.99872591E-05   5.10836159E+18   5.48617463E+07   1.83742752E+06   2.04371706E+08   0.27111814      
  59               1.14815362E+00   1.19967731E+00   1588.45557437    2.14051835E-05   5.47035121E+18   5.31241844E+07   3.57515486E+06   1.99096732E+08   0.26973304      
  60               1.34896288E+00   1.31152448E+00   1625.21407964    2.28762456E-05   5.84509624E+18   5.05504500E+07   6.14958888E+06   1.94042216E+08   0.26806775      
  61               1.58489319E+00   1.42141397E+00   1662.34520439    2.42476292E-05   6.19334401E+18   4.71609735E+07   9.54235994E+06   1.89376290E+08   0.26695586      
  62               1.86208714E+00   1.52450457E+00   1691.83582712    2.55667536E-05   6.52674061E+18   4.33319736E+07   1.33705357E+07   1.85235716E+08   0.26555451      
  63               2.18776162E+00   1.61667636E+00   1720.15605914    2.66849356E-05   6.80739700E+18   3.96308028E+07   1.70743913E+07   1.81706801E+08   0.26465381      
  64               2.57039578E+00   1.71378260E+00   1745.06366451    2.78847116E-05   7.11328636E+18   3.62269945E+07   2.05008683E+07   1.78146956E+08   0.26338588      
  65               3.01995172E+00   1.80302634E+00   1770.30587837    2.89266216E-05   7.37699689E+18   3.33113917E+07   2.34009352E+07   1.75004557E+08   0.26280827      
  66               3.54813389E+00   1.88032868E+00   1788.12559478    2.98658739E-05   7.61660777E+18   3.10632722E+07   2.56249723E+07   1.72374554E+08   0.2615809       
  67               4.16869383E+00   1.96685075E+00   1811.04540952    3.08441413E-05   7.86625292E+18   2.90804069E+07   2.76527888E+07   1.69523844E+08   0.2608398       
  68               4.89778819E+00   2.06384763E+00   1832.09837768    3.19918400E-05   8.15933344E+18   2.67610694E+07   3.01069191E+07   1.66436024E+08   0.25972677      
  69               5.75439937E+00   2.14066678E+00   1851.32549468    3.28662245E-05   8.37514101E+18   2.43597052E+07   3.24274943E+07   1.64066695E+08   0.25950345      
  70               6.76082975E+00   2.19823492E+00   1862.34121176    3.35500380E-05   8.54949944E+18   2.27472561E+07   3.39333771E+07   1.62333048E+08   0.25852659      
  71               7.94328235E+00   2.26349499E+00   1878.22614172    3.42532252E-05   8.72885936E+18   2.15546227E+07   3.51261215E+07   1.60407961E+08   0.25816702      
  72               9.33254301E+00   2.33719964E+00   1892.05198811    3.51095075E-05   8.94722967E+18   2.03702503E+07   3.63107527E+07   1.58282604E+08   0.25696745      
  73               1.09647820E+01   2.42020786E+00   1910.81999754    3.59983883E-05   9.17399984E+18   1.93247252E+07   3.73566478E+07   1.55947709E+08   0.25642579      
  74               1.28824955E+01   2.51320325E+00   1927.61260809    3.70549882E-05   9.44351544E+18   1.81192162E+07   3.85626827E+07   1.53401484E+08   0.25499924      
  75               1.51356125E+01   2.61688940E+00   1949.27804384    3.81534528E-05   9.72383133E+18   1.69674283E+07   3.97150021E+07   1.50643887E+08   0.25427843      
  76               1.77827941E+01   2.73151986E+00   1968.88334652    3.94267356E-05   1.00487078E+19   1.56997521E+07   4.09831742E+07   1.47688339E+08   0.25259147      
  77               2.08929613E+01   2.85816643E+00   1993.19551842    4.07493143E-05   1.03863619E+19   1.47462069E+07   4.19374263E+07   1.44528694E+08   0.25164661      
  78               2.45470892E+01   2.99904805E+00   2015.73265160    4.22774658E-05   1.07764652E+19   1.38214008E+07   4.28632583E+07   1.41134474E+08   0.24957716      
  79               2.88403150E+01   3.15538386E+00   2043.02796691    4.38836375E-05   1.11867447E+19   1.30405941E+07   4.36451319E+07   1.37504919E+08   0.2483551       
  80               3.38844156E+01   3.32845927E+00   2068.59215131    4.57149320E-05   1.16545152E+19   1.21606721E+07   4.45262076E+07   1.33640755E+08   0.24593004      
  81               3.98107171E+01   3.51970372E+00   2098.67944880    4.76433421E-05   1.21474701E+19   1.14178924E+07   4.52701316E+07   1.29542872E+08   0.24443875      
  82               4.67735141E+01   3.73064397E+00   2127.09050779    4.98184415E-05   1.27035083E+19   1.05805112E+07   4.61086889E+07   1.25213109E+08   0.24159898      
  83               5.49540874E+01   3.96299912E+00   2159.70404231    5.21141965E-05   1.32909362E+19   9.88392665E+06   4.68063838E+07   1.20652945E+08   0.23983782      
  84               6.45654229E+01   4.21860206E+00   2190.74136863    5.46806625E-05   1.39477223E+19   9.10181282E+06   4.75895994E+07   1.15864747E+08   0.23665115      
  85               7.58577575E+01   4.49953456E+00   2225.59164585    5.73968656E-05   1.46436031E+19   8.45099911E+06   4.82414199E+07   1.10850073E+08   0.23459225      
  86               8.91250938E+01   4.80802645E+00   2259.00380010    6.04115044E-05   1.54161429E+19   7.72414865E+06   4.89692312E+07   1.05611157E+08   0.23086574      
  87               1.04712855E+02   5.14663402E+00   2295.72147479    6.36140474E-05   1.62379025E+19   7.12274231E+06   4.95715635E+07   1.00149021E+08   0.22842882      
  88               1.23026877E+02   5.51810748E+00   2331.22221548    6.71467393E-05   1.71447960E+19   6.45505510E+06   5.02400941E+07   9.44651930E+07   0.22427711      
  89               1.44543977E+02   5.92528936E+00   2369.42617400    7.09203088E-05   1.81130765E+19   5.89075567E+06   5.08049549E+07   8.85644601E+07   0.22163523      
  90               1.69824365E+02   6.37155088E+00   2406.72881009    7.50502144E-05   1.91753738E+19   5.30707108E+06   5.13891523E+07   8.24475671E+07   0.2172534       
  91               1.99526231E+02   6.86107276E+00   2446.13048194    7.94775863E-05   2.03160019E+19   4.83083700E+06   5.18658819E+07   7.61092041E+07   0.21445599      
  92               2.34422882E+02   7.39805372E+00   2485.08112392    8.43121223E-05   2.15626806E+19   4.33579722E+06   5.23613572E+07   6.95493389E+07   0.20995875      
  93               2.75422870E+02   7.98751922E+00   2525.46978794    8.95222445E-05   2.29084433E+19   3.92221165E+06   5.27752959E+07   6.27643088E+07   0.20711247      
  94               3.23593657E+02   8.63483673E+00   2565.93977474    9.51902918E-05   2.43743763E+19   3.51420494E+06   5.31835988E+07   5.57520230E+07   0.2025862       
  95               3.80189396E+02   9.34619223E+00   2607.13891315    1.01332264E-04   2.59654813E+19   3.15565216E+06   5.35423928E+07   4.85089824E+07   0.19848436      
  96               4.46683592E+02   1.01284614E+01   2648.50170206    1.08015263E-04   2.76993170E+19   2.82727187E+06   5.38709681E+07   4.10316894E+07   0.1942492       
  97               5.24807460E+02   1.09893530E+01   2690.46937807    1.15270246E-04   2.95848868E+19   2.53613387E+06   5.41622608E+07   3.33163989E+07   0.19039202      
  98               6.16595002E+02   1.19374406E+01   2732.68107712    1.23167541E-04   3.16408478E+19   2.26464952E+06   5.44338674E+07   2.53594447E+07   0.18600676      
  99               7.24435960E+02   1.29823841E+01   2775.18826605    1.31766582E-04   3.38834670E+19   2.02938479E+06   5.46692255E+07   1.71569224E+07   0.18261652      
  100              8.51138038E+02   1.41348613E+01   2818.31905619    1.41116203E-04   3.63268076E+19   1.80929717E+06   5.48893856E+07   8.70516599E+06   0.17844045      
  101              1.00000000E+03   1.54069825E+01   2861.29439584    1.51334325E-04   3.90014618E+19   1.69667767E+06   5.50020299E+07   0.00000000E+00   0.17560128      
