# ATMO pressure-temperature profile
# Effective temperature = 1000.0K
# log(g) = 3.5cm/s^2
# M/H = 0.0
# Optical depth grid in band 17 (1.20-1.33microns)
# All parameters in cgs units
#
# Model Level      Optical Depth    Pressure         Temperature      Density          Number Density   Rad Flux         Conv Flux        Radial Extension Adiabatic Gradient
#                                   [Ba]             [K]              [g/cm^3]         [/cm^3]          [ergs/s/cm^2/sr] [ergs/s/cm^2/sr] [cm]             [K/Ba]          
  1                5.00000000E-05   1.00000000E-05   309.41425228     9.15724091E-10   2.34091436E+14   5.66987813E+07   0.00000000E+00   1.53700779E+08   0.29970305      
  2                5.91534807E-05   1.35454552E-04   364.04651745     1.05424475E-08   2.69502355E+15   5.66987813E+07   0.00000000E+00   1.40932470E+08   0.30004784      
  3                6.99826855E-05   2.73021831E-04   386.36498951     2.00218447E-08   5.11829659E+15   5.66987813E+07   0.00000000E+00   1.37938190E+08   0.29983418      
  4                8.27943887E-05   4.30366694E-04   401.60386971     3.03630308E-08   7.76187429E+15   5.66987813E+07   0.00000000E+00   1.35920159E+08   0.29966678      
  5                9.79515255E-05   6.12142743E-04   413.54873271     4.19401817E-08   1.07214087E+16   5.66987813E+07   0.00000000E+00   1.34309332E+08   0.29959568      
  6                1.15883473E-04   8.23013825E-04   424.42927269     5.49422128E-08   1.40451907E+16   5.66987813E+07   0.00000000E+00   1.32920183E+08   0.29948872      
  7                1.37098216E-04   1.06815771E-03   434.46979533     6.96595510E-08   1.78074458E+16   5.66987813E+07   0.00000000E+00   1.31667105E+08   0.29943948      
  8                1.62196734E-04   1.35347383E-03   444.23083197     8.63273248E-08   2.20682047E+16   5.66987813E+07   0.00000000E+00   1.30503617E+08   0.29937889      
  9                1.91890027E-04   1.68603172E-03   452.72111930     1.05521774E-07   2.69749610E+16   5.66987813E+07   0.00000000E+00   1.29401768E+08   0.2993438       
  10               2.27019260E-04   2.07446795E-03   460.44367388     1.27654849E-07   3.26329292E+16   5.66987813E+07   0.00000000E+00   1.28343416E+08   0.29928983      
  11               2.68579588E-04   2.52853177E-03   467.99674518     1.53085011E-07   3.91337459E+16   5.66987813E+07   0.00000000E+00   1.27316271E+08   0.29925791      
  12               3.17748350E-04   3.05954381E-03   475.15979114     1.82441690E-07   4.66383130E+16   5.66987813E+07   0.00000000E+00   1.26311479E+08   0.29925614      
  13               3.75918418E-04   3.68066614E-03   482.47886536     2.16149989E-07   5.52553038E+16   5.66987813E+07   0.00000000E+00   1.25322385E+08   0.29921578      
  14               4.44737657E-04   4.40721581E-03   489.55691233     2.55075192E-07   6.52059114E+16   5.66987813E+07   0.00000000E+00   1.24343902E+08   0.29911584      
  15               5.26155608E-04   5.25701916E-03   496.88727708     2.99770415E-07   7.66315346E+16   5.66987813E+07   0.00000000E+00   1.23372072E+08   0.29905009      
  16               6.22478712E-04   6.25079400E-03   504.07922920     3.51352844E-07   8.98177608E+16   5.66987813E+07   0.00000000E+00   1.22403746E+08   0.29899861      
  17               7.36435649E-04   7.41260888E-03   511.70465967     4.10448614E-07   1.04924656E+17   5.66987813E+07   0.00000000E+00   1.21436280E+08   0.29898395      
  18               8.71254639E-04   8.77066393E-03   519.23051053     4.78607331E-07   1.22348347E+17   5.66987813E+07   0.00000000E+00   1.20467336E+08   0.29893254      
  19               1.03075489E-03   1.03577724E-02   527.27561057     5.56590449E-07   1.42283494E+17   5.66987813E+07   0.00000000E+00   1.19494927E+08   0.29888881      
  20               1.21945479E-03   1.22118463E-02   535.37119089     6.46298867E-07   1.65216026E+17   5.66987813E+07   0.00000000E+00   1.18517369E+08   0.29879691      
  21               1.44269991E-03   1.43767770E-02   544.17270871     7.48568977E-07   1.91359761E+17   5.66987813E+07   0.00000000E+00   1.17533106E+08   0.29872365      
  22               1.70681442E-03   1.69032968E-02   553.06662251     8.65966318E-07   2.21370531E+17   5.66987813E+07   0.00000000E+00   1.16540776E+08   0.29861034      
  23               2.01928028E-03   1.98498371E-02   562.70097983     9.99508032E-07   2.55508361E+17   5.66987813E+07   0.00000000E+00   1.15539234E+08   0.29852355      
  24               2.38894914E-03   2.32832482E-02   572.55999646     1.15220448E-06   2.94542797E+17   5.66987813E+07   0.00000000E+00   1.14527497E+08   0.2983924       
  25               2.82629313E-03   2.72798710E-02   583.38392307     1.32493577E-06   3.38698829E+17   5.66987813E+07   0.00000000E+00   1.13504602E+08   0.2982898       
  26               3.34370152E-03   3.19271308E-02   594.53209105     1.52156858E-06   3.88964915E+17   5.66987813E+07   0.00000000E+00   1.12469570E+08   0.29813214      
  27               3.95583167E-03   3.73243033E-02   606.66747049     1.74320278E-06   4.45622223E+17   5.66987813E+07   0.00000000E+00   1.11421606E+08   0.29798901      
  28               4.68002425E-03   4.35829040E-02   619.30049672     1.99398374E-06   5.09730447E+17   5.66987813E+07   0.00000000E+00   1.10360051E+08   0.29775782      
  29               5.53679448E-03   5.08292368E-02   633.14738428     2.27465547E-06   5.81479772E+17   5.66987813E+07   0.00000000E+00   1.09284082E+08   0.29754062      
  30               6.55041330E-03   5.92115965E-02   647.70847447     2.59020425E-06   6.62144889E+17   5.66987813E+07   0.00000000E+00   1.08192034E+08   0.29724389      
  31               7.74959494E-03   6.88969919E-02   663.61525578     2.94164860E-06   7.51985971E+17   5.66987813E+07   0.00000000E+00   1.07082464E+08   0.29699106      
  32               9.16831029E-03   8.00700311E-02   680.40678274     3.33432752E-06   8.52368129E+17   5.66987813E+07   0.00000000E+00   1.05954301E+08   0.29664831      
  33               1.08467493E-02   9.29317664E-02   698.82823419     3.76791660E-06   9.63206908E+17   5.66987813E+07   0.00000000E+00   1.04806821E+08   0.29630183      
  34               1.28324595E-02   1.07698896E-01   718.45135840     4.24738620E-06   1.08577471E+18   5.66987813E+07   0.00000000E+00   1.03639515E+08   0.29579207      
  35               1.51816929E-02   1.24607187E-01   739.98674387     4.77121506E-06   1.21967745E+18   5.66987813E+07   0.00000000E+00   1.02451766E+08   0.29525636      
  36               1.79609996E-02   1.43902524E-01   762.86915955     5.34479278E-06   1.36629410E+18   5.66987813E+07   0.00000000E+00   1.01243471E+08   0.29453063      
  37               2.12491128E-02   1.65869485E-01   787.87465467     5.96515543E-06   1.52487837E+18   5.66987813E+07   0.00000000E+00   1.00013221E+08   0.29376574      
  38               2.51391797E-02   1.90834700E-01   814.47164673     6.63886157E-06   1.69709915E+18   5.66987814E+07   0.00000000E+00   9.87587004E+07   0.29292987      
  39               2.97413996E-02   2.19133480E-01   843.32423004     7.36251502E-06   1.88208831E+18   5.66987814E+07   0.00000000E+00   9.74787066E+07   0.29207036      
  40               3.51861462E-02   2.51111335E-01   873.74790132     8.14314499E-06   2.08164185E+18   5.66987814E+07   0.00000000E+00   9.61727154E+07   0.29115014      
  41               4.16276604E-02   2.87097767E-01   906.21028946     8.97663709E-06   2.29470396E+18   5.66987814E+07   0.00000000E+00   9.48416904E+07   0.29021823      
  42               4.92484201E-02   3.27393063E-01   940.03524517     9.86843918E-06   2.52261617E+18   5.66987813E+07   0.00000000E+00   9.34878269E+07   0.28923933      
  43               5.82643093E-02   3.72424775E-01   975.72700097     1.08150088E-05   2.76462404E+18   5.66752324E+07   2.36798218E+04   9.21094091E+07   0.28823936      
  44               6.89307339E-02   4.22702191E-01   1011.87943376    1.18362098E-05   3.02573974E+18   5.66202731E+07   7.84861706E+04   9.07041599E+07   0.28718876      
  45               8.15498567E-02   4.78788708E-01   1048.72695715    1.29352796E-05   3.30679527E+18   5.65941688E+07   1.04636643E+05   8.92707698E+07   0.28611652      
  46               9.64791575E-02   5.41252500E-01   1086.04568378    1.41199353E-05   3.60975446E+18   5.66129350E+07   8.58271040E+04   8.78091841E+07   0.28500471      
  47               1.14141560E-01   6.10660419E-01   1124.02272669    1.53919043E-05   3.93505239E+18   5.66672421E+07   3.18331808E+04   8.63203486E+07   0.28390807      
  48               1.35037411E-01   6.87676464E-01   1162.43900013    1.67598637E-05   4.28489149E+18   5.66987814E+07   0.00000000E+00   8.48039967E+07   0.28280805      
  49               1.59758657E-01   7.73263835E-01   1200.90544852    1.82417347E-05   4.66385160E+18   5.66987814E+07   0.00000000E+00   8.32561015E+07   0.28174623      
  50               1.89005613E-01   8.68474139E-01   1239.49834542    1.98495558E-05   5.07500856E+18   5.66987814E+07   0.00000000E+00   8.16738496E+07   0.2806987       
  51               2.23606798E-01   9.74552904E-01   1278.29027978    2.15977718E-05   5.52206829E+18   5.66987814E+07   0.00000000E+00   8.00537240E+07   0.27966777      
  52               2.64542408E-01   1.09302028E+00   1317.16845453    2.35078044E-05   6.01052955E+18   5.66987814E+07   0.00000000E+00   7.83911217E+07   0.27868798      
  53               3.12972084E-01   1.22582502E+00   1356.12031542    2.56061637E-05   6.54720743E+18   5.66987814E+07   0.00000000E+00   7.66793903E+07   0.27766512      
  54               3.70267763E-01   1.37538685E+00   1395.01920265    2.79283887E-05   7.14118890E+18   5.66987814E+07   0.00000000E+00   7.49108042E+07   0.27659723      
  55               4.38052539E-01   1.54454341E+00   1434.00903956    3.05097718E-05   7.80142739E+18   5.66987814E+07   0.00000000E+00   7.30782890E+07   0.27538859      
  56               5.18246648E-01   1.73541013E+00   1473.23251705    3.33673429E-05   8.53211446E+18   5.66987813E+07   0.00000000E+00   7.11865914E+07   0.27412782      
  57               6.13121862E-01   1.94854219E+00   1512.97956270    3.64830089E-05   9.32830187E+18   5.66987814E+07   0.00000000E+00   6.92548594E+07   0.27277545      
  58               7.25365844E-01   2.18071245E+00   1553.28660358    3.97858451E-05   1.01688688E+19   5.66987814E+07   0.00000000E+00   6.73276613E+07   0.2714332       
  59               8.58158289E-01   2.42922121E+00   1594.75796506    4.31686672E-05   1.10331145E+19   5.66987890E+07   0.00000000E+00   6.54314172E+07   0.27005543      
  60               1.01526100E+00   2.69042155E+00   1638.99473713    4.65259849E-05   1.18896375E+19   5.56101066E+07   1.08878744E+06   6.35883250E+07   0.26876979      
  61               1.20112443E+00   2.94869409E+00   1680.02386310    4.97604083E-05   1.27127676E+19   5.24878271E+07   4.21163431E+06   6.18908789E+07   0.26754935      
  62               1.42101382E+00   3.18353850E+00   1714.48329336    5.26725208E-05   1.34493931E+19   4.82211961E+07   8.47742305E+06   6.04402248E+07   0.26631454      
  63               1.68115827E+00   3.37588253E+00   1741.66309576    5.50372310E-05   1.40394151E+19   4.40789472E+07   1.26194133E+07   5.93104717E+07   0.26520035      
  64               1.98892727E+00   3.57802903E+00   1768.43300478    5.74500416E-05   1.46548402E+19   4.06571280E+07   1.60507166E+07   5.81736486E+07   0.26431921      
  65               2.35303941E+00   3.80506094E+00   1797.64035112    6.01013692E-05   1.53315000E+19   3.74551298E+07   1.92600355E+07   5.69518500E+07   0.26332303      
  66               2.78380943E+00   4.00638296E+00   1821.88476511    6.24567547E-05   1.59278587E+19   3.42948770E+07   2.24066656E+07   5.59127050E+07   0.26227907      
  67               3.29344035E+00   4.17221003E+00   1841.60257043    6.43445213E-05   1.64095280E+19   3.18290723E+07   2.48632561E+07   5.50855059E+07   0.26134602      
  68               3.89636920E+00   4.35861529E+00   1862.45528358    6.64654729E-05   1.69507346E+19   2.98335676E+07   2.68719179E+07   5.41841331E+07   0.26063553      
  69               4.60967600E+00   4.56858263E+00   1885.68750737    6.88080465E-05   1.75484030E+19   2.78798272E+07   2.88923222E+07   5.32023079E+07   0.25978534      
  70               5.45356761E+00   4.80709202E+00   1910.45312395    7.14583686E-05   1.82251827E+19   2.53079049E+07   3.15051243E+07   5.21266866E+07   0.25889473      
  71               6.45195012E+00   4.99139048E+00   1929.40070445    7.35325584E-05   1.87380742E+19   2.24990661E+07   3.42308094E+07   5.13225952E+07   0.25782914      
  72               7.63310614E+00   5.12684676E+00   1942.44131378    7.50199313E-05   1.91173755E+19   2.05869229E+07   3.61026058E+07   5.07458672E+07   0.25707722      
  73               9.03049593E+00   5.28128562E+00   1957.60919407    7.66796574E-05   1.95406722E+19   1.93327180E+07   3.73567080E+07   5.01019525E+07   0.25646437      
  74               1.06837053E+01   5.45664232E+00   1973.75065296    7.85761011E-05   2.00243782E+19   1.82427208E+07   3.84468211E+07   4.93875596E+07   0.25584612      
  75               1.26395671E+01   5.65518329E+00   1992.17297187    8.06799456E-05   2.05610591E+19   1.72192034E+07   3.94704153E+07   4.85990223E+07   0.2550682       
  76               1.49534878E+01   5.87855714E+00   2011.60728332    8.30539817E-05   2.11667112E+19   1.61400738E+07   4.05493188E+07   4.77361043E+07   0.25426055      
  77               1.76910170E+01   6.12826862E+00   2033.28934325    8.56555526E-05   2.18305385E+19   1.51129165E+07   4.15759615E+07   4.67998781E+07   0.25326697      
  78               2.09297047E+01   6.40706668E+00   2055.95316560    8.85611706E-05   2.25720948E+19   1.42044069E+07   4.24842667E+07   4.57876215E+07   0.25223437      
  79               2.47612977E+01   6.71917294E+00   2081.05613884    9.17497538E-05   2.33861033E+19   1.34128318E+07   4.32761490E+07   4.46927106E+07   0.25102623      
  80               2.92943389E+01   7.06751891E+00   2107.21905250    9.53019048E-05   2.42931110E+19   1.26212091E+07   4.40681409E+07   4.35146761E+07   0.2497584       
  81               3.46572422E+01   7.45526394E+00   2135.79969241    9.91770855E-05   2.52829848E+19   1.18609173E+07   4.48288587E+07   4.22534574E+07   0.24829129      
  82               4.10019301E+01   7.88582097E+00   2165.33060033    1.03464216E-04   2.63784055E+19   1.10962266E+07   4.55940139E+07   4.09093602E+07   0.24672716      
  83               4.85081376E+01   8.36289810E+00   2197.20979200    1.08118962E-04   2.75683719E+19   1.03664697E+07   4.63242741E+07   3.94829531E+07   0.2449904       
  84               5.73885036E+01   8.89054264E+00   2229.89546146    1.13240373E-04   2.88781658E+19   9.63635802E+06   4.70549146E+07   3.79749892E+07   0.2431673       
  85               6.78945948E+01   9.47319965E+00   2264.83949837    1.18780394E-04   3.02959865E+19   8.94385382E+06   4.77479618E+07   3.63862914E+07   0.24115234      
  86               8.03240320E+01   1.01157692E+01   2300.41884100    1.24851729E-04   3.18506159E+19   8.25390186E+06   4.84384617E+07   3.47176925E+07   0.23894122      
  87               9.50289215E+01   1.08236893E+01   2338.12568092    1.31404114E-04   3.35299807E+19   7.59239992E+06   4.91005121E+07   3.29699223E+07   0.23654142      
  88               1.12425830E+02   1.16025537E+01   2376.26502799    1.38576592E-04   3.53658865E+19   6.93168742E+06   4.97617651E+07   3.11446517E+07   0.23394221      
  89               1.33007583E+02   1.24591123E+01   2416.38020510    1.46290840E-04   3.73463076E+19   6.33277568E+06   5.03611949E+07   2.92422332E+07   0.23125007      
  90               1.57357229E+02   1.34012741E+01   2456.80204333    1.54709842E-04   3.95095212E+19   5.75960934E+06   5.09348649E+07   2.72617980E+07   0.22829944      
  91               1.86164557E+02   1.44375153E+01   2499.06985835    1.63785584E-04   4.18446463E+19   5.23363829E+06   5.14613132E+07   2.52032206E+07   0.22536097      
  92               2.20245630E+02   1.55775407E+01   2541.55110375    1.73684132E-04   4.43941646E+19   4.73326496E+06   5.19621331E+07   2.30657508E+07   0.22208798      
  93               2.60565913E+02   1.68323457E+01   2585.72137771    1.84369487E-04   4.71507662E+19   4.29009028E+06   5.24057152E+07   2.08482922E+07   0.21897123      
  94               3.08267614E+02   1.82143302E+01   2630.09100536    1.96024097E-04   5.01612405E+19   3.87135084E+06   5.28248336E+07   1.85494559E+07   0.21536452      
  95               3.64702046E+02   1.97376463E+01   2675.93128042    2.08636985E-04   5.34252110E+19   3.50114357E+06   5.31953771E+07   1.61674417E+07   0.21211592      
  96               4.31467909E+02   2.14182162E+01   2722.06179297    2.22397718E-04   5.69916404E+19   3.14956928E+06   5.35472561E+07   1.37002625E+07   0.20824175      
  97               5.10456573E+02   2.32742282E+01   2769.37291947    2.37341090E-04   6.08722966E+19   2.83969190E+06   5.38573961E+07   1.11455937E+07   0.20495348      
  98               6.03905660E+02   2.53261270E+01   2817.19003024    2.53647381E-04   6.51146149E+19   2.54320547E+06   5.41541228E+07   8.50099359E+06   0.20074457      
  99               7.14462436E+02   2.75973444E+01   2865.73105128    2.71436953E-04   6.97521670E+19   2.28513970E+06   5.44123920E+07   5.76373912E+06   0.1975791       
  100              8.45258798E+02   3.01141797E+01   2915.24462452    2.90836057E-04   7.48207185E+19   2.04071627E+06   5.46570031E+07   2.93102490E+06   0.19330419      
  101              1.00000000E+03   3.29066719E+01   2964.88279166    3.12111733E-04   8.03900448E+19   1.91629082E+06   5.47814647E+07   0.00000000E+00   0.19038603      
