# ATMO pressure-temperature profile
# Effective temperature = 900.0K
# log(g) = 5.0cm/s^2
# M/H = 0.0
# Optical depth grid in band 17 (1.20-1.33microns)
# All parameters in cgs units
#
# Model Level      Optical Depth    Pressure         Temperature      Density          Number Density   Rad Flux         Conv Flux        Radial Extension Adiabatic Gradient
#                                   [Ba]             [K]              [g/cm^3]         [/cm^3]          [ergs/s/cm^2/sr] [ergs/s/cm^2/sr] [cm]             [K/Ba]          
  1                5.00000000E-07   1.00000000E-05   205.83567950     1.37646540E-09   3.51888588E+14   3.71839120E+07   0.00000000E+00   4.95006928E+06   0.31117563      
  2                6.19412983E-07   2.93823486E-05   249.12463957     3.34161008E-09   8.54271001E+14   3.71839119E+07   0.00000000E+00   4.85969479E+06   0.30914143      
  3                7.67344888E-07   5.22491718E-05   250.63237974     5.90647249E-09   1.50996914E+15   3.71839118E+07   0.00000000E+00   4.80822364E+06   0.30601844      
  4                9.50606773E-07   8.01101658E-05   265.56660370     8.54673250E-09   2.18494249E+15   3.71839116E+07   0.00000000E+00   4.76901043E+06   0.30682978      
  5                1.17763635E-06   1.14082060E-04   266.01797684     1.21504487E-08   3.10621997E+15   3.71839116E+07   0.00000000E+00   4.73567365E+06   0.30483111      
  6                1.45888650E-06   1.55621570E-04   278.58919112     1.58267397E-08   4.04605116E+15   3.71839115E+07   0.00000000E+00   4.70571864E+06   0.30555581      
  7                1.80730647E-06   2.06421111E-04   278.67130516     2.09868762E-08   5.36522202E+15   3.71839114E+07   0.00000000E+00   4.67784523E+06   0.30388955      
  8                2.23893819E-06   2.68660587E-04   289.71395538     2.62736532E-08   6.71676856E+15   3.71839113E+07   0.00000000E+00   4.65133999E+06   0.30445813      
  9                2.77365477E-06   3.44929823E-04   289.51335247     3.37557750E-08   8.62954677E+15   3.71839112E+07   0.00000000E+00   4.62572966E+06   0.30423044      
  10               3.43607555E-06   4.38471855E-04   299.99271125     4.14111151E-08   1.05866086E+16   3.71839110E+07   0.00000000E+00   4.60071041E+06   0.30465339      
  11               4.25669961E-06   5.53176418E-04   299.88798666     5.22625407E-08   1.33607374E+16   3.71839108E+07   0.00000000E+00   4.57605416E+06   0.30354585      
  12               5.27331001E-06   6.93881482E-04   310.22914387     6.33707132E-08   1.62005046E+16   3.71839106E+07   0.00000000E+00   4.55160465E+06   0.30386993      
  13               6.53271338E-06   8.66440385E-04   310.25408422     7.91237934E-08   2.02277240E+16   3.71839103E+07   0.00000000E+00   4.52723555E+06   0.30295017      
  14               8.09289496E-06   1.07810684E-03   320.61343760     9.52721509E-08   2.43559975E+16   3.71839099E+07   0.00000000E+00   4.50285657E+06   0.30320108      
  15               1.00256884E-05   1.33768782E-03   320.72761491     1.18169213E-07   3.02095501E+16   3.71839095E+07   0.00000000E+00   4.47839199E+06   0.30242324      
  16               1.24200832E-05   1.65602991E-03   331.28663295     1.41628329E-07   3.62067967E+16   3.71839090E+07   0.00000000E+00   4.45378453E+06   0.30259294      
  17               1.53863215E-05   2.04629948E-03   331.64206467     1.74817738E-07   4.46915507E+16   3.71839083E+07   0.00000000E+00   4.42898195E+06   0.30196593      
  18               1.90609746E-05   2.52466791E-03   342.57118702     2.08804243E-07   5.33800858E+16   3.71839076E+07   0.00000000E+00   4.40394392E+06   0.30208019      
  19               2.36132303E-05   3.11081030E-03   343.14121985     2.56854149E-07   6.56638703E+16   3.71839067E+07   0.00000000E+00   4.37863404E+06   0.30156688      
  20               2.92526829E-05   3.82893371E-03   354.52126576     3.05999984E-07   7.82278503E+16   3.71839056E+07   0.00000000E+00   4.35301900E+06   0.3016441       
  21               3.62389832E-05   4.70851091E-03   355.35983367     3.75406105E-07   9.59712348E+16   3.71839041E+07   0.00000000E+00   4.32706749E+06   0.30121188      
  22               4.48937934E-05   5.78561520E-03   367.23860705     4.46361966E-07   1.14110880E+17   3.71839024E+07   0.00000000E+00   4.30075490E+06   0.30126485      
  23               5.56155970E-05   7.10397709E-03   368.48008786     5.46227520E-07   1.39641134E+17   3.71839001E+07   0.00000000E+00   4.27405533E+06   0.30090269      
  24               6.88980457E-05   8.71715741E-03   380.95300307     6.48319906E-07   1.65740760E+17   3.71838971E+07   0.00000000E+00   4.24694708E+06   0.30093917      
  25               8.53526881E-05   1.06900526E-02   382.53917091     7.91754348E-07   2.02408976E+17   3.71838922E+07   0.00000000E+00   4.21941024E+06   0.30063279      
  26               1.05737126E-04   1.31019738E-02   395.53001543     9.38520167E-07   2.39929207E+17   3.71838851E+07   0.00000000E+00   4.19143034E+06   0.30065777      
  27               1.30989898E-04   1.60489022E-02   397.54551134     1.14378640E-06   2.92404678E+17   3.71838771E+07   0.00000000E+00   4.16298735E+06   0.30039976      
  28               1.62273687E-04   1.96475306E-02   411.24868886     1.35359758E-06   3.46042378E+17   3.71838691E+07   0.00000000E+00   4.13406592E+06   0.30041679      
  29               2.01028857E-04   2.40379848E-02   413.79997862     1.64587106E-06   4.20759018E+17   3.71838609E+07   0.00000000E+00   4.10465104E+06   0.30020219      
  30               2.49039768E-04   2.93899852E-02   428.52269914     1.94318178E-06   4.96765442E+17   3.71838525E+07   0.00000000E+00   4.07472416E+06   0.30021246      
  31               3.08516931E-04   3.59091497E-02   431.93882697     2.35543389E-06   6.02155582E+17   3.71838472E+07   0.00000000E+00   4.04425224E+06   0.30010408      
  32               3.82198786E-04   4.38442580E-02   447.81185568     2.77398800E-06   7.09157951E+17   3.71838482E+07   0.00000000E+00   4.01320913E+06   0.30009844      
  33               4.73477780E-04   5.34904749E-02   452.40938591     3.34996342E-06   8.56388223E+17   3.71838732E+07   0.00000000E+00   3.98156553E+06   0.2998592       
  34               5.86556569E-04   6.52041844E-02   469.86032755     3.93191702E-06   1.00515382E+18   3.71839878E+07   0.00000000E+00   3.94929001E+06   0.29985194      
  35               7.26641509E-04   7.93991231E-02   476.44153192     4.72176020E-06   1.20706855E+18   3.71844229E+07   0.00000000E+00   3.91634578E+06   0.29976641      
  36               9.00182369E-04   9.65890966E-02   493.97133636     5.54016023E-06   1.41629002E+18   3.71848515E+07   0.00000000E+00   3.88273628E+06   0.29977531      
  37               1.11516929E-03   1.17362131E-01   501.88380847     6.62595910E-06   1.69375520E+18   3.71849529E+07   0.00000000E+00   3.84845013E+06   0.29963901      
  38               1.38150068E-03   1.42442971E-01   520.65855325     7.75195388E-06   1.98159025E+18   3.71850721E+07   0.00000000E+00   3.81345463E+06   0.29961969      
  39               1.71143891E-03   1.72681031E-01   530.06290388     9.23082617E-06   2.35962539E+18   3.71852350E+07   0.00000000E+00   3.77770858E+06   0.29952946      
  40               2.12017497E-03   2.09090832E-01   550.51503535     1.07618842E-05   2.75100668E+18   3.71854666E+07   0.00000000E+00   3.74117823E+06   0.29951737      
  41               2.62652780E-03   2.52848540E-01   561.89671560     1.27504747E-05   3.25934097E+18   3.71858000E+07   0.00000000E+00   3.70382336E+06   0.29937671      
  42               3.25381085E-03   3.05350183E-01   584.52786137     1.48017988E-05   3.78371841E+18   3.71862114E+07   0.00000000E+00   3.66560672E+06   0.29931962      
  43               4.03090537E-03   3.68181475E-01   598.35929672     1.74349708E-05   4.45682653E+18   3.71866748E+07   0.00000000E+00   3.62649489E+06   0.29918304      
  44               4.99359024E-03   4.43193255E-01   623.62920143     2.01366496E-05   5.14745476E+18   3.71872677E+07   0.00000000E+00   3.58646124E+06   0.29913512      
  45               6.18618926E-03   5.32534987E-01   640.53313273     2.35573700E-05   6.02188401E+18   3.71879269E+07   0.00000000E+00   3.54544108E+06   0.29892907      
  46               7.66361189E-03   6.38839855E-01   669.05748332     2.70550358E-05   6.91599085E+18   3.71886004E+07   0.00000000E+00   3.50333297E+06   0.29882782      
  47               9.49388141E-03   7.64975103E-01   689.79646725     3.14228517E-05   8.03252664E+18   3.71893573E+07   0.00000000E+00   3.46007266E+06   0.29855208      
  48               1.17612668E-02   9.14173999E-01   722.18808996     3.58671854E-05   9.16862864E+18   3.71900529E+07   0.00000000E+00   3.41563060E+06   0.29837282      
  49               1.45701627E-02   1.09002207E+00   747.31158401     4.13287456E-05   1.05647546E+19   3.71908491E+07   0.00000000E+00   3.36995725E+06   0.29791404      
  50               1.80498959E-02   1.29656944E+00   783.98988707     4.68604471E-05   1.19787406E+19   3.71916360E+07   0.00000000E+00   3.32302287E+06   0.29757226      
  51               2.23606798E-02   1.53865457E+00   813.85164259     5.35694804E-05   1.36937290E+19   3.71923784E+07   0.00000000E+00   3.27470517E+06   0.29695828      
  52               2.77009907E-02   1.82166928E+00   855.06978401     6.03658673E-05   1.54309909E+19   3.71930585E+07   0.00000000E+00   3.22493663E+06   0.29649386      
  53               3.43167066E-02   2.15152743E+00   889.42883717     6.85423627E-05   1.75211062E+19   3.71939231E+07   0.00000000E+00   3.17365616E+06   0.29554522      
  54               4.25124273E-02   2.53456886E+00   934.49876700     7.68509592E-05   1.96449624E+19   3.71947122E+07   0.00000000E+00   3.12087952E+06   0.29477068      
  55               5.26654988E-02   2.97771551E+00   972.18462000     8.67881843E-05   2.21850441E+19   3.71955472E+07   0.00000000E+00   3.06661789E+06   0.29357998      
  56               6.52433875E-02   3.48978856E+00   1019.82444220    9.69644859E-05   2.47856058E+19   3.71963765E+07   0.00000000E+00   3.01079698E+06   0.2926146       
  57               8.08252026E-02   4.08096262E+00   1059.38446614    1.09155874E-04   2.79019693E+19   3.71968770E+07   0.00000000E+00   2.95333435E+06   0.29108253      
  58               1.00128360E-01   4.76404368E+00   1108.24430528    1.21808244E-04   3.11362328E+19   3.71965386E+07   0.00000000E+00   2.89409498E+06   0.28981964      
  59               1.24041612E-01   5.55274020E+00   1148.57129988    1.36988954E-04   3.50167015E+19   3.71962990E+07   0.00000000E+00   2.83303890E+06   0.28801449      
  60               1.53665970E-01   6.46377716E+00   1198.11855971    1.52871198E-04   3.90762086E+19   3.71959952E+07   0.00000000E+00   2.77008386E+06   0.28655033      
  61               1.90365394E-01   7.51601159E+00   1238.97476926    1.71902514E-04   4.39390657E+19   3.71954768E+07   0.00000000E+00   2.70517426E+06   0.28455129      
  62               2.35829593E-01   8.73526524E+00   1289.22843084    1.92021176E-04   4.90763282E+19   3.71949707E+07   0.00000000E+00   2.63806537E+06   0.28293636      
  63               2.92151824E-01   1.01571870E+01   1330.29176366    2.16409675E-04   5.53034706E+19   3.71947451E+07   0.00000000E+00   2.56831184E+06   0.28080353      
  64               3.61925265E-01   1.18369566E+01   1380.86731600    2.42976065E-04   6.20888971E+19   3.71948951E+07   0.00000000E+00   2.49505690E+06   0.27907794      
  65               4.48362417E-01   1.38348917E+01   1421.69561503    2.75819475E-04   7.04847201E+19   3.71954697E+07   0.00000000E+00   2.41787939E+06   0.27690201      
  66               5.55443005E-01   1.62220743E+01   1472.72478108    3.12185825E-04   7.97830493E+19   3.71961558E+07   0.00000000E+00   2.33652645E+06   0.27514579      
  67               6.88097217E-01   1.90556365E+01   1513.94410534    3.56718205E-04   9.11673768E+19   3.71968704E+07   0.00000000E+00   2.25161513E+06   0.27294982      
  68               8.52432700E-01   2.23829580E+01   1566.48776218    4.04944814E-04   1.03494272E+20   3.71972586E+07   0.00000000E+00   2.16406785E+06   0.27127037      
  69               1.05601576E+00   2.62248367E+01   1609.83149455    4.61660465E-04   1.17993535E+20   3.71975903E+07   0.00000000E+00   2.07521203E+06   0.26918869      
  70               1.30821975E+00   3.05633510E+01   1665.91181536    5.19957547E-04   1.32884645E+20   3.71981377E+07   0.00000000E+00   1.98665833E+06   0.2676228       
  71               1.62065660E+00   3.53445727E+01   1714.21849760    5.84550123E-04   1.49342150E+20   3.71993541E+07   0.00000000E+00   1.89992957E+06   0.26561482      
  72               2.00771148E+00   4.04942091E+01   1776.67130057    6.46192447E-04   1.65086543E+20   3.71785382E+07   0.00000000E+00   1.81613960E+06   0.26402445      
  73               2.48720511E+00   4.58416737E+01   1834.37038430    7.08736555E-04   1.81008627E+20   3.41198917E+07   3.13741866E+06   1.73711901E+06   0.26191721      
  74               3.08121427E+00   5.10524587E+01   1887.82736562    7.67529976E-04   1.95875548E+20   2.95849137E+07   7.66943178E+06   1.66646469E+06   0.26016529      
  75               3.81708825E+00   5.58959269E+01   1931.49028659    8.21905054E-04   2.09610712E+20   2.49857047E+07   1.22871558E+07   1.60548105E+06   0.25817666      
  76               4.72870805E+00   6.02040124E+01   1969.92704519    8.67949470E-04   2.21361013E+20   2.16635050E+07   1.56086047E+07   1.55447438E+06   0.25694156      
  77               5.85804632E+00   6.50974899E+01   2008.62157962    9.20376468E-04   2.34742626E+20   1.87801947E+07   1.84814727E+07   1.49972387E+06   0.25528636      
  78               7.25709989E+00   6.93565852E+01   2042.39985921    9.64604136E-04   2.45964692E+20   1.55861154E+07   2.16266951E+07   1.45452004E+06   0.25434736      
  79               8.99028379E+00   7.28931804E+01   2067.24747069    1.00158128E-03   2.55399633E+20   1.35996626E+07   2.35630639E+07   1.41853948E+06   0.25288985      
  80               1.11373970E+01   7.70192368E+01   2097.25042280    1.04310203E-03   2.65995788E+20   1.27104829E+07   2.44426519E+07   1.37817224E+06   0.25212751      
  81               1.37972966E+01   8.18021726E+01   2128.23031425    1.09167390E-03   2.78401809E+20   1.10485870E+07   2.60954188E+07   1.33335088E+06   0.25102506      
  82               1.70924493E+01   8.54088763E+01   2152.39703291    1.12799112E-03   2.87413036E+20   8.86860540E+06   2.82652815E+07   1.30084471E+06   0.25078696      
  83               2.11745701E+01   8.80469079E+01   2167.85968501    1.15451498E-03   2.94177044E+20   7.77282691E+06   2.93536615E+07   1.27772792E+06   0.24987045      
  84               2.62316072E+01   9.12020743E+01   2187.98426246    1.18485450E-03   3.01916162E+20   7.53255705E+06   2.95917140E+07   1.25075114E+06   0.24954434      
  85               3.24963962E+01   9.49569310E+01   2209.12068390    1.22179628E-03   3.11338671E+20   7.16480471E+06   2.99577597E+07   1.21954345E+06   0.24841073      
  86               4.02573794E+01   9.94027525E+01   2235.28694876    1.26397643E-03   3.22100180E+20   6.87564189E+06   3.02457923E+07   1.18376814E+06   0.2478501       
  87               4.98718870E+01   1.04639234E+02   2262.92863578    1.31424976E-03   3.34926518E+20   6.46307893E+06   3.06581689E+07   1.14313958E+06   0.24641659      
  88               6.17825886E+01   1.10776077E+02   2295.76111005    1.37134411E-03   3.49498347E+20   6.09331373E+06   3.10286961E+07   1.09742725E+06   0.24531459      
  89               7.65378750E+01   1.17932348E+02   2330.30207026    1.43834089E-03   3.66561260E+20   5.64421808E+06   3.14796167E+07   1.04647105E+06   0.24380979      
  90               9.48171070E+01   1.26241253E+02   2370.08716867    1.51369940E-03   3.85800527E+20   5.24028005E+06   3.18864663E+07   9.90159974E+05   0.24239652      
  91               1.17461894E+02   1.35850316E+02   2411.58298094    1.60072578E-03   4.08022660E+20   4.80323945E+06   3.23275455E+07   9.28428925E+05   0.24051181      
  92               1.45514845E+02   1.46925220E+02   2458.17607540    1.69818624E-03   4.32921548E+20   4.40521083E+06   3.27305110E+07   8.61256650E+05   0.23880294      
  93               1.80267568E+02   1.59652204E+02   2506.37374564    1.80952962E-03   4.61375921E+20   3.98586045E+06   3.31556290E+07   7.88654191E+05   0.23655912      
  94               2.23320145E+02   1.74251747E+02   2559.39668886    1.93372094E-03   4.93134489E+20   3.60620605E+06   3.35414756E+07   7.10606276E+05   0.23450253      
  95               2.76654794E+02   1.90986304E+02   2613.94629349    2.07474418E-03   5.29214095E+20   3.22429453E+06   3.39297697E+07   6.27058088E+05   0.23189901      
  96               3.42727143E+02   2.10170843E+02   2673.08779756    2.23202963E-03   5.69488662E+20   2.88128073E+06   3.42790069E+07   5.37908021E+05   0.22952485      
  97               4.24579284E+02   2.32183100E+02   2733.80165732    2.41028114E-03   6.15161919E+20   2.54611392E+06   3.46201365E+07   4.43004214E+05   0.22660172      
  98               5.25979842E+02   2.57485177E+02   2798.94926061    2.60972193E-03   6.66320302E+20   2.25739671E+06   3.49143054E+07   3.42118707E+05   0.22413132      
  99               6.51597486E+02   2.86642223E+02   2866.00715833    2.83600538E-03   7.24417164E+20   1.99309638E+06   3.51835686E+07   2.34942865E+05   0.22092946      
  100              8.07215886E+02   3.20355130E+02   2937.35743166    3.09091534E-03   7.89952041E+20   1.76892683E+06   3.54120897E+07   1.21074255E+05   0.21823062      
  101              1.00000000E+03   3.59496759E+02   3011.21249046    3.38141244E-03   8.64727790E+20   1.65008286E+06   3.55324966E+07   0.00000000E+00   0.2154185       
