# ATMO pressure-temperature profile
# Effective temperature = 500.0K
# log(g) = 4.5cm/s^2
# M/H = 0.0
# Optical depth grid in band 17 (1.20-1.33microns)
# All parameters in cgs units
#
# Model Level      Optical Depth    Pressure         Temperature      Density          Number Density   Rad Flux         Conv Flux        Radial Extension Adiabatic Gradient
#                                   [Ba]             [K]              [g/cm^3]         [/cm^3]          [ergs/s/cm^2/sr] [ergs/s/cm^2/sr] [cm]             [K/Ba]          
  1                5.00000000E-05   1.00000000E-05   65.63851074      4.31850889E-09   1.10348674E+15   3.54356490E+06   0.00000000E+00   1.06531541E+07   0.34434109      
  2                5.91534807E-05   5.58894513E-04   90.97081797      1.74147017E-07   4.44993417E+16   3.54356490E+06   0.00000000E+00   1.00202120E+07   0.31484426      
  3                6.99826855E-05   1.12735633E-03   108.20695630     2.95291425E-07   7.54626174E+16   3.54356490E+06   0.00000000E+00   9.94094039E+06   0.32579215      
  4                8.27943887E-05   1.75827041E-03   121.66353543     4.09654626E-07   1.04676954E+17   3.54356490E+06   0.00000000E+00   9.88357686E+06   0.3257902       
  5                9.79515255E-05   2.47700449E-03   130.30469267     5.38839903E-07   1.37686886E+17   3.54356490E+06   0.00000000E+00   9.83520092E+06   0.3257106       
  6                1.15883473E-04   3.30273860E-03   140.62029842     6.65762300E-07   1.70118689E+17   3.54356490E+06   0.00000000E+00   9.79160450E+06   0.32557225      
  7                1.37098216E-04   4.25598638E-03   147.41943659     8.18348838E-07   2.09108324E+17   3.54356490E+06   0.00000000E+00   9.75076533E+06   0.32524878      
  8                1.62196734E-04   5.35968905E-03   156.74858626     9.69234550E-07   2.47663383E+17   3.54356490E+06   0.00000000E+00   9.71157595E+06   0.32486039      
  9                1.91890027E-04   6.63969563E-03   163.00481271     1.15462306E-06   2.95035030E+17   3.54356490E+06   0.00000000E+00   9.67331307E+06   0.32430635      
  10               2.27019260E-04   8.12691077E-03   171.99816569     1.33934803E-06   3.42237438E+17   3.54356490E+06   0.00000000E+00   9.63549433E+06   0.32369213      
  11               2.68579588E-04   9.85626462E-03   178.01677705     1.56937847E-06   4.01030368E+17   3.54356490E+06   0.00000000E+00   9.59777419E+06   0.32300238      
  12               3.17748350E-04   1.18679753E-02   186.93456866     1.79961736E-06   4.59846466E+17   3.54356490E+06   0.00000000E+00   9.55992021E+06   0.3222504       
  13               3.75918418E-04   1.42074905E-02   193.01709743     2.08628320E-06   5.33147567E+17   3.54356490E+06   0.00000000E+00   9.52173905E+06   0.32152153      
  14               4.44737657E-04   1.69278625E-02   202.06339600     2.37318498E-06   6.06792655E+17   3.54356490E+06   0.00000000E+00   9.48307780E+06   0.32078882      
  15               5.26155608E-04   2.00912170E-02   208.17650719     2.73571303E-06   6.99037325E+17   3.54356490E+06   0.00000000E+00   9.44381812E+06   0.32003633      
  16               6.22478712E-04   2.37708629E-02   217.20407713     3.10221998E-06   7.92688969E+17   3.54356490E+06   0.00000000E+00   9.40387569E+06   0.31928139      
  17               7.36435649E-04   2.80505892E-02   223.36536992     3.55975271E-06   9.09603214E+17   3.54356490E+06   0.00000000E+00   9.36314987E+06   0.3184402       
  18               8.71254639E-04   3.30263229E-02   232.27469877     4.03045763E-06   1.02987415E+18   3.54356490E+06   0.00000000E+00   9.32160953E+06   0.31742138      
  19               1.03075489E-03   3.88090386E-02   238.32885126     4.61585640E-06   1.17945698E+18   3.54356490E+06   0.00000000E+00   9.27921318E+06   0.31646312      
  20               1.21945479E-03   4.55328151E-02   247.11489514     5.22301921E-06   1.33460091E+18   3.54356490E+06   0.00000000E+00   9.23590935E+06   0.31543338      
  21               1.44269991E-03   5.33493915E-02   253.25654624     5.97124427E-06   1.52578953E+18   3.54356490E+06   0.00000000E+00   9.19164813E+06   0.31449151      
  22               1.70681442E-03   6.24362223E-02   262.17430968     6.75060246E-06   1.72493337E+18   3.54356490E+06   0.00000000E+00   9.14638874E+06   0.31308095      
  23               2.01928028E-03   7.29968547E-02   268.59153467     7.70385104E-06   1.96851019E+18   3.54356490E+06   0.00000000E+00   9.10007981E+06   0.31159316      
  24               2.38894914E-03   8.52673979E-02   277.84777757     8.69905615E-06   2.22280785E+18   3.54356490E+06   0.00000000E+00   9.05268031E+06   0.30996387      
  25               2.82629313E-03   9.95166445E-02   284.78275608     9.90553846E-06   2.53109167E+18   3.54356490E+06   0.00000000E+00   9.00413840E+06   0.30888418      
  26               3.34370152E-03   1.16058557E-01   294.53952573     1.11693947E-05   2.85403585E+18   3.54356490E+06   0.00000000E+00   8.95440687E+06   0.30768982      
  27               3.95583167E-03   1.35256224E-01   302.01438412     1.26947949E-05   3.24381046E+18   3.54356490E+06   0.00000000E+00   8.90342441E+06   0.30685384      
  28               4.68002425E-03   1.57533749E-01   312.29764030     1.42988452E-05   3.65368200E+18   3.54356490E+06   0.00000000E+00   8.85113622E+06   0.30587692      
  29               5.53679448E-03   1.83375165E-01   320.49527222     1.62186594E-05   4.14423840E+18   3.54356490E+06   0.00000000E+00   8.79747527E+06   0.30519802      
  30               6.55041330E-03   2.13334591E-01   331.67554581     1.82324022E-05   4.65879571E+18   3.54356490E+06   0.00000000E+00   8.74238130E+06   0.30440656      
  31               7.74959494E-03   2.48039245E-01   341.00131258     2.06186591E-05   5.26853888E+18   3.54356490E+06   0.00000000E+00   8.68577881E+06   0.3038162       
  32               9.16831029E-03   2.88203780E-01   353.39546880     2.31171759E-05   5.90696688E+18   3.54356490E+06   0.00000000E+00   8.62760263E+06   0.30312552      
  33               1.08467493E-02   3.34642803E-01   364.03463332     2.60576271E-05   6.65831942E+18   3.54356490E+06   0.00000000E+00   8.56776860E+06   0.30263726      
  34               1.28324595E-02   3.88273155E-01   377.87844424     2.91260392E-05   7.44236706E+18   3.54356490E+06   0.00000000E+00   8.50620805E+06   0.30214202      
  35               1.51816929E-02   4.50106544E-01   390.29625842     3.26901660E-05   8.35308265E+18   3.54356490E+06   0.00000000E+00   8.44283950E+06   0.30180396      
  36               1.79609996E-02   5.21284237E-01   406.26138626     3.63718242E-05   9.29383347E+18   3.54356490E+06   0.00000000E+00   8.37756361E+06   0.3014056       
  37               2.12491128E-02   6.03029514E-01   421.22146297     4.05814760E-05   1.03694069E+19   3.54356487E+06   0.00000000E+00   8.31027872E+06   0.30105704      
  38               2.51391797E-02   6.96667202E-01   440.38630696     4.48426552E-05   1.14582264E+19   3.54161712E+06   1.94780608E+03   8.24086568E+06   0.30068945      
  39               2.97413996E-02   8.03611279E-01   459.20724851     4.96063269E-05   1.26754425E+19   3.52683851E+06   1.67263827E+04   8.16916181E+06   0.30044423      
  40               3.51861462E-02   9.25611636E-01   479.63377248     5.47040241E-05   1.39779953E+19   3.50186928E+06   4.16956775E+04   8.09510191E+06   0.30024253      
  41               4.16276604E-02   1.06468717E+00   499.67925845     6.03993123E-05   1.54332197E+19   3.47216643E+06   7.13984654E+04   8.01859062E+06   0.30007483      
  42               4.92484201E-02   1.22306963E+00   521.46567364     6.64907803E-05   1.69883538E+19   3.43926099E+06   1.04303957E+05   7.93955562E+06   0.2998913       
  43               5.82643093E-02   1.40337626E+00   542.83037985     7.32901978E-05   1.87256034E+19   3.40192539E+06   1.41639497E+05   7.85787707E+06   0.29973814      
  44               6.89307339E-02   1.60843485E+00   566.08352439     8.05487954E-05   2.05801624E+19   3.35979126E+06   1.83773701E+05   7.77348037E+06   0.29961775      
  45               8.15498567E-02   1.84130732E+00   588.85039639     8.86456012E-05   2.26489017E+19   3.31498715E+06   2.28577744E+05   7.68633184E+06   0.29951963      
  46               9.64791575E-02   2.10559948E+00   613.64371231     9.72736098E-05   2.48533717E+19   3.26730236E+06   2.76262617E+05   7.59632860E+06   0.29937957      
  47               1.14141560E-01   2.40512102E+00   637.87630847     1.06889627E-04   2.73102894E+19   3.21822193E+06   3.25342987E+05   7.50343992E+06   0.29921118      
  48               1.35037411E-01   2.74430167E+00   664.26693684     1.17118024E-04   2.99236836E+19   3.16668785E+06   3.76877157E+05   7.40757683E+06   0.2990096       
  49               1.59758657E-01   3.12781188E+00   690.00914758     1.28504878E-04   3.28330794E+19   3.11298452E+06   4.30580414E+05   7.30872033E+06   0.29882058      
  50               1.89005613E-01   3.56044837E+00   718.01149956     1.40574451E-04   3.59169237E+19   3.05432572E+06   4.89239341E+05   7.20692915E+06   0.29858356      
  51               2.23606798E-01   4.04805530E+00   745.24351556     1.53985785E-04   3.93435977E+19   2.99348239E+06   5.50082587E+05   7.10212551E+06   0.29827751      
  52               2.64542408E-01   4.59730046E+00   774.88976005     1.68187933E-04   4.29723205E+19   2.93125505E+06   6.12310070E+05   6.99419890E+06   0.29781662      
  53               3.12972084E-01   5.21627868E+00   803.69698078     1.83992535E-04   4.70104370E+19   2.87519435E+06   6.68370697E+05   6.88292893E+06   0.29730793      
  54               3.70267763E-01   5.91350034E+00   835.11892270     2.00738191E-04   5.12887532E+19   2.82823371E+06   7.15331481E+05   6.76820443E+06   0.29667858      
  55               4.38052539E-01   6.69732832E+00   865.55424540     2.19352770E-04   5.60445180E+19   2.79755626E+06   7.46008838E+05   6.65008136E+06   0.29595659      
  56               5.18246648E-01   7.57624651E+00   898.66175999     2.38997450E-04   6.10637786E+19   2.78628444E+06   7.57280745E+05   6.52869210E+06   0.29500663      
  57               6.13121862E-01   8.56086295E+00   930.56537939     2.60798977E-04   6.66340934E+19   2.80142289E+06   7.42142083E+05   6.40397743E+06   0.29395853      
  58               7.25365844E-01   9.66265996E+00   965.27480598     2.83779664E-04   7.25056024E+19   2.84150448E+06   7.02062011E+05   6.27590428E+06   0.29271089      
  59               8.58158289E-01   1.08942946E+01   998.59289281     3.09277112E-04   7.90199015E+19   2.90812627E+06   6.35439265E+05   6.14443703E+06   0.29145457      
  60               1.01526100E+00   1.22681750E+01   1034.83248937    3.36087029E-04   8.58688701E+19   2.99729436E+06   5.46271280E+05   6.00968056E+06   0.29001687      
  61               1.20112443E+00   1.37964606E+01   1069.38770283    3.65749343E-04   9.34454885E+19   3.11229379E+06   4.31271637E+05   5.87183669E+06   0.2886855       
  62               1.42101382E+00   1.54930389E+01   1106.95591942    3.96786678E-04   1.01375294E+20   3.24671447E+06   2.96851573E+05   5.73100395E+06   0.2872805       
  63               1.68115827E+00   1.73791062E+01   1142.71495661    4.31162274E-04   1.10157828E+20   3.39668368E+06   1.46881724E+05   5.58680625E+06   0.28600613      
  64               1.98892727E+00   1.94779361E+01   1181.84677838    4.67234845E-04   1.19373410E+20   3.53575331E+06   7.81658266E+03   5.43893309E+06   0.28464272      
  65               2.35303941E+00   2.18128119E+01   1219.06723649    5.07274526E-04   1.29601442E+20   3.54353397E+06   0.00000000E+00   5.28727173E+06   0.28343664      
  66               2.78380943E+00   2.44113014E+01   1254.67610862    5.51604081E-04   1.40924059E+20   3.54356487E+06   0.00000000E+00   5.13193068E+06   0.28213036      
  67               3.29344035E+00   2.72993635E+01   1289.97223812    6.00000160E-04   1.53284414E+20   3.54356490E+06   0.00000000E+00   4.97317915E+06   0.28096261      
  68               3.89636920E+00   3.05026563E+01   1324.98851742    6.52699531E-04   1.66744449E+20   3.54356489E+06   0.00000000E+00   4.81130957E+06   0.27965507      
  69               4.60967600E+00   3.40610455E+01   1360.67561332    7.09732239E-04   1.81313112E+20   3.54356488E+06   0.00000000E+00   4.64597994E+06   0.27847594      
  70               5.45356761E+00   3.80194991E+01   1396.83903013    7.71699196E-04   1.97145046E+20   3.54356487E+06   0.00000000E+00   4.47683633E+06   0.2771262       
  71               6.45195012E+00   4.24301788E+01   1434.26802170    8.38737308E-04   2.14274449E+20   3.54356486E+06   0.00000000E+00   4.30346785E+06   0.27586934      
  72               7.63310614E+00   4.73394608E+01   1472.67367298    9.11359230E-04   2.32831976E+20   3.54356486E+06   0.00000000E+00   4.12590097E+06   0.27440485      
  73               9.03049593E+00   5.27840481E+01   1512.71074903    9.89257095E-04   2.52739220E+20   3.54356486E+06   0.00000000E+00   3.94457175E+06   0.27307038      
  74               1.06837053E+01   5.87872902E+01   1553.99254718    1.07247172E-03   2.74006175E+20   3.54356486E+06   0.00000000E+00   3.76026519E+06   0.27154354      
  75               1.26395671E+01   6.53702787E+01   1597.06831573    1.16036589E-03   2.96471317E+20   3.54356485E+06   0.00000000E+00   3.57365488E+06   0.27014679      
  76               1.49534878E+01   7.25621659E+01   1641.48261088    1.25322118E-03   3.20184122E+20   3.54356574E+06   0.00000000E+00   3.38505566E+06   0.26856208      
  77               1.76910170E+01   8.03612123E+01   1687.85322032    1.34970808E-03   3.44855886E+20   3.40901685E+06   1.34548391E+05   3.19542400E+06   0.2671105       
  78               2.09297047E+01   8.87354810E+01   1732.12128475    1.45288269E-03   3.71060606E+20   3.22495566E+06   3.18610465E+05   3.00629964E+06   0.26544601      
  79               2.47612977E+01   9.76558368E+01   1777.48175425    1.55808661E-03   3.97941190E+20   3.02237426E+06   5.21190651E+05   2.81881145E+06   0.26405118      
  80               2.92943389E+01   1.07104789E+02   1820.34771367    1.66862414E-03   4.26167547E+20   2.79376843E+06   7.49796389E+05   2.63349589E+06   0.26246824      
  81               3.46572422E+01   1.16981161E+02   1863.74859873    1.78018706E-03   4.54626176E+20   2.53660153E+06   1.00698194E+06   2.45228268E+06   0.2611879       
  82               4.10019301E+01   1.27052662E+02   1903.39074167    1.89362563E-03   4.83483499E+20   2.24529831E+06   1.29829393E+06   2.27881352E+06   0.25975647      
  83               4.85081376E+01   1.37030410E+02   1941.92693513    2.00268205E-03   5.11104743E+20   2.02533632E+06   1.51822830E+06   2.11678522E+06   0.2585714       
  84               5.73885036E+01   1.47744812E+02   1979.11832168    2.12066452E-03   5.40712387E+20   1.81343602E+06   1.73012849E+06   1.95236759E+06   0.25724877      
  85               6.78945948E+01   1.58065789E+02   2014.59481083    2.22900435E-03   5.68297849E+20   1.55572880E+06   1.98795481E+06   1.80224849E+06   0.25633788      
  86               8.03240320E+01   1.67548114E+02   2043.97144165    2.32869282E-03   5.93732141E+20   1.39065755E+06   2.15350781E+06   1.67063398E+06   0.25510316      
  87               9.50289215E+01   1.78056102E+02   2076.73652656    2.43560743E-03   6.21013870E+20   1.32382647E+06   2.21984508E+06   1.53110626E+06   0.25408447      
  88               1.12425830E+02   1.89713797E+02   2109.52695267    2.55463123E-03   6.51387885E+20   1.17549377E+06   2.36950285E+06   1.38331619E+06   0.2529911       
  89               1.33007583E+02   1.99763393E+02   2138.06355027    2.65480955E-03   6.76738891E+20   9.64648389E+05   2.57904465E+06   1.26128059E+06   0.25241207      
  90               1.57357229E+02   2.07865791E+02   2158.74745245    2.73595465E-03   6.97440277E+20   8.46911845E+05   2.69682676E+06   1.16621078E+06   0.25147634      
  91               1.86164557E+02   2.17033162E+02   2183.11358609    2.82464887E-03   7.20071473E+20   8.14564862E+05   2.73048382E+06   1.06192899E+06   0.25076681      
  92               2.20245630E+02   2.27362182E+02   2207.82937509    2.92586573E-03   7.45896486E+20   7.71742988E+05   2.77202605E+06   9.48310249E+05   0.24967748      
  93               2.60565913E+02   2.38951136E+02   2236.18957518    3.03589086E-03   7.73973909E+20   7.34908185E+05   2.80875042E+06   8.25347268E+05   0.2488136       
  94               3.08267614E+02   2.52004487E+02   2265.08764355    3.16069000E-03   8.05840523E+20   6.46795035E+05   2.90230414E+06   6.92090845E+05   0.24790143      
  95               3.64702046E+02   2.62222342E+02   2288.30588748    3.25821914E-03   8.30006424E+20   5.23223347E+05   3.02041848E+06   5.91391303E+05   0.24753393      
  96               4.31467909E+02   2.69892532E+02   2303.86603144    3.33080528E-03   8.48514926E+20   4.54896856E+05   3.08921349E+06   5.17763563E+05   0.24317376      
  97               5.10456573E+02   2.78718246E+02   2322.50761230    3.41202375E-03   8.69228772E+20   4.42679855E+05   3.10870647E+06   4.34975197E+05   0.24306672      
  98               6.03905660E+02   2.88845400E+02   2342.18675425    3.50618001E-03   8.93243316E+20   4.12442371E+05   3.13824416E+06   3.42385117E+05   0.23492091      
  99               7.14462436E+02   3.00440378E+02   2363.81730917    3.61379627E-03   9.20598433E+20   3.94390243E+05   3.15817710E+06   2.39373660E+05   0.23382557      
  100              8.45258798E+02   3.13681267E+02   2387.79969747    3.73502280E-03   9.51516954E+20   3.75850459E+05   3.17601564E+06   1.25404088E+05   0.23260535      
  101              1.00000000E+03   3.28762390E+02   2413.87251656    3.87214201E-03   9.86492162E+20   3.65100830E+05   3.17899903E+06   0.00000000E+00   0.23127084      
