# ATMO pressure-temperature profile
# Effective temperature = 300.0K
# log(g) = 4.5cm/s^2
# M/H = 0.0
# Optical depth grid in band 17 (1.20-1.33microns)
# All parameters in cgs units
#
# Model Level      Optical Depth    Pressure         Temperature      Density          Number Density   Rad Flux         Conv Flux        Radial Extension Adiabatic Gradient
#                                   [Ba]             [K]              [g/cm^3]         [/cm^3]          [ergs/s/cm^2/sr] [ergs/s/cm^2/sr] [cm]             [K/Ba]          
  1                5.00000000E-05   1.00000000E-05   32.66168652      8.68028523E-09   2.21762053E+15   4.59188969E+05   0.00000000E+00   7.93947725E+06   0.34612403      
  2                5.91534807E-05   2.99214865E-04   41.62968648      2.03775809E-07   5.20602039E+16   4.59188969E+05   0.00000000E+00   7.72201830E+06   0.31481545      
  3                6.99826855E-05   6.39035838E-04   47.02818615      3.85247286E-07   9.84221450E+16   4.59188969E+05   0.00000000E+00   7.68366488E+06   0.31484382      
  4                8.27943887E-05   1.03887821E-03   50.51258344      5.83092774E-07   1.48967283E+17   4.59188969E+05   0.00000000E+00   7.65698707E+06   0.3148636       
  5                9.79515255E-05   1.50929387E-03   53.40460901      8.01249314E-07   2.04701445E+17   4.59188969E+05   0.00000000E+00   7.63522355E+06   0.3148798       
  6                1.15883473E-04   2.06256983E-03   55.89310407      1.04622004E-06   2.67286037E+17   4.59188969E+05   0.00000000E+00   7.61611417E+06   0.31489412      
  7                1.37098216E-04   2.71299765E-03   58.32872602      1.31868033E-06   3.36893604E+17   4.59188969E+05   0.00000000E+00   7.59860290E+06   0.31490734      
  8                1.62196734E-04   3.47704757E-03   60.59863067      1.62674853E-06   4.15598204E+17   4.59188969E+05   0.00000000E+00   7.58210640E+06   0.3149199       
  9                1.91890027E-04   4.37424791E-03   62.92446844      1.97086301E-06   5.03511829E+17   4.59188969E+05   0.00000000E+00   7.56626108E+06   0.31493208      
  10               2.27019260E-04   5.42677883E-03   65.18462733      2.36031266E-06   6.03007585E+17   4.59188969E+05   0.00000000E+00   7.55082909E+06   0.31494406      
  11               2.68579588E-04   6.66007453E-03   67.59190121      2.79355372E-06   7.13691076E+17   4.59188969E+05   0.00000000E+00   7.53564097E+06   0.31495596      
  12               3.17748350E-04   8.10424940E-03   69.94505372      3.28494718E-06   8.39231215E+17   4.59188969E+05   0.00000000E+00   7.52056529E+06   0.31496782      
  13               3.75918418E-04   9.79292574E-03   72.50946913      3.82904382E-06   9.78235852E+17   4.59188969E+05   0.00000000E+00   7.50550834E+06   0.31497974      
  14               4.44737657E-04   1.17591898E-02   75.13060418      4.43744640E-06   1.13366923E+18   4.59188969E+05   0.00000000E+00   7.49042387E+06   0.31499181      
  15               5.26155608E-04   1.40405538E-02   78.04835848      5.10026879E-06   1.30300566E+18   4.59188969E+05   0.00000000E+00   7.47525925E+06   0.31500412      
  16               6.22478712E-04   1.66822056E-02   81.05921485      5.83476916E-06   1.49065423E+18   4.59188969E+05   0.00000000E+00   7.45994600E+06   0.31501677      
  17               7.36435649E-04   1.97386633E-02   84.43452079      6.62781378E-06   1.69325956E+18   4.59188969E+05   0.00000000E+00   7.44440348E+06   0.3150299       
  18               8.71254639E-04   2.32754832E-02   88.03283932      7.49594854E-06   1.91504876E+18   4.59188969E+05   0.00000000E+00   7.42853577E+06   0.31504363      
  19               1.03075489E-03   2.73694490E-02   92.21787156      8.41440790E-06   2.14969477E+18   4.59188889E+05   0.00000000E+00   7.41223458E+06   0.31505809      
  20               1.21945479E-03   3.21087920E-02   96.99609238      9.38517399E-06   2.39770400E+18   4.59184455E+05   4.51533923E+00   7.39536963E+06   0.31526577      
  21               1.44269991E-03   3.75996745E-02   101.92857078     1.04582899E-05   2.67186180E+18   4.59173817E+05   1.51520694E+01   7.37784331E+06   0.31927251      
  22               1.70681442E-03   4.39675632E-02   107.23526791     1.16243068E-05   2.96975482E+18   4.59157156E+05   3.18139768E+01   7.35957991E+06   0.32185214      
  23               2.01928028E-03   5.13589290E-02   112.68989955     1.29211745E-05   3.30108576E+18   4.59135168E+05   5.38019793E+01   7.34050818E+06   0.32346905      
  24               2.38894914E-03   5.99417620E-02   118.54293192     1.43357805E-05   3.66251726E+18   4.59109974E+05   7.89962573E+01   7.32056617E+06   0.32431286      
  25               2.82629313E-03   6.99106754E-02   124.54303416     1.59129774E-05   4.06583636E+18   4.59086190E+05   1.02778550E+02   7.29969429E+06   0.32492412      
  26               3.34370152E-03   8.14935451E-02   130.98408367     1.76391524E-05   4.50640815E+18   4.59070412E+05   1.18557074E+02   7.27783170E+06   0.32534547      
  27               3.95583167E-03   9.49583664E-02   137.59006584     1.95667558E-05   4.99887176E+18   4.59068899E+05   1.20069991E+02   7.25491235E+06   0.32577257      
  28               4.68002425E-03   1.10614614E-01   144.69218833     2.16740713E-05   5.53723890E+18   4.59086163E+05   1.02805908E+02   7.23087105E+06   0.32599121      
  29               5.53679448E-03   1.28816955E-01   151.97120537     2.40317168E-05   6.13956442E+18   4.59122563E+05   6.64061465E+01   7.20564991E+06   0.32591999      
  30               6.55041330E-03   1.49980034E-01   159.78593387     2.66114152E-05   6.79861958E+18   4.59168211E+05   2.07584512E+01   7.17918610E+06   0.32558841      
  31               7.74959494E-03   1.74586094E-01   167.78414025     2.95006626E-05   7.53675819E+18   4.59189116E+05   0.00000000E+00   7.15141505E+06   0.32526229      
  32               9.16831029E-03   2.03206591E-01   175.81425645     3.27685041E-05   8.37162065E+18   4.59188970E+05   0.00000000E+00   7.12230567E+06   0.32509929      
  33               1.08467493E-02   2.36509665E-01   183.94967316     3.64520741E-05   9.31270212E+18   4.59188970E+05   0.00000000E+00   7.09183410E+06   0.32494699      
  34               1.28324595E-02   2.75270178E-01   192.37120315     4.05685939E-05   1.03644185E+19   4.59188970E+05   0.00000000E+00   7.05996033E+06   0.32480663      
  35               1.51816929E-02   3.20298905E-01   201.59702824     4.50440025E-05   1.15079288E+19   4.59188969E+05   0.00000000E+00   7.02665021E+06   0.32448567      
  36               1.79609996E-02   3.72548999E-01   210.48618044     5.01780966E-05   1.28199300E+19   4.59188967E+05   0.00000000E+00   6.99189567E+06   0.32401614      
  37               2.12491128E-02   4.33149317E-01   219.85804636     5.58491232E-05   1.42699059E+19   4.59188964E+05   0.00000000E+00   6.95569558E+06   0.3233627       
  38               2.51391797E-02   5.03436621E-01   228.94655920     6.23059572E-05   1.59270932E+19   4.59188964E+05   0.00000000E+00   6.91801619E+06   0.32258767      
  39               2.97413996E-02   5.85050091E-01   238.75367775     6.94734196E-05   1.77487928E+19   4.59188963E+05   0.00000000E+00   6.87878895E+06   0.32164098      
  40               3.51861462E-02   6.79920216E-01   248.90437344     7.74460348E-05   1.97856930E+19   4.59185862E+05   0.00000000E+00   6.83788921E+06   0.32057363      
  41               4.16276604E-02   7.90115992E-01   261.22365934     8.57540183E-05   2.19080732E+19   4.57991879E+05   1.19719914E+03   6.79512917E+06   0.31935969      
  42               4.92484201E-02   9.17975766E-01   273.94823970     9.50033363E-05   2.42710487E+19   4.53900377E+05   5.28866206E+03   6.75033338E+06   0.31808817      
  43               5.82643093E-02   1.06626625E+00   287.35557580     1.05201562E-04   2.68764481E+19   4.47129757E+05   1.20593232E+04   6.70342690E+06   0.31665944      
  44               6.89307339E-02   1.23805355E+00   301.16552525     1.16549477E-04   2.97755652E+19   4.37981159E+05   2.12078510E+04   6.65436721E+06   0.31422244      
  45               8.15498567E-02   1.43683923E+00   315.59120833     1.29080142E-04   3.29768462E+19   4.27076194E+05   3.21128877E+04   6.60311647E+06   0.31269586      
  46               9.64791575E-02   1.66649457E+00   330.49379007     1.42960729E-04   3.65229996E+19   4.14941509E+05   4.42476358E+04   6.54965530E+06   0.31063727      
  47               1.14141560E-01   1.93145829E+00   345.96711694     1.58280229E-04   4.04367600E+19   4.02904958E+05   5.62842070E+04   6.49395408E+06   0.30931097      
  48               1.35037411E-01   2.23711715E+00   362.00921135     1.75204503E-04   4.47605017E+19   3.92488325E+05   6.67010012E+04   6.43591092E+06   0.30764746      
  49               1.59758657E-01   2.58950831E+00   378.62415684     1.93903309E-04   4.95375849E+19   3.84830212E+05   7.43591738E+04   6.37545208E+06   0.3064221       
  50               1.89005613E-01   2.99505142E+00   395.86599672     2.14502478E-04   5.48001723E+19   3.80107897E+05   7.90814332E+04   6.31256981E+06   0.3051149       
  51               2.23606798E-01   3.46039918E+00   413.64246628     2.37179493E-04   6.05936231E+19   3.78288155E+05   8.09014178E+04   6.24732846E+06   0.30411122      
  52               2.64542408E-01   3.99292279E+00   432.04375605     2.62025448E-04   6.69405104E+19   3.79037760E+05   8.01515739E+04   6.17977771E+06   0.30317545      
  53               3.12972084E-01   4.60149108E+00   450.97239944     2.89287017E-04   7.39051089E+19   3.81048506E+05   7.81409437E+04   6.10987837E+06   0.30240911      
  54               3.70267763E-01   5.29527003E+00   470.54626081     3.19055401E-04   8.15101373E+19   3.81539564E+05   7.76496100E+04   6.03766400E+06   0.30179299      
  55               4.38052539E-01   6.08368257E+00   490.62294825     3.51560270E-04   8.98141010E+19   3.76827030E+05   8.23620616E+04   5.96322151E+06   0.30127906      
  56               5.18246648E-01   6.97654128E+00   511.30634577     3.86849692E-04   9.88290966E+19   3.65465898E+05   9.37232860E+04   5.88665974E+06   0.30090541      
  57               6.13121862E-01   7.98611167E+00   532.48277784     4.25218060E-04   1.08631469E+20   3.51451969E+05   1.07737235E+05   5.80794435E+06   0.30056163      
  58               7.25365844E-01   9.12894781E+00   554.34610705     4.66934342E-04   1.19279432E+20   3.37479871E+05   1.21709523E+05   5.72683727E+06   0.30031494      
  59               8.58158289E-01   1.04213422E+01   576.79105323     5.12296686E-04   1.30867251E+20   3.22128088E+05   1.37061378E+05   5.64327574E+06   0.30010003      
  60               1.01526100E+00   1.18787826E+01   599.92624970     5.61423346E-04   1.43416761E+20   3.05796685E+05   1.53393131E+05   5.55733783E+06   0.29993796      
  61               1.20112443E+00   1.35158999E+01   623.57394566     6.14572875E-04   1.56993924E+20   2.89624332E+05   1.69565766E+05   5.46920294E+06   0.29978119      
  62               1.42101382E+00   1.53478289E+01   647.82257320     6.71749317E-04   1.71599774E+20   2.75020760E+05   1.84169787E+05   5.37904202E+06   0.29964448      
  63               1.68115827E+00   1.74003718E+01   672.60962339     7.33519702E-04   1.87379161E+20   2.62429508E+05   1.96761490E+05   5.28657588E+06   0.2995173       
  64               1.98892727E+00   1.97006887E+01   698.12649938     8.00135578E-04   2.04396345E+20   2.51105180E+05   2.08086219E+05   5.19162478E+06   0.29938507      
  65               2.35303941E+00   2.22746336E+01   724.22378270     8.72075369E-04   2.22773550E+20   2.40333322E+05   2.18858766E+05   5.09418407E+06   0.29922981      
  66               2.78380943E+00   2.51472814E+01   751.02675309     9.49405607E-04   2.42527770E+20   2.29703925E+05   2.29488491E+05   4.99434984E+06   0.29901059      
  67               3.29344035E+00   2.83447120E+01   778.33706756     1.03257217E-03   2.63772901E+20   2.19503665E+05   2.39689773E+05   4.89222885E+06   0.29876668      
  68               3.89636920E+00   3.19037705E+01   806.36797406     1.12182408E-03   2.86572546E+20   2.10921001E+05   2.48272090E+05   4.78765753E+06   0.29849063      
  69               4.60967600E+00   3.58825965E+01   835.09659796     1.21832675E-03   3.11223933E+20   2.04974199E+05   2.54219069E+05   4.68003311E+06   0.29820312      
  70               5.45356761E+00   4.03347410E+01   864.77174496     1.32249716E-03   3.37834207E+20   2.02084246E+05   2.57107315E+05   4.56911815E+06   0.29783281      
  71               6.45195012E+00   4.53042621E+01   895.14597613     1.43503971E-03   3.66581916E+20   2.02367016E+05   2.56823052E+05   4.45504445E+06   0.29740223      
  72               7.63310614E+00   5.08232898E+01   926.30881002     1.55570784E-03   3.97404535E+20   2.05627206E+05   2.53561784E+05   4.33823793E+06   0.29684091      
  73               9.03049593E+00   5.69149717E+01   957.87116547     1.68476869E-03   4.30373244E+20   2.11141123E+05   2.48047891E+05   4.21924996E+06   0.29626093      
  74               1.06837053E+01   6.36103906E+01   989.99037534     1.82187203E-03   4.65396304E+20   2.18081138E+05   2.41133294E+05   4.09839939E+06   0.29557155      
  75               1.26395671E+01   7.09863735E+01   1022.50809439    1.96847210E-03   5.02844929E+20   2.25433237E+05   2.33763231E+05   3.97523182E+06   0.2948122       
  76               1.49534878E+01   7.91184995E+01   1055.75814058    2.12488600E-03   5.42799505E+20   2.31340622E+05   2.27852333E+05   3.84949231E+06   0.29394788      
  77               1.76910170E+01   8.80701372E+01   1089.42182249    2.29222364E-03   5.85542526E+20   2.34209807E+05   2.24980662E+05   3.72122783E+06   0.29297608      
  78               2.09297047E+01   9.78895958E+01   1123.70568717    2.47013678E-03   6.30971576E+20   2.35543781E+05   2.23647410E+05   3.59073104E+06   0.29191495      
  79               2.47612977E+01   1.08626962E+02   1158.22290719    2.65939068E-03   6.79315185E+20   2.39954380E+05   2.19234666E+05   3.45825229E+06   0.29088038      
  80               2.92943389E+01   1.20355320E+02   1193.30902250    2.85988582E-03   7.30530255E+20   2.46034830E+05   2.13154172E+05   3.32376792E+06   0.28963867      
  81               3.46572422E+01   1.33159405E+02   1228.58759829    3.07327763E-03   7.85039589E+20   2.51549420E+05   2.07684185E+05   3.18719224E+06   0.28838652      
  82               4.10019301E+01   1.47188591E+02   1264.62123178    3.30027093E-03   8.43023185E+20   2.56329693E+05   2.02891125E+05   3.04789041E+06   0.28710731      
  83               4.85081376E+01   1.62566960E+02   1301.02900885    3.54308147E-03   9.05047022E+20   2.59871330E+05   1.99336602E+05   2.90567555E+06   0.28567964      
  84               5.73885036E+01   1.79394825E+02   1338.16779523    3.80132579E-03   9.71013296E+20   2.62058818E+05   1.97147629E+05   2.76067456E+06   0.28435544      
  85               6.78945948E+01   1.97753992E+02   1375.57298193    4.07640352E-03   1.04127985E+21   2.62766797E+05   1.96437505E+05   2.61318986E+06   0.28284267      
  86               8.03240320E+01   2.17743557E+02   1413.53856434    4.36790130E-03   1.11574125E+21   2.62495668E+05   1.96713397E+05   2.46338412E+06   0.28137811      
  87               9.50289215E+01   2.39497140E+02   1451.73479731    4.67786515E-03   1.19492015E+21   2.61323354E+05   1.97865639E+05   2.31119953E+06   0.27979098      
  88               1.12425830E+02   2.63150970E+02   1490.46978974    5.00628928E-03   1.27881475E+21   2.59759587E+05   1.99429759E+05   2.15663145E+06   0.27827775      
  89               1.33007583E+02   2.88962548E+02   1529.60184820    5.35669030E-03   1.36832417E+21   2.57589623E+05   2.01601325E+05   1.99901248E+06   0.27669946      
  90               1.57357229E+02   3.17137346E+02   1569.45032167    5.72971653E-03   1.46361096E+21   2.54154919E+05   2.05039614E+05   1.83819016E+06   0.27516373      
  91               1.86164557E+02   3.47798069E+02   1609.62653896    6.12680380E-03   1.56504879E+21   2.48731621E+05   2.10471260E+05   1.67454655E+06   0.27357844      
  92               2.20245630E+02   3.80987154E+02   1650.21922303    6.54642036E-03   1.67222430E+21   2.40990999E+05   2.18225827E+05   1.50882563E+06   0.2720184       
  93               2.60565913E+02   4.16679010E+02   1690.71974141    6.98802662E-03   1.78507242E+21   2.30748702E+05   2.28501053E+05   1.34195106E+06   0.27039826      
  94               3.08267614E+02   4.54785089E+02   1731.14783931    7.45283728E-03   1.90282084E+21   2.18763458E+05   2.40528363E+05   1.17495020E+06   0.26882171      
  95               3.64702046E+02   4.95321545E+02   1771.15375868    7.93374673E-03   2.02561448E+21   2.04947593E+05   2.54440200E+05   1.00824618E+06   0.26719935      
  96               4.31467909E+02   5.37877867E+02   1810.53518894    8.42799179E-03   2.15180317E+21   1.90196284E+05   2.69303393E+05   8.43671343E+05   0.26558878      
  97               5.10456573E+02   5.82674757E+02   1849.22872359    8.93897066E-03   2.28224053E+21   1.77337276E+05   2.82361129E+05   6.80462655E+05   0.26415366      
  98               6.03905660E+02   6.30567810E+02   1888.19257975    9.47413030E-03   2.41886343E+21   1.66146294E+05   2.93697029E+05   5.15889276E+05   0.26264078      
  99               7.14462436E+02   6.82096500E+02   1927.34923132    1.00404100E-02   2.56336970E+21   1.55466975E+05   3.04728370E+05   3.48816764E+05   0.26124617      
  100              8.45258798E+02   7.37938343E+02   1967.37134229    1.06420033E-02   2.71681193E+21   1.46845767E+05   3.13522379E+05   1.77982981E+05   0.25971021      
  101              1.00000000E+03   7.99646684E+02   2008.60254979    1.12956953E-02   2.88356650E+21   1.42990651E+05   3.16206483E+05   0.00000000E+00   0.25826168      
