# ATMO pressure-temperature profile
# Effective temperature = 1600.0K
# log(g) = 4.5cm/s^2
# M/H = 0.0
# Optical depth grid in band 17 (1.20-1.33microns)
# All parameters in cgs units
#
# Model Level      Optical Depth    Pressure         Temperature      Density          Number Density   Rad Flux         Conv Flux        Radial Extension Adiabatic Gradient
#                                   [Ba]             [K]              [g/cm^3]         [/cm^3]          [ergs/s/cm^2/sr] [ergs/s/cm^2/sr] [cm]             [K/Ba]          
  1                5.00000000E-06   1.00000000E-05   501.86761973     5.64544103E-10   1.44323371E+14   3.71582391E+08   0.00000000E+00   2.30441843E+07   0.2979903       
  2                6.05313423E-06   1.25478984E-04   573.96246801     6.19404586E-09   1.58348275E+15   3.71582391E+08   0.00000000E+00   2.10913432E+07   0.29775385      
  3                7.32808679E-06   2.55279808E-04   605.67725843     1.19415951E-08   3.05281886E+15   3.71582391E+08   0.00000000E+00   2.06140787E+07   0.29775009      
  4                8.87157859E-06   4.06664897E-04   625.81323208     1.84110814E-08   4.70671372E+15   3.71582391E+08   0.00000000E+00   2.02912200E+07   0.29747532      
  5                1.07401712E-05   5.85053451E-04   643.58567869     2.57560350E-08   6.58438192E+15   3.71582391E+08   0.00000000E+00   2.00321673E+07   0.29732554      
  6                1.30023396E-05   7.96383990E-04   657.13097662     3.43367690E-08   8.77801705E+15   3.71582391E+08   0.00000000E+00   1.98074466E+07   0.29708531      
  7                1.57409813E-05   1.04744567E-03   671.17886618     4.42165154E-08   1.13036597E+16   3.71582391E+08   0.00000000E+00   1.96036913E+07   0.29696224      
  8                1.90564546E-05   1.34615841E-03   682.47769848     5.58853316E-08   1.42867533E+16   3.71582391E+08   0.00000000E+00   1.94136655E+07   0.29672721      
  9                2.30702555E-05   1.70191779E-03   694.94257862     6.93872718E-08   1.77384429E+16   3.71582391E+08   0.00000000E+00   1.92330032E+07   0.29661119      
  10               2.79294706E-05   2.12588031E-03   705.07525215     8.54264088E-08   2.18388204E+16   3.71582391E+08   0.00000000E+00   1.90588661E+07   0.29637253      
  11               3.38121669E-05   2.63136843E-03   716.54716458     1.04046115E-07   2.65988412E+16   3.71582391E+08   0.00000000E+00   1.88893144E+07   0.29625981      
  12               4.09339169E-05   3.23423079E-03   725.89653802     1.26236182E-07   3.22717207E+16   3.71582391E+08   0.00000000E+00   1.87229681E+07   0.29601265      
  13               4.95556987E-05   3.95331983E-03   736.87516043     1.52004323E-07   3.88592016E+16   3.71582391E+08   0.00000000E+00   1.85588098E+07   0.29589942      
  14               5.99934592E-05   4.81102548E-03   745.85047437     1.82756291E-07   4.67209566E+16   3.71582391E+08   0.00000000E+00   1.83960774E+07   0.29564217      
  15               7.26296922E-05   5.83396248E-03   756.58446958     2.18470646E-07   5.58511409E+16   3.71582391E+08   0.00000000E+00   1.82341888E+07   0.29552724      
  16               8.79274551E-05   7.05403390E-03   765.46079747     2.61095864E-07   6.67483337E+16   3.71582391E+08   0.00000000E+00   1.80726456E+07   0.2952563       
  17               1.06447338E-04   8.50958149E-03   776.24854364     3.10594192E-07   7.94023293E+16   3.71582391E+08   0.00000000E+00   1.79110127E+07   0.29513597      
  18               1.28868005E-04   1.02462104E-02   785.17099643     3.69728991E-07   9.45202500E+16   3.71582391E+08   0.00000000E+00   1.77489554E+07   0.29484726      
  19               1.56011066E-04   1.23181027E-02   796.11256561     4.38383647E-07   1.12071499E+17   3.71582391E+08   0.00000000E+00   1.75862139E+07   0.29471767      
  20               1.88871184E-04   1.47894418E-02   805.36235917     5.20288398E-07   1.33010613E+17   3.71582391E+08   0.00000000E+00   1.74225763E+07   0.29440704      
  21               2.28652526E-04   1.77361396E-02   816.79925256     6.15216394E-07   1.57278590E+17   3.71582391E+08   0.00000000E+00   1.72578740E+07   0.29426339      
  22               2.76812886E-04   2.12475512E-02   826.62358166     7.28256332E-07   1.86177388E+17   3.71582391E+08   0.00000000E+00   1.70919819E+07   0.29396669      
  23               3.35117111E-04   2.54285106E-02   838.87195019     8.58832569E-07   2.19558922E+17   3.71582391E+08   0.00000000E+00   1.69248037E+07   0.29383396      
  24               4.05701771E-04   3.04013915E-02   849.82614216     1.01355352E-06   2.59113007E+17   3.71582391E+08   0.00000000E+00   1.67562530E+07   0.29348128      
  25               4.91153455E-04   3.63094128E-02   863.24584657     1.19170217E-06   3.04656584E+17   3.71582391E+08   0.00000000E+00   1.65862585E+07   0.29329293      
  26               5.94603558E-04   4.33185591E-02   875.41571237     1.40198202E-06   3.58414446E+17   3.71582391E+08   0.00000000E+00   1.64147798E+07   0.29291561      
  27               7.19843029E-04   5.16189834E-02   890.30540531     1.64271283E-06   4.19948734E+17   3.71582391E+08   0.00000000E+00   1.62418186E+07   0.29269194      
  28               8.71461295E-04   6.14309596E-02   904.19943070     1.92490710E-06   4.92094952E+17   3.71582391E+08   0.00000000E+00   1.60673284E+07   0.29217866      
  29               1.05501444E-03   7.30065904E-02   921.00632028     2.24586858E-06   5.74149902E+17   3.71582391E+08   0.00000000E+00   1.58912738E+07   0.29180637      
  30               1.27722880E-03   8.66351245E-02   936.90829151     2.61984776E-06   6.69765482E+17   3.71582391E+08   0.00000000E+00   1.57136017E+07   0.29119807      
  31               1.54624747E-03   1.02656927E-01   956.01077129     3.04229691E-06   7.77770225E+17   3.71582391E+08   0.00000000E+00   1.55341397E+07   0.29084661      
  32               1.87192870E-03   1.21459554E-01   974.59520561     3.53082771E-06   9.02678818E+17   3.71582391E+08   0.00000000E+00   1.53527221E+07   0.29024144      
  33               2.26620714E-03   1.43479844E-01   996.64084619     4.07865693E-06   1.04274485E+18   3.71582391E+08   0.00000000E+00   1.51692262E+07   0.28978951      
  34               2.74353120E-03   1.69198135E-01   1018.34583433    4.70714364E-06   1.20344465E+18   3.71582391E+08   0.00000000E+00   1.49836147E+07   0.28899903      
  35               3.32139252E-03   1.99135607E-01   1043.79661297    5.40486965E-06   1.38184356E+18   3.71582391E+08   0.00000000E+00   1.47959236E+07   0.28842018      
  36               4.02096694E-03   2.33852184E-01   1069.24220734    6.19597628E-06   1.58413131E+18   3.71582392E+08   0.00000000E+00   1.46062139E+07   0.28758694      
  37               4.86789053E-03   2.73953844E-01   1098.61413790    7.06433973E-06   1.80616763E+18   3.71582392E+08   0.00000000E+00   1.44145361E+07   0.28697199      
  38               5.89319895E-03   3.20059586E-01   1128.12608583    8.03722057E-06   2.05493949E+18   3.71582392E+08   0.00000000E+00   1.42210426E+07   0.28600254      
  39               7.13446485E-03   3.72879592E-01   1161.71729569    9.09277742E-06   2.32484498E+18   3.71582392E+08   0.00000000E+00   1.40256548E+07   0.28516163      
  40               8.63717467E-03   4.33256831E-01   1195.70510125    1.02646656E-05   2.62450362E+18   3.71582392E+08   0.00000000E+00   1.38280249E+07   0.28390645      
  41               1.04563955E-02   5.02120505E-01   1233.85899175    1.15282320E-05   2.94759809E+18   3.71582392E+08   0.00000000E+00   1.36278376E+07   0.28281187      
  42               1.26587931E-02   5.80441716E-01   1272.29838950    1.29236865E-05   3.30442181E+18   3.71582393E+08   0.00000000E+00   1.34249269E+07   0.28127739      
  43               1.53250748E-02   6.69258231E-01   1314.47429111    1.44229903E-05   3.68780089E+18   3.71582393E+08   0.00000000E+00   1.32192086E+07   0.27994797      
  44               1.85529469E-02   7.69730361E-01   1356.37461514    1.60756528E-05   4.11040678E+18   3.71582393E+08   0.00000000E+00   1.30105511E+07   0.27842189      
  45               2.24606956E-02   8.83164251E-01   1401.12245528    1.78555314E-05   4.56553028E+18   3.71582393E+08   0.00000000E+00   1.27988257E+07   0.27722249      
  46               2.71915211E-02   1.01137522E+00   1444.79173002    1.98296742E-05   5.07029119E+18   3.71582393E+08   0.00000000E+00   1.25833576E+07   0.27554379      
  47               3.29187854E-02   1.15530230E+00   1491.11703353    2.19492212E-05   5.61189769E+18   3.71582393E+08   0.00000000E+00   1.23651950E+07   0.27400449      
  48               3.98523653E-02   1.31358255E+00   1536.77761027    2.42231083E-05   6.19116226E+18   3.71582298E+08   0.00000000E+00   1.21481102E+07   0.27206918      
  49               4.82463432E-02   1.48265961E+00   1588.03192683    2.64612368E-05   6.76251227E+18   3.70579155E+08   1.97838970E+06   1.19369221E+07   0.27038695      
  50               5.84083183E-02   1.65350569E+00   1635.44718420    2.86611469E-05   7.32310078E+18   3.67202458E+08   4.37560522E+06   1.17407395E+07   0.2683412       
  51               7.07106781E-02   1.81317031E+00   1676.14868455    3.06841435E-05   7.83523267E+18   3.62263986E+08   9.31950094E+06   1.15704738E+07   0.26649451      
  52               8.56042452E-02   1.94854630E+00   1708.59940154    3.23806405E-05   8.26030948E+18   3.57005358E+08   1.45697319E+07   1.14346520E+07   0.26492283      
  53               1.03634797E-01   2.09148423E+00   1740.77828515    3.41139658E-05   8.70235857E+18   3.51339422E+08   2.02289144E+07   1.12986520E+07   0.26352063      
  54               1.25463068E-01   2.22133791E+00   1768.63079932    3.56725030E-05   9.09710660E+18   3.46079322E+08   2.54952950E+07   1.11809345E+07   0.26216426      
  55               1.51888958E-01   2.33026918E+00   1790.82816914    3.69573797E-05   9.42492742E+18   3.41412689E+08   3.01633373E+07   1.10860630E+07   0.26088446      
  56               1.83880850E-01   2.45470551E+00   1815.33608077    3.84044598E-05   9.79418261E+18   3.36062870E+08   3.55285942E+07   1.09816136E+07   0.25971059      
  57               2.22611093E-01   2.59709620E+00   1841.97305187    4.00425369E-05   1.02124655E+19   3.29593455E+08   4.20843404E+07   1.08667903E+07   0.25883844      
  58               2.69498965E-01   2.71215388E+00   1862.81727387    4.13832489E-05   1.05455664E+19   3.23566413E+08   4.81228203E+07   1.07774002E+07   0.2581805       
  59               3.26262682E-01   2.80103118E+00   1878.28128656    4.23867621E-05   1.08014771E+19   3.18469091E+08   5.30951468E+07   1.07102939E+07   0.25738618      
  60               3.94982361E-01   2.90418757E+00   1895.91353076    4.35381243E-05   1.10951193E+19   3.12925760E+08   5.86383236E+07   1.06343581E+07   0.25649882      
  61               4.78176250E-01   3.02320323E+00   1915.42366100    4.48595254E-05   1.14321611E+19   3.06657967E+08   6.49060219E+07   1.05491968E+07   0.25547338      
  62               5.78893005E-01   3.15971098E+00   1937.20816226    4.63563338E-05   1.18139984E+19   2.99491231E+08   7.20727112E+07   1.04545348E+07   0.25434545      
  63               7.00823412E-01   3.31523465E+00   1960.88649634    4.80488101E-05   1.22458140E+19   2.91292087E+08   8.02716803E+07   1.03503269E+07   0.25303726      
  64               8.48435636E-01   3.49112219E+00   1986.73228237    4.99373329E-05   1.27277472E+19   2.82159922E+08   8.94035217E+07   1.02367783E+07   0.25157901      
  65               1.02713896E+00   3.68994896E+00   2014.44166537    5.20521359E-05   1.32675735E+19   2.72430829E+08   9.91326727E+07   1.01134555E+07   0.24987737      
  66               1.24348200E+00   3.91534075E+00   2044.49885018    5.44154591E-05   1.38710243E+19   2.62103126E+08   1.09460891E+08   9.97953157E+06   0.2480352       
  67               1.50539269E+00   4.16995893E+00   2076.49507631    5.70557892E-05   1.45454349E+19   2.50910736E+08   1.20653929E+08   9.83502779E+06   0.24594713      
  68               1.82246880E+00   4.45670014E+00   2110.68189408    5.99845132E-05   1.52938374E+19   2.38742098E+08   1.32823322E+08   9.68003135E+06   0.24366763      
  69               2.20632965E+00   4.77872971E+00   2146.61616828    6.32332366E-05   1.61244129E+19   2.25544055E+08   1.46022191E+08   9.51468115E+06   0.24113922      
  70               2.67104190E+00   5.13952905E+00   2184.51441597    6.68160820E-05   1.70409676E+19   2.11338106E+08   1.60229059E+08   9.33915005E+06   0.23844324      
  71               3.23363503E+00   5.54293443E+00   2223.92426551    7.07689044E-05   1.80528422E+19   1.96184826E+08   1.75383348E+08   9.15363387E+06   0.2354406       
  72               3.91472538E+00   5.99319704E+00   2265.01220250    7.51108085E-05   1.91652218E+19   1.80239019E+08   1.91330203E+08   8.95833683E+06   0.23214405      
  73               4.73927163E+00   6.49503115E+00   2307.30312085    7.98843505E-05   2.03893051E+19   1.63687998E+08   2.07882298E+08   8.75346573E+06   0.22860613      
  74               5.73748947E+00   7.05327376E+00   2350.95280105    8.51184177E-05   2.17306477E+19   1.46923400E+08   2.24648000E+08   8.53937589E+06   0.22491891      
  75               6.94595877E+00   7.67376358E+00   2395.51255361    9.08467746E-05   2.32025546E+19   1.30637746E+08   2.40934761E+08   8.31623888E+06   0.22102833      
  76               8.40896415E+00   8.36337180E+00   2441.18936317    9.71120110E-05   2.48145141E+19   1.15338419E+08   2.56235144E+08   8.08406405E+06   0.21708396      
  77               1.01801177E+01   9.12924266E+00   2487.57257822    1.03971690E-04   2.65818272E+19   1.01132927E+08   2.70441627E+08   7.84303695E+06   0.21304212      
  78               1.23243238E+01   9.97951261E+00   2534.84330764    1.11466094E-04   2.85157010E+19   8.82275533E+07   2.83347904E+08   7.59327127E+06   0.20892404      
  79               1.49201573E+01   1.09230166E+01   2582.59218371    1.19664458E-04   3.06346272E+19   7.68143574E+07   2.94761913E+08   7.33492927E+06   0.20475432      
  80               1.80627429E+01   1.19695028E+01   2631.01315542    1.28613503E-04   3.29517838E+19   6.68894233E+07   3.04687565E+08   7.06817377E+06   0.20065341      
  81               2.18672415E+01   1.31296403E+01   2679.74242320    1.38391865E-04   3.54883345E+19   5.82467727E+07   3.13330843E+08   6.79318368E+06   0.19653257      
  82               2.64730696E+01   1.44150857E+01   2728.94054139    1.49056202E-04   3.82603550E+19   5.07499727E+07   3.20828192E+08   6.51015539E+06   0.19245478      
  83               3.20490087E+01   1.58385810E+01   2778.26523586    1.60696686E-04   4.12922365E+19   4.42596169E+07   3.27319029E+08   6.21929515E+06   0.18854007      
  84               3.87993903E+01   1.74139529E+01   2827.95127672    1.73374310E-04   4.46016867E+19   3.86525079E+07   3.32926553E+08   5.92082947E+06   0.18486697      
  85               4.69715834E+01   1.91560263E+01   2877.68993846    1.87187492E-04   4.82155656E+19   3.37382936E+07   3.37841125E+08   5.61502558E+06   0.18134693      
  86               5.68650599E+01   2.10807078E+01   2927.68019918    2.02204632E-04   5.21539724E+19   2.94297505E+07   3.42149975E+08   5.30217820E+06   0.17799054      
  87               6.88423680E+01   2.32050388E+01   2977.61445881    2.18534942E-04   5.64468452E+19   2.56403464E+07   3.45939640E+08   4.98260238E+06   0.17487914      
  88               8.33424188E+01   2.55472393E+01   3027.75450471    2.36247520E-04   6.11151887E+19   2.22969365E+07   3.49283277E+08   4.65662468E+06   0.17189305      
  89               1.00896570E+02   2.81255379E+01   3077.70083345    2.55460157E-04   6.61912031E+19   1.93295104E+07   3.52250915E+08   4.32473337E+06   0.1690715       
  90               1.22148096E+02   3.09583929E+01   3127.72521569    2.76227583E-04   7.16928188E+19   1.67430011E+07   3.54837608E+08   3.98749482E+06   0.16646653      
  91               1.47875764E+02   3.40655909E+01   3177.46190681    2.98672010E-04   7.76535676E+19   1.44999814E+07   3.57080779E+08   3.64540039E+06   0.16412498      
  92               1.79022369E+02   3.74685996E+01   3227.26079779    3.22850244E-04   8.40928823E+19   1.25523293E+07   3.59028575E+08   3.29884462E+06   0.1619216       
  93               2.16729286E+02   4.11909968E+01   3276.70903421    3.48915423E-04   9.10521620E+19   1.08497992E+07   3.60731321E+08   2.94811715E+06   0.15991144      
  94               2.62378292E+02   4.52587375E+01   3326.23933132    3.76932161E-04   9.85541191E+19   9.37294395E+06   3.62208579E+08   2.59341052E+06   0.15810172      
  95               3.17642204E+02   4.97004186E+01   3375.46266781    4.07082884E-04   1.06647966E+20   8.08359421E+06   3.63498681E+08   2.23483399E+06   0.15649005      
  96               3.84546179E+02   5.45476394E+01   3424.85053820    4.39445277E-04   1.15361310E+20   6.96668918E+06   3.64616945E+08   1.87241871E+06   0.15500825      
  97               4.65541927E+02   5.98354578E+01   3473.98234649    4.74245448E-04   1.24754681E+20   6.00032450E+06   3.65585605E+08   1.50612467E+06   0.1536885       
  98               5.63597555E+02   6.56024236E+01   3523.38101021    5.11573414E-04   1.34860919E+20   5.17999006E+06   3.66409581E+08   1.13587121E+06   0.15251629      
  99               6.82306330E+02   7.18908425E+01   3572.61453898    5.51696872E-04   1.45751573E+20   4.47803697E+06   3.67116985E+08   7.61550074E+05   0.15147647      
  100              8.26018359E+02   7.87477423E+01   3622.22248899    5.94724914E-04   1.57466737E+20   3.87814862E+06   3.67724691E+08   3.82997112E+05   0.15051684      
  101              1.00000000E+03   8.62255008E+01   3671.73993053    6.40987724E-04   1.70094258E+20   3.58996298E+06   3.68018709E+08   0.00000000E+00   0.14966653      
