# ATMO pressure-temperature profile
# Effective temperature = 550.0K
# log(g) = 3.0cm/s^2
# M/H = 0.0
# Optical depth grid in band 17 (1.20-1.33microns)
# All parameters in cgs units
#
# Model Level      Optical Depth    Pressure         Temperature      Density          Number Density   Rad Flux         Conv Flux        Radial Extension Adiabatic Gradient
#                                   [Ba]             [K]              [g/cm^3]         [/cm^3]          [ergs/s/cm^2/sr] [ergs/s/cm^2/sr] [cm]             [K/Ba]          
  1                1.00000000E-04   1.00000000E-05   95.62192351      2.96297724E-09   7.57475105E+14   5.18817833E+06   0.00000000E+00   3.12554838E+08   0.34581852      
  2                1.17489755E-04   8.97572495E-05   127.66048477     1.99204266E-08   5.09259203E+15   5.18817833E+06   0.00000000E+00   3.02173419E+08   0.33275552      
  3                1.38038426E-04   1.73978199E-04   147.64520537     3.33852406E-08   8.53495670E+15   5.18817833E+06   0.00000000E+00   2.98907590E+08   0.32946161      
  4                1.62181010E-04   2.67407420E-04   162.42715396     4.66411857E-08   1.19245132E+16   5.18817833E+06   0.00000000E+00   2.96539922E+08   0.32663893      
  5                1.90546072E-04   3.73146310E-04   173.31522674     6.09574903E-08   1.55943857E+16   5.18817833E+06   0.00000000E+00   2.94556860E+08   0.32601972      
  6                2.23872114E-04   4.93846107E-04   183.58456538     7.62156468E-08   1.94841430E+16   5.18817833E+06   0.00000000E+00   2.92786054E+08   0.32406918      
  7                2.63026799E-04   6.32281625E-04   191.79669990     9.34024160E-08   2.38778528E+16   5.18817833E+06   0.00000000E+00   2.91145289E+08   0.32428626      
  8                3.09029543E-04   7.91441277E-04   200.68255621     1.11737194E-07   2.85650450E+16   5.18817833E+06   0.00000000E+00   2.89587333E+08   0.32326906      
  9                3.63078055E-04   9.74760092E-04   207.99308706     1.32781489E-07   3.39449114E+16   5.18817833E+06   0.00000000E+00   2.88082323E+08   0.32329757      
  10               4.26579519E-04   1.18617693E-03   216.12739191     1.55499274E-07   3.97525966E+16   5.18817833E+06   0.00000000E+00   2.86611005E+08   0.32211834      
  11               5.01187234E-04   1.43012824E-03   223.01171494     1.81692090E-07   4.64486554E+16   5.18817833E+06   0.00000000E+00   2.85159659E+08   0.32210374      
  12               5.88843655E-04   1.71173717E-03   230.79119833     2.10138952E-07   5.37209494E+16   5.18817833E+06   0.00000000E+00   2.83718456E+08   0.32077345      
  13               6.91830971E-04   2.03694475E-03   237.25792720     2.43246863E-07   6.21848165E+16   5.18817833E+06   0.00000000E+00   2.82280043E+08   0.32073856      
  14               8.12830516E-04   2.41277851E-03   244.55447934     2.79531384E-07   7.14607671E+16   5.18817833E+06   0.00000000E+00   2.80838734E+08   0.31947037      
  15               9.54992586E-04   2.84727550E-03   250.79604092     3.21660375E-07   8.22308262E+16   5.18817833E+06   0.00000000E+00   2.79389720E+08   0.31883784      
  16               1.12201845E-03   3.34972304E-03   258.03029323     3.67812904E-07   9.40294820E+16   5.18817833E+06   0.00000000E+00   2.77928961E+08   0.31711192      
  17               1.31825674E-03   3.93081844E-03   264.27572285     4.21419360E-07   1.07733695E+17   5.18817833E+06   0.00000000E+00   2.76452994E+08   0.31598923      
  18               1.54881662E-03   4.60293920E-03   271.55443583     4.80249713E-07   1.22773370E+17   5.18817833E+06   0.00000000E+00   2.74958974E+08   0.3143784       
  19               1.81970086E-03   5.38026130E-03   277.95819461     5.48419228E-07   1.40200553E+17   5.18817833E+06   0.00000000E+00   2.73444328E+08   0.31352739      
  20               2.13796209E-03   6.27912793E-03   285.48557115     6.23166309E-07   1.59309255E+17   5.18817833E+06   0.00000000E+00   2.71906751E+08   0.31213429      
  21               2.51188643E-03   7.31852675E-03   292.09114629     7.09894939E-07   1.81480978E+17   5.18817833E+06   0.00000000E+00   2.70344023E+08   0.31142395      
  22               2.95120923E-03   8.52054933E-03   299.74027070     8.05399434E-07   2.05896204E+17   5.18817833E+06   0.00000000E+00   2.68754342E+08   0.31017215      
  23               3.46736850E-03   9.91053740E-03   306.54041434     9.16005960E-07   2.34172183E+17   5.18817833E+06   0.00000000E+00   2.67136053E+08   0.30954216      
  24               4.07380278E-03   1.15175697E-02   314.51290401     1.03755524E-06   2.65245619E+17   5.18817833E+06   0.00000000E+00   2.65487625E+08   0.30841094      
  25               4.78630092E-03   1.33748793E-02   321.78228434     1.17765100E-06   3.01060362E+17   5.18817833E+06   0.00000000E+00   2.63807389E+08   0.30785361      
  26               5.62341325E-03   1.55207457E-02   330.29734288     1.33136269E-06   3.40355946E+17   5.18817833E+06   0.00000000E+00   2.62093644E+08   0.30683455      
  27               6.60693448E-03   1.79987697E-02   338.19722389     1.50786234E-06   3.85477133E+17   5.18817833E+06   0.00000000E+00   2.60344698E+08   0.30634233      
  28               7.76247117E-03   2.08588484E-02   347.40041567     1.70117469E-06   4.34896421E+17   5.18817833E+06   0.00000000E+00   2.58558939E+08   0.30543984      
  29               9.12010839E-03   2.41583304E-02   356.06448043     1.92232757E-06   4.91432759E+17   5.18817833E+06   0.00000000E+00   2.56734382E+08   0.30501865      
  30               1.07151931E-02   2.79633586E-02   366.09125833     2.16415875E-06   5.53255594E+17   5.18817833E+06   0.00000000E+00   2.54868863E+08   0.30423255      
  31               1.25892541E-02   3.23492099E-02   375.64302253     2.43993076E-06   6.23755218E+17   5.18817833E+06   0.00000000E+00   2.52960238E+08   0.30387051      
  32               1.47910839E-02   3.74008633E-02   386.72351105     2.74012319E-06   7.00497985E+17   5.18817833E+06   0.00000000E+00   2.51006529E+08   0.30319729      
  33               1.73780083E-02   4.32126555E-02   397.63656341     3.07905100E-06   7.87137283E+17   5.18817833E+06   0.00000000E+00   2.49005665E+08   0.30288939      
  34               2.04173794E-02   4.98890001E-02   410.38200799     3.44436109E-06   8.80526290E+17   5.18817833E+06   0.00000000E+00   2.46955561E+08   0.30232301      
  35               2.39883292E-02   5.75455898E-02   423.17044383     3.85290971E-06   9.84968991E+17   5.18817833E+06   0.00000000E+00   2.44853784E+08   0.30199591      
  36               2.81838293E-02   6.63157817E-02   437.86060086     4.29114242E-06   1.09700060E+18   5.18817833E+06   0.00000000E+00   2.42696893E+08   0.30161036      
  37               3.31131121E-02   7.63464612E-02   452.94587910     4.77565886E-06   1.22086723E+18   5.18817833E+06   0.00000000E+00   2.40481109E+08   0.30140174      
  38               3.89045145E-02   8.77908696E-02   470.71266137     5.28471254E-06   1.35088790E+18   5.18817833E+06   0.00000000E+00   2.38202992E+08   0.30098349      
  39               4.57088190E-02   1.00797202E-01   490.36796758     5.82442866E-06   1.48885438E+18   5.17681248E+06   1.13658498E+04   2.35858669E+08   0.30077183      
  40               5.37031796E-02   1.15540282E-01   511.25015524     6.40362257E-06   1.63691381E+18   5.14317967E+06   4.49986586E+04   2.33444605E+08   0.30048102      
  41               6.30957344E-02   1.32237820E-01   532.04896148     7.04252946E-06   1.80023798E+18   5.08847896E+06   9.96993685E+04   2.30958181E+08   0.30036876      
  42               7.41310241E-02   1.51147113E-01   554.21382910     7.72762361E-06   1.97536947E+18   5.00961974E+06   1.78558596E+05   2.28394948E+08   0.30018         
  43               8.70963590E-02   1.72543876E-01   576.28433519     8.48369975E-06   2.16864554E+18   4.90451040E+06   2.83667930E+05   2.25752342E+08   0.30005283      
  44               1.02329299E-01   1.96721364E-01   599.81930183     9.29293454E-06   2.37551036E+18   4.77143931E+06   4.16739017E+05   2.23029377E+08   0.29984249      
  45               1.20226443E-01   2.23996421E-01   623.19389532     1.01844858E-05   2.60341695E+18   4.61565621E+06   5.72522118E+05   2.20225754E+08   0.2997094       
  46               1.41253754E-01   2.54743169E-01   648.13441397     1.11367437E-05   2.84684161E+18   4.44482126E+06   7.43357074E+05   2.17338729E+08   0.29957031      
  47               1.65958691E-01   2.89415996E-01   672.91762069     1.21865590E-05   3.11520384E+18   4.26961388E+06   9.18564451E+05   2.14362477E+08   0.29948077      
  48               1.94984460E-01   3.28487233E-01   699.41460940     1.33077348E-05   3.40180672E+18   4.09709007E+06   1.09108826E+06   2.11294412E+08   0.29928821      
  49               2.29086765E-01   3.72442979E-01   725.68357769     1.45422985E-05   3.71739180E+18   3.93616795E+06   1.25201038E+06   2.08134703E+08   0.29911368      
  50               2.69153480E-01   4.21782391E-01   753.72272383     1.58562306E-05   4.05324331E+18   3.79611646E+06   1.39206187E+06   2.04885491E+08   0.29882901      
  51               3.16227766E-01   4.77083537E-01   781.41877558     1.72996188E-05   4.42218012E+18   3.68723505E+06   1.50094328E+06   2.01546490E+08   0.29856524      
  52               3.71535229E-01   5.39119990E-01   811.03525493     1.88352600E-05   4.81472561E+18   3.61279825E+06   1.57538008E+06   1.98109780E+08   0.29804736      
  53               4.36515832E-01   6.08691874E-01   840.27221311     2.05259587E-05   5.24690670E+18   3.57115209E+06   1.61702624E+06   1.94571467E+08   0.29766875      
  54               5.12861384E-01   6.86593107E-01   871.56705448     2.23215722E-05   5.70590417E+18   3.55755849E+06   1.63061985E+06   1.90932063E+08   0.29702542      
  55               6.02559586E-01   7.73607006E-01   902.29526155     2.42939755E-05   6.21008518E+18   3.57141736E+06   1.61676098E+06   1.87195459E+08   0.29649882      
  56               7.07945784E-01   8.70504503E-01   935.11016900     2.63777341E-05   6.74270379E+18   3.61267402E+06   1.57550431E+06   1.83367697E+08   0.29555721      
  57               8.31763771E-01   9.78338582E-01   967.13589499     2.86643798E-05   7.32702238E+18   3.68779299E+06   1.50038534E+06   1.79446061E+08   0.29470783      
  58               9.77237221E-01   1.09837200E+00   1001.43549000    3.10788568E-05   7.94423925E+18   3.79321115E+06   1.39496718E+06   1.75424465E+08   0.29371769      
  59               1.14815362E+00   1.23191792E+00   1034.87378137    3.37310357E-05   8.62224242E+18   3.92540727E+06   1.26277106E+06   1.71299851E+08   0.29253094      
  60               1.34896288E+00   1.38032389E+00   1070.66117695    3.65307928E-05   9.33801974E+18   4.07959628E+06   1.10858205E+06   1.67072122E+08   0.29158863      
  61               1.58489319E+00   1.54497829E+00   1105.51091250    3.95988917E-05   1.01224395E+19   4.25249299E+06   9.35685340E+05   1.62742975E+08   0.29004636      
  62               1.86208714E+00   1.72736194E+00   1142.62513565    4.28346078E-05   1.09497805E+19   4.44493071E+06   7.43247622E+05   1.58314572E+08   0.28909713      
  63               2.18776162E+00   1.92948803E+00   1178.87297309    4.63747794E-05   1.18549825E+19   4.65015736E+06   5.38020969E+05   1.53779500E+08   0.28714164      
  64               2.57039578E+00   2.15378509E+00   1217.35628439    5.01283299E-05   1.28147608E+19   4.86363421E+06   3.24544124E+05   1.49127484E+08   0.28582316      
  65               3.01995172E+00   2.40301265E+00   1255.19194870    5.42424633E-05   1.38666563E+19   5.06661499E+06   1.21563343E+05   1.44347958E+08   0.28354621      
  66               3.54813389E+00   2.68094887E+00   1295.32609942    5.86407556E-05   1.49911605E+19   5.18817834E+06   0.00000000E+00   1.39419899E+08   0.2824998       
  67               4.16869383E+00   2.99399694E+00   1333.20083343    6.36267725E-05   1.62660317E+19   5.18817834E+06   0.00000000E+00   1.34294923E+08   0.28044846      
  68               4.89778819E+00   3.35262863E+00   1371.12931634    6.92750356E-05   1.77105836E+19   5.18817834E+06   0.00000000E+00   1.28893083E+08   0.27952992      
  69               5.75439937E+00   3.77011915E+00   1408.98075968    7.58052632E-05   1.93809853E+19   5.18817834E+06   0.00000000E+00   1.23131909E+08   0.27761654      
  70               6.76082975E+00   4.25964763E+00   1448.29401862    8.33201773E-05   2.13030986E+19   5.18817834E+06   0.00000000E+00   1.16972266E+08   0.27665973      
  71               7.94328235E+00   4.83037668E+00   1488.61977588    9.19224073E-05   2.35029867E+19   5.18817835E+06   0.00000000E+00   1.10450774E+08   0.27460291      
  72               9.33254301E+00   5.48594054E+00   1531.29061555    1.01489182E-04   2.59489217E+19   5.18817835E+06   0.00000000E+00   1.03663465E+08   0.27345573      
  73               1.09647820E+01   6.22258422E+00   1575.62716937    1.11886261E-04   2.86050797E+19   5.18817836E+06   0.00000000E+00   9.67504714E+07   0.27128832      
  74               1.28824955E+01   7.02010660E+00   1622.57352358    1.22619623E-04   3.13375588E+19   5.18817836E+06   0.00000000E+00   8.99412715E+07   0.26999558      
  75               1.51356125E+01   7.85463244E+00   1671.22782138    1.33207763E-04   3.40420770E+19   5.00837191E+06   1.79806617E+05   8.34114957E+07   0.26780703      
  76               1.77827941E+01   8.69838675E+00   1718.44615794    1.43498737E-04   3.66630527E+19   4.42715231E+06   7.61038237E+05   7.73085855E+07   0.26637944      
  77               2.08929613E+01   9.49825411E+00   1757.99175142    1.53237557E-04   3.91338694E+19   3.75350034E+06   1.43475802E+06   7.19144322E+07   0.26426565      
  78               2.45470892E+01   1.02123841E+01   1792.88447469    1.61739991E-04   4.12572876E+19   3.12713160E+06   2.06104675E+06   6.73779312E+07   0.26366245      
  79               2.88403150E+01   1.08300233E+01   1819.87649456    1.68975945E-04   4.31035773E+19   2.76643781E+06   2.42174053E+06   6.36418708E+07   0.26171889      
  80               3.38844156E+01   1.15136984E+01   1850.05550676    1.76707630E-04   4.50770960E+19   2.50987860E+06   2.67856654E+06   5.96853827E+07   0.26112669      
  81               3.98107171E+01   1.20806695E+01   1872.55902114    1.83228851E-04   4.67284447E+19   2.13100245E+06   3.05744525E+06   5.65343449E+07   0.25950637      
  82               4.67735141E+01   1.25139324E+01   1890.48620617    1.87997112E-04   4.79453099E+19   1.91519416E+06   3.27342111E+06   5.41999240E+07   0.2594654       
  83               5.49540874E+01   1.29991013E+01   1908.50096576    1.93439873E-04   4.93340517E+19   1.82850011E+06   3.35967819E+06   5.16557636E+07   0.25783874      
  84               6.45654229E+01   1.35433593E+01   1929.41596319    1.99350834E-04   5.08424385E+19   1.76128337E+06   3.42689489E+06   4.88842124E+07   0.25745734      
  85               7.58577575E+01   1.41513264E+01   1950.69099487    2.06016125E-04   5.25453764E+19   1.56106852E+06   3.62710967E+06   4.58842172E+07   0.25602024      
  86               8.91250938E+01   1.45807546E+01   1966.22091896    2.10778860E-04   5.37122727E+19   1.27115766E+06   3.91702050E+06   4.38231903E+07   0.25585389      
  87               1.04712855E+02   1.48713566E+01   1975.61839752    2.13953556E-04   5.45221991E+19   1.12930734E+06   4.05887074E+06   4.24547518E+07   0.25448655      
  88               1.23026877E+02   1.52022933E+01   1987.22009251    2.17435094E-04   5.54101056E+19   1.10624485E+06   4.08460248E+06   4.09204157E+07   0.25457657      
  89               1.44543977E+02   1.55802835E+01   1999.17983264    2.21505145E-04   5.64481006E+19   1.06117156E+06   4.13087029E+06   3.91980561E+07   0.25298612      
  90               1.69824365E+02   1.60103081E+01   2013.42671577    2.26004530E-04   5.75956523E+19   1.02892129E+06   4.16319605E+06   3.72761025E+07   0.2529545       
  91               1.99526231E+02   1.64976229E+01   2028.32167025    2.31168762E-04   5.89128972E+19   9.85141548E+05   4.20739942E+06   3.51441057E+07   0.25139881      
  92               2.34422882E+02   1.70503692E+01   2045.53845472    2.36897206E-04   6.03742818E+19   9.50245217E+05   4.24240096E+06   3.27820975E+07   0.24976956      
  93               2.75422870E+02   1.76754415E+01   2063.56056770    2.43430405E-04   6.20410145E+19   9.08899042E+05   4.28424706E+06   3.01791641E+07   0.2482006       
  94               3.23593657E+02   1.83801406E+01   2084.02436325    2.50641457E-04   6.38810250E+19   8.74060995E+05   4.31927559E+06   2.73262415E+07   0.24758288      
  95               3.80189396E+02   1.91721255E+01   2105.50834972    2.58763660E-04   6.59536954E+19   8.30341379E+05   4.36368745E+06   2.42163946E+07   0.24572019      
  96               4.46683592E+02   2.00596113E+01   2129.28488125    2.67706065E-04   6.82361605E+19   7.91688156E+05   4.40269835E+06   2.08444461E+07   0.24488247      
  97               5.24807460E+02   2.10512072E+01   2154.27394225    2.77665538E-04   7.07785918E+19   7.45907421E+05   4.44947768E+06   1.72074321E+07   0.24254652      
  98               6.16595002E+02   2.21562509E+01   2181.25027371    2.88608145E-04   7.35726865E+19   7.00532334E+05   4.49552020E+06   1.33038390E+07   0.23991669      
  99               7.24435960E+02   2.33847831E+01   2209.30019439    3.00721380E-04   7.66662912E+19   6.53649535E+05   4.54390414E+06   9.13369980E+06   0.23704611      
  100              8.51138038E+02   2.47476608E+01   2239.19944308    3.13970685E-04   8.00510839E+19   6.07585987E+05   4.59112580E+06   4.69832068E+06   0.2338176       
  101              1.00000000E+03   2.62566972E+01   2269.95590432    3.28568794E-04   8.37815740E+19   5.79843780E+05   4.61633551E+06   0.00000000E+00   0.23047594      
