# ATMO pressure-temperature profile
# Effective temperature = 1000.0K
# log(g) = 4.5cm/s^2
# M/H = 0.0
# Optical depth grid in band 17 (1.20-1.33microns)
# All parameters in cgs units
#
# Model Level      Optical Depth    Pressure         Temperature      Density          Number Density   Rad Flux         Conv Flux        Radial Extension Adiabatic Gradient
#                                   [Ba]             [K]              [g/cm^3]         [/cm^3]          [ergs/s/cm^2/sr] [ergs/s/cm^2/sr] [cm]             [K/Ba]          
  1                5.00000000E-05   1.00000000E-05   328.30521485     8.63003745E-10   2.20621615E+14   5.66989413E+07   0.00000000E+00   1.78903211E+07   0.30025751      
  2                5.91534807E-05   6.21849052E-04   377.92733846     4.66197712E-08   1.19179760E+16   5.66989413E+07   0.00000000E+00   1.48399485E+07   0.30054804      
  3                6.99826855E-05   1.29915820E-03   400.33280569     9.19462460E-08   2.35053487E+16   5.66989413E+07   0.00000000E+00   1.45128076E+07   0.30012211      
  4                8.27943887E-05   2.07521371E-03   413.83045044     1.42080197E-07   3.63217048E+16   5.66989413E+07   0.00000000E+00   1.42980943E+07   0.30001004      
  5                9.79515255E-05   2.97193025E-03   426.93622239     1.97228012E-07   5.04198384E+16   5.66989413E+07   0.00000000E+00   1.41286979E+07   0.29983859      
  6                1.15883473E-04   4.01211493E-03   436.47309064     2.60440774E-07   6.65796842E+16   5.66989413E+07   0.00000000E+00   1.39835630E+07   0.299794        
  7                1.37098216E-04   5.22134468E-03   447.44945978     3.30622099E-07   8.45209198E+16   5.66989412E+07   0.00000000E+00   1.38532498E+07   0.29968551      
  8                1.62196734E-04   6.62800511E-03   456.12010772     4.11717798E-07   1.05251782E+17   5.66989412E+07   0.00000000E+00   1.37326841E+07   0.2996612       
  9                1.91890027E-04   8.26627854E-03   465.75041650     5.02865308E-07   1.28553120E+17   5.66989410E+07   0.00000000E+00   1.36188268E+07   0.29957634      
  10               2.27019260E-04   1.01772063E-02   472.73456895     6.10001575E-07   1.55932649E+17   5.66989409E+07   0.00000000E+00   1.35097190E+07   0.2995588       
  11               2.68579588E-04   1.24070258E-02   481.77454953     7.29698540E-07   1.86530422E+17   5.66989410E+07   0.00000000E+00   1.34040293E+07   0.29949353      
  12               3.17748350E-04   1.50088285E-02   488.61270421     8.70365645E-07   2.22488660E+17   5.66989412E+07   0.00000000E+00   1.33007884E+07   0.29947997      
  13               3.75918418E-04   1.80441466E-02   497.73173476     1.02721326E-06   2.62583151E+17   5.66989414E+07   0.00000000E+00   1.31992751E+07   0.29941789      
  14               4.44737657E-04   2.15836928E-02   504.78870396     1.21153444E-06   3.09700540E+17   5.66989415E+07   0.00000000E+00   1.30989408E+07   0.29940396      
  15               5.26155608E-04   2.57091181E-02   514.28076748     1.41646690E-06   3.62086836E+17   5.66989415E+07   0.00000000E+00   1.29993549E+07   0.2994144       
  16               6.22478712E-04   3.05159377E-02   521.83278476     1.65697101E-06   4.23566104E+17   5.66989417E+07   0.00000000E+00   1.29001354E+07   0.29938419      
  17               7.36435649E-04   3.61147218E-02   531.93076098     1.92374987E-06   4.91762047E+17   5.66989418E+07   0.00000000E+00   1.28009696E+07   0.29925479      
  18               8.71254639E-04   4.26321375E-02   540.15382207     2.23634645E-06   5.71670122E+17   5.66989419E+07   0.00000000E+00   1.27016050E+07   0.29919998      
  19               1.03075489E-03   5.02134313E-02   551.04222585     2.58198862E-06   6.60025720E+17   5.66989419E+07   0.00000000E+00   1.26018358E+07   0.29914521      
  20               1.21945479E-03   5.90250092E-02   560.21796638     2.98537097E-06   7.63141147E+17   5.66989416E+07   0.00000000E+00   1.25014719E+07   0.29916019      
  21               1.44269991E-03   6.92572110E-02   572.18469006     3.42963500E-06   8.76707264E+17   5.66989412E+07   0.00000000E+00   1.24003499E+07   0.29910425      
  22               1.70681442E-03   8.11246932E-02   582.52664037     3.94599346E-06   1.00870254E+18   5.66989409E+07   0.00000000E+00   1.22983366E+07   0.29907876      
  23               2.01928028E-03   9.48702674E-02   595.74135556     4.51223102E-06   1.15344852E+18   5.66989400E+07   0.00000000E+00   1.21953243E+07   0.2989739       
  24               2.38894914E-03   1.10767140E-01   607.42715789     5.16696619E-06   1.32081678E+18   5.66989389E+07   0.00000000E+00   1.20912130E+07   0.29891853      
  25               2.82629313E-03   1.29127104E-01   622.09786706     5.88135559E-06   1.50343459E+18   5.66989378E+07   0.00000000E+00   1.19858919E+07   0.29878359      
  26               3.34370152E-03   1.50304477E-01   635.32939890     6.70334583E-06   1.71355798E+18   5.66989381E+07   0.00000000E+00   1.18792353E+07   0.29870876      
  27               3.95583167E-03   1.74709146E-01   651.69025972     7.59613980E-06   1.94178101E+18   5.66989394E+07   0.00000000E+00   1.17710843E+07   0.2985507       
  28               4.68002425E-03   2.02794089E-01   666.77364937     8.61777840E-06   2.20294017E+18   5.66989412E+07   0.00000000E+00   1.16613154E+07   0.29846146      
  29               5.53679448E-03   2.35068246E-01   685.16615926     9.72112427E-06   2.48498575E+18   5.66989425E+07   0.00000000E+00   1.15498092E+07   0.29827161      
  30               6.55041330E-03   2.72092803E-01   702.50692587     1.09745024E-05   2.80538380E+18   5.66989446E+07   0.00000000E+00   1.14364546E+07   0.2981212       
  31               7.74959494E-03   3.14478138E-01   723.28323563     1.23197230E-05   3.14925553E+18   5.66989457E+07   0.00000000E+00   1.13211828E+07   0.29782122      
  32               9.16831029E-03   3.62868708E-01   743.24919335     1.38335690E-05   3.53623332E+18   5.66989486E+07   0.00000000E+00   1.12039651E+07   0.29761374      
  33               1.08467493E-02   4.17947331E-01   766.82479901     1.54435298E-05   3.94776458E+18   5.66989497E+07   0.00000000E+00   1.10848017E+07   0.29729064      
  34               1.28324595E-02   4.80546402E-01   789.85220674     1.72390506E-05   4.40671876E+18   5.66989536E+07   0.00000000E+00   1.09634799E+07   0.2970472       
  35               1.51816929E-02   5.51631207E-01   816.56274281     1.91418100E-05   4.89311143E+18   5.66989567E+07   0.00000000E+00   1.08397347E+07   0.29660198      
  36               1.79609996E-02   6.32195523E-01   842.84565650     2.12533314E-05   5.43286861E+18   5.66989620E+07   0.00000000E+00   1.07134247E+07   0.29621565      
  37               2.12491128E-02   7.23258822E-01   872.77589265     2.34808954E-05   6.00228810E+18   5.66989656E+07   0.00000000E+00   1.05845188E+07   0.2956039       
  38               2.51391797E-02   8.25822578E-01   902.25912739     2.59345947E-05   6.62950813E+18   5.66989690E+07   0.00000000E+00   1.04530881E+07   0.29508667      
  39               2.97413996E-02   9.40935051E-01   935.08930178     2.85122935E-05   7.28840334E+18   5.66989714E+07   0.00000000E+00   1.03192232E+07   0.29432399      
  40               3.51861462E-02   1.06994753E+00   967.13804717     3.13476198E-05   8.01308686E+18   5.66989681E+07   0.00000000E+00   1.01827605E+07   0.29367005      
  41               4.16276604E-02   1.21448074E+00   1002.06899250    3.43423338E-05   8.77847035E+18   5.66989637E+07   0.00000000E+00   1.00434606E+07   0.29273282      
  42               4.92484201E-02   1.37626700E+00   1035.77414938    3.76505805E-05   9.62417406E+18   5.66989563E+07   0.00000000E+00   9.90118150E+06   0.29191613      
  43               5.82643093E-02   1.55719094E+00   1071.91938713    4.11632297E-05   1.05221765E+19   5.66989488E+07   0.00000000E+00   9.75585140E+06   0.29079054      
  44               6.89307339E-02   1.75927643E+00   1106.45167057    4.50532294E-05   1.15166846E+19   5.66989320E+07   0.00000000E+00   9.60745700E+06   0.28979028      
  45               8.15498567E-02   1.98499037E+00   1143.07867337    4.92038773E-05   1.25778995E+19   5.66989187E+07   0.00000000E+00   9.45585816E+06   0.28844247      
  46               9.64791575E-02   2.23743606E+00   1177.87728566    5.38220980E-05   1.37586691E+19   5.66989031E+07   0.00000000E+00   9.30073090E+06   0.28722062      
  47               1.14141560E-01   2.52017209E+00   1214.77449773    5.87811149E-05   1.50265877E+19   5.66988952E+07   0.00000000E+00   9.14177303E+06   0.28564776      
  48               1.35037411E-01   2.83723914E+00   1249.86214211    6.43182562E-05   1.64421902E+19   5.66988832E+07   0.00000000E+00   8.97870636E+06   0.28428368      
  49               1.59758657E-01   3.19375797E+00   1287.18130478    7.03013265E-05   1.79716568E+19   5.66988753E+07   0.00000000E+00   8.81104470E+06   0.28265258      
  50               1.89005613E-01   3.59725674E+00   1322.74411852    7.70548527E-05   1.96979684E+19   5.66988713E+07   0.00000000E+00   8.63767991E+06   0.28131051      
  51               2.23606798E-01   4.06029115E+00   1360.66294579    8.45488129E-05   2.16138662E+19   5.66988796E+07   0.00000000E+00   8.45627010E+06   0.27971257      
  52               2.64542408E-01   4.59983262E+00   1396.82705149    9.33013656E-05   2.38520237E+19   5.66988787E+07   0.00000000E+00   8.26416931E+06   0.27839297      
  53               3.12972084E-01   5.23507266E+00   1435.46925690    1.03323719E-04   2.64152459E+19   5.66988760E+07   0.00000000E+00   8.05957360E+06   0.27677241      
  54               3.70267763E-01   5.97947377E+00   1472.38541371    1.15053592E-04   2.94148947E+19   5.66988528E+07   0.00000000E+00   7.84367056E+06   0.27537012      
  55               4.38052539E-01   6.84148965E+00   1511.90715510    1.28196355E-04   3.27756559E+19   5.66988581E+07   0.00000000E+00   7.61921532E+06   0.27365239      
  56               5.18246648E-01   7.82294842E+00   1549.74712927    1.43020236E-04   3.65624648E+19   5.66988398E+07   0.00000000E+00   7.38999940E+06   0.27223725      
  57               6.13121862E-01   8.92747290E+00   1590.45398255    1.59032754E-04   4.06568074E+19   5.66988392E+07   0.00000000E+00   7.15840103E+06   0.2705473       
  58               7.25365844E-01   1.01413880E+01   1629.71652914    1.76371207E-04   4.50724503E+19   5.66988366E+07   0.00000000E+00   6.92918032E+06   0.26918411      
  59               8.58158289E-01   1.14469688E+01   1672.30577406    1.94010486E-04   4.95793295E+19   5.66988225E+07   0.00000000E+00   6.70598780E+06   0.26751648      
  60               1.01526100E+00   1.28211623E+01   1714.31809512    2.11991272E-04   5.41703733E+19   5.66781662E+07   0.00000000E+00   6.49170888E+06   0.26604322      
  61               1.20112443E+00   1.42005001E+01   1761.21258318    2.28619668E-04   5.84006527E+19   5.52569578E+07   1.43619813E+06   6.29357133E+06   0.26419355      
  62               1.42101382E+00   1.54979231E+01   1802.38194042    2.43947782E-04   6.22805608E+19   5.09560891E+07   5.73265822E+06   6.11983470E+06   0.26258162      
  63               1.68115827E+00   1.66583635E+01   1836.60784483    2.57557027E-04   6.56964253E+19   4.60584354E+07   1.06315878E+07   5.97342886E+06   0.26121486      
  64               1.98892727E+00   1.76877610E+01   1865.69499297    2.69204417E-04   6.86685783E+19   4.18788069E+07   1.48135676E+07   5.84980406E+06   0.25996266      
  65               2.35303941E+00   1.88287333E+01   1896.02390221    2.81976472E-04   7.19288533E+19   3.76732045E+07   1.90341773E+07   5.71884733E+06   0.25883873      
  66               2.78380943E+00   1.97471567E+01   1919.64811381    2.92180616E-04   7.45090087E+19   3.32516985E+07   2.35037708E+07   5.61765875E+06   0.25780677      
  67               3.29344035E+00   2.04336440E+01   1936.43334435    2.99713518E-04   7.64309240E+19   3.00591990E+07   2.67406329E+07   5.54429970E+06   0.25686335      
  68               3.89636920E+00   2.12125031E+01   1955.27137092    3.08135346E-04   7.85797635E+19   2.79096568E+07   2.89024476E+07   5.46325304E+06   0.25595333      
  69               4.60967600E+00   2.20922758E+01   1975.50546747    3.17622693E-04   8.10005671E+19   2.60644982E+07   3.07610083E+07   5.37432391E+06   0.25511001      
  70               5.45356761E+00   2.30818290E+01   1997.85656092    3.28130366E-04   8.36819428E+19   2.42241299E+07   3.26083930E+07   5.27739344E+06   0.25450593      
  71               6.45195012E+00   2.41881138E+01   2021.60482142    3.39797854E-04   8.66625727E+19   2.15498156E+07   3.52631627E+07   5.17262424E+06   0.254088        
  72               7.63310614E+00   2.50086130E+01   2038.97426843    3.48624632E-04   8.88390080E+19   1.85194995E+07   3.82246214E+07   5.09723019E+06   0.25362539      
  73               9.03049593E+00   2.56031804E+01   2050.96828602    3.54821227E-04   9.04192315E+19   1.66617007E+07   4.00292084E+07   5.04377161E+06   0.25312485      
  74               1.06837053E+01   2.62852433E+01   2064.83367192    3.61821279E-04   9.22046381E+19   1.57319240E+07   4.09655979E+07   4.98357492E+06   0.25253593      
  75               1.26395671E+01   2.70653067E+01   2079.93636835    3.69847039E-04   9.42516026E+19   1.50021954E+07   4.16862691E+07   4.91614201E+06   0.25188919      
  76               1.49534878E+01   2.79542810E+01   2097.10349028    3.78858748E-04   9.65504503E+19   1.43806449E+07   4.22928367E+07   4.84104207E+06   0.25113406      
  77               1.76910170E+01   2.89660965E+01   2115.69445093    3.89111341E-04   9.91660160E+19   1.37856201E+07   4.28841023E+07   4.75770738E+06   0.25030535      
  78               2.09297047E+01   3.01138453E+01   2136.53215824    4.00570601E-04   1.02089863E+20   1.32044116E+07   4.34614622E+07   4.66577457E+06   0.24936976      
  79               2.47612977E+01   3.14114449E+01   2158.88990061    4.13487908E-04   1.05386082E+20   1.25952443E+07   4.40667307E+07   4.56494916E+06   0.24836274      
  80               2.92943389E+01   3.28736897E+01   2183.57393457    4.27824351E-04   1.09045159E+20   1.19861496E+07   4.46719425E+07   4.45500904E+06   0.247225        
  81               3.46572422E+01   3.45163301E+01   2209.79171446    4.43848219E-04   1.13135555E+20   1.13488944E+07   4.53053936E+07   4.33580449E+06   0.2459866       
  82               4.10019301E+01   3.63561967E+01   2238.33545514    4.61515066E-04   1.17646527E+20   1.07156048E+07   4.59350423E+07   4.20725315E+06   0.24458013      
  83               4.85081376E+01   3.84113584E+01   2268.34297085    4.81116665E-04   1.22652608E+20   1.00637895E+07   4.65834165E+07   4.06933280E+06   0.24307484      
  84               5.73885036E+01   4.07013265E+01   2300.61239443    5.02601546E-04   1.28141838E+20   9.41324173E+06   4.72308164E+07   3.92207003E+06   0.24142314      
  85               6.78945948E+01   4.32466372E+01   2334.21330178    5.26342441E-04   1.34195404E+20   8.74589011E+06   4.78953627E+07   3.76557202E+06   0.23968077      
  86               8.03240320E+01   4.60705659E+01   2369.96628937    5.52183438E-04   1.40801479E+20   8.11056398E+06   4.85283163E+07   3.59992685E+06   0.23778         
  87               9.50289215E+01   4.91991560E+01   2406.89850730    5.80549397E-04   1.48055899E+20   7.49007717E+06   4.91468569E+07   3.42518842E+06   0.23580714      
  88               1.12425830E+02   5.26606783E+01   2445.87415109    6.11389006E-04   1.55947415E+20   6.89616351E+06   4.97392928E+07   3.24145423E+06   0.23369503      
  89               1.33007583E+02   5.64865429E+01   2485.86081551    6.45132739E-04   1.64586431E+20   6.31304065E+06   5.03213345E+07   3.04881371E+06   0.23150732      
  90               1.57357229E+02   6.07119764E+01   2527.77692392    6.81738352E-04   1.73964833E+20   5.76815820E+06   5.08655269E+07   2.84733020E+06   0.22915792      
  91               1.86164557E+02   6.53781350E+01   2570.54820694    7.21734049E-04   1.84218234E+20   5.25950496E+06   5.13739111E+07   2.63696987E+06   0.22675424      
  92               2.20245630E+02   7.05318156E+01   2615.18932964    7.65107832E-04   1.95347459E+20   4.79581122E+06   5.18377617E+07   2.41765418E+06   0.22421771      
  93               2.60565913E+02   7.62265149E+01   2660.57432871    8.12504952E-04   2.07518351E+20   4.36144331E+06   5.22726321E+07   2.18925278E+06   0.22164625      
  94               3.08267614E+02   8.25235847E+01   2707.80950893    8.63948445E-04   2.20742428E+20   3.96268196E+06   5.26721856E+07   1.95157738E+06   0.21893367      
  95               3.64702046E+02   8.94935709E+01   2755.70163448    9.20240689E-04   2.35226086E+20   3.58865145E+06   5.30472370E+07   1.70438211E+06   0.21622547      
  96               4.31467909E+02   9.72177656E+01   2805.47608866    9.81449684E-04   2.50994904E+20   3.24671290E+06   5.33903691E+07   1.44735926E+06   0.21347577      
  97               5.10456573E+02   1.05790004E+02   2855.89357692    1.04856902E-03   2.68304806E+20   2.92742849E+06   5.37109480E+07   1.18014159E+06   0.21079876      
  98               6.03905660E+02   1.15318950E+02   2908.29573765    1.12173402E-03   2.87202324E+20   2.63685419E+06   5.40028891E+07   9.02294812E+05   0.20807913      
  99               7.14462436E+02   1.25930768E+02   2961.35958430    1.20220026E-03   3.08011227E+20   2.37158420E+06   5.42694927E+07   6.13319563E+05   0.20542593      
  100              8.45258798E+02   1.37770671E+02   3016.54047056    1.29019147E-03   3.30806061E+20   2.13858880E+06   5.45040655E+07   3.12686056E+05   0.20272692      
  101              1.00000000E+03   1.50998995E+02   3072.37878159    1.38722965E-03   3.55979624E+20   2.01361374E+06   5.46280471E+07   0.00000000E+00   0.2000518       
